-78.7849660511,46.9271705133,7.21682500744e-13
-78.9949482382,45.9793419391,3.21095865961e-12
-76.9733875452,42.6915741282,8.61814871274e-12
-78.0432525699,41.4854379089,1.70530256582e-12
-78.1004027862,44.294483591,4.2513718864e-12
-77.3420475524,44.7297177653,4.30607615649e-12
-78.7571248585,45.0478074051,3.21831105153e-12
-78.3573911716,45.8481344146,3.8369307731e-12
-77.2955004893,41.7536114269,0.0
-78.2294785386,42.3910868905,0.0
-78.2720940852,40.9697394345,0.0
-77.8667117676,42.6238782501,6.42558728743e-12
-78.9211420693,45.0437478545,8.52651282912e-13
-78.8543881012,45.5260706182,4.26325641456e-13
-78.8953889,46.3490731138,1.03605479289e-12
-78.504859582,44.1879276255,3.8369307731e-12
-77.6589141842,40.4221880517,8.52651282912e-13
-78.0074674822,43.574881812,1.42033962441e-12
-77.9138816672,37.7716239929,7.97502288163e-13
-78.7475372883,45.1630488798,2.62765410876e-12
-78.9306952916,46.2555182101,9.12587242071e-12
-77.8473364834,44.0746736821,8.52651282912e-13
-77.8899881619,43.8234117505,5.60829650138e-12
-77.7583143338,38.7965783404,6.64535420898e-13
-77.7732626077,41.353102198,2.13162820728e-12
-79.0457911703,46.5990129875,1.03452515976e-12
-77.884069885,41.7586558135,8.55020287333e-12
-77.9263071981,44.9870776636,3.2187898924e-12
-78.907347072,42.9422178542,5.26601303407e-12
-78.7105278751,45.9720481092,4.42493578251e-12
-77.5147080758,45.5221360825,3.04348587503e-12
-77.9859008183,39.9259864862,8.52651282912e-13
-76.8434265635,42.13881617,4.26325641456e-13
-78.873154793,46.032900883,1.03798742318e-12
-77.63956997,41.8758821791,6.34877831062e-13
-77.3428250119,39.8002006473,0.0
-77.847857213,41.5790239574,2.13162820728e-12
-78.2702239876,41.1348044259,0.0
-78.8232470983,46.0310136217,0.0
-78.1447244189,45.017914709,2.62800450559e-12
-77.9416503279,41.6944003991,5.4608364723e-12
-77.4458096472,45.0670235727,4.43012210749e-12
-77.1732352142,39.9518079012,2.64014383389e-12
-77.2337368794,38.8408050675,8.52651282912e-13
-78.6389494641,42.0654734544,1.70530256582e-12
-77.9885690613,37.4336321169,1.70530256582e-12
-77.6411261698,43.2756020102,1.02506302586e-11
-77.7300514397,44.7502200628,5.15161994324e-12
-76.8397290469,41.1208532333,3.89032341462e-12
-77.3107432147,39.7272619827,1.27897692437e-12
-78.3021134778,46.9059804318,1.70530256582e-12
-78.9078223801,43.706890028,1.30437406468e-12
-77.9905151358,40.6844141749,1.27897692437e-12
-78.7806974544,47.8645653703,7.13423664113e-13
-77.2043384996,39.1962454118,1.07873130848e-12
-79.8406517216,49.1484311104,2.20338174481e-12
-77.2175930239,42.8663144098,1.27897692437e-12
-77.5113109333,41.7568660111,1.70530256582e-12
-78.1618631349,41.9757750434,2.12492243847e-12
-77.6572326297,38.0443678107,0.0
-76.5276236843,43.0671171715,5.11590769747e-12
-78.6229545666,47.3511827906,1.40338479771e-12
-77.7269331196,44.7808685591,2.21588050339e-12
-77.0396654056,40.5420035289,2.55795384874e-12
-78.0265622696,42.9381883095,1.42317546266e-12
-78.4040774884,45.3727149752,2.62714785045e-12
-78.8369287767,43.9004050096,2.98427949019e-12
-78.5720490739,45.6280740152,4.0179834159e-12
-78.9928141164,46.1488765117,0.0
-78.3593320793,42.1520418534,2.22338111292e-12
-79.8683696125,49.60634627,8.52651282912e-13
-77.3448909681,40.2259650859,1.27897692437e-12
-77.7615369585,37.2243065374,1.08994425847e-12
-78.4940242114,42.4029258221,3.04997373678e-12
-77.484829422,41.7582667113,3.88929181384e-12
-78.5185007021,43.8158382126,2.2186408504e-12
-78.4643347234,44.6940145944,1.27897692437e-12
-77.8394367944,44.9074372209,2.13162820728e-12
-78.6716173108,44.4064375772,0.0
-78.0257346008,38.0345412433,3.89526120551e-12
-78.4552913702,41.5772620979,1.06482321184e-12
-78.3484856372,45.1292338487,5.99879684534e-12
-78.4259584558,46.7116581362,1.03383526817e-12
-78.6949767668,46.8209162682,1.40577359694e-12
-77.4643774667,40.316097184,6.0038630926e-12
-77.2926931193,43.9336420504,8.52651282912e-13
-79.0195874006,46.9991579537,5.00356142848e-12
-77.4894050403,43.4507010727,1.70530256582e-12
-78.8364937214,47.7896465782,3.19665249557e-12
-77.4807535693,44.4179419307,1.29047370949e-12
-77.2891672148,40.4006424581,0.0
-77.6881933785,40.4966159311,7.75994914871e-13
-77.7348467783,41.4401648309,7.68319275759e-13
-77.6944578205,39.9055592813,5.58069526337e-12
-79.6665512779,47.5596141767,1.02863312185e-12
-78.9846815975,45.7285631003,1.03984504926e-12
-77.6949304096,42.8066898348,0.0
-77.4980179589,43.4490327172,2.98427949019e-12
-77.3106440598,39.5874368987,1.70530256582e-12
-78.1399626845,45.8396864852,3.04282403358e-12
-77.7349755828,39.8007453233,0.0
-77.988846861,39.0532410248,2.23209819774e-12
-78.857445746,45.1744897899,1.47383392115e-12
-77.9584577687,36.7102231288,8.05596728947e-13
-78.3681851264,45.654578641,0.0
-77.9041080836,40.5609167399,2.63869976798e-12
-78.6038861898,46.4904300735,4.30348221036e-12
-77.5549189638,38.2881536802,3.8948598291e-12
-77.3432524365,40.4047397355,4.73431574193e-12
-77.0286926947,39.3252428747,5.96855898038e-12
-79.4167224297,47.4874794042,7.16754627224e-13
-77.8405990631,42.4111172158,1.27897692437e-12
-78.4901992194,44.7496862024,7.4056518748e-13
-77.3463414581,40.5431539513,4.26325641456e-13
-77.0197181178,41.7232969381,5.57865075932e-12
-77.5800709211,41.7498379159,3.8369307731e-12
-78.937655259,45.0911835052,3.8369307731e-12
-78.3252684945,43.520429406,1.42058251999e-12
-78.343538667,43.228846893,2.55795384874e-12
-78.9757585959,46.9186666343,3.45997212479e-12
-77.9946944933,39.1815384361,2.23174116496e-12
-78.6761974137,43.8631977101,2.83810495951e-12
-77.7130977098,38.5357970952,6.8212102633e-12
-77.1636625641,43.4181393685,6.00060539523e-12
-77.7119374343,39.251481497,6.4288809035e-12
-77.5439434631,43.1010087833,0.0
-77.69607974,41.7650621645,0.0
-78.4651084345,45.1775632663,1.47378099977e-12
-78.4074177204,45.9076456734,4.01621789466e-12
-78.1881217104,36.1028480195,8.10153482074e-13
-77.6322924586,43.1905773859,1.27897692437e-12
-77.4057855287,39.3508574364,5.58131477655e-12
-77.4881005752,39.1443570323,2.98427949019e-12
-78.588075635,41.302427169,4.31110773867e-12
-77.3591559684,43.0518746103,1.42266980993e-12
-78.6918279809,41.4127190271,5.96855898038e-12
-78.9547903126,45.1264750243,6.92650840153e-12
-78.904640291,45.0851433884,7.3768576817e-13
-78.058517723,40.3325852882,3.0542418657e-12
-78.7966242953,43.4879541214,1.27897692437e-12
-79.3245309099,46.811679614,3.60476975148e-12
-78.9406532933,44.8146274625,3.04496031465e-12
-77.6801472296,40.1429279998,0.0
-77.9537913128,36.5637035691,3.47868371622e-12
-77.8941543629,42.64077668,1.81699361967e-12
-77.144062984,43.8240568432,3.46563869683e-12
-76.7762025836,42.8562759611,6.93481372734e-12
-78.0687237702,44.743871691,1.28404892232e-12
-78.2076995669,43.2469447207,0.0
-78.2761883936,45.9036592739,7.30613587902e-13
-78.9644874276,48.105763827,1.27897692437e-12
-78.7659326006,46.2931532439,4.26325641456e-13
-79.1429651595,46.7937610185,1.24289935674e-12
-78.0985319005,42.5736710125,1.05890117784e-12
-78.8233580391,45.3760756392,0.0
-77.8710765707,38.0800349906,3.8369307731e-12
-77.5467419968,39.9957646025,0.0
-79.4443312115,47.5765917239,5.3990950663e-12
-78.2530914098,38.6459748055,1.83071828197e-12
-79.0718705303,46.3496004007,7.2673392171e-13
-78.3740749084,41.7586463046,8.52651282912e-13
-77.6842899181,45.0026764261,1.75774700999e-12
-78.8495895571,42.3089361964,1.06047982911e-12
-78.5426879446,44.3859703271,6.65103221728e-12
-77.9994403362,46.3895235606,4.61392447265e-12
-77.502389968,40.0290885036,1.07390881305e-12
-77.5100209116,44.922200733,3.41060513165e-12
-79.7270041047,48.499796228,4.26325641456e-13
-77.2723721575,42.1803322013,1.06124537876e-12
-77.4096890759,44.2606585127,4.19504779304e-12
-79.3421058776,46.6415087935,7.24184569222e-13
-79.1724400124,48.315060107,3.19250236073e-12
-78.3352976991,45.3067102534,2.6273072316e-12
-77.9161930751,38.8519894088,9.82794738519e-12
-78.5235570489,42.1819121622,1.70530256582e-12
-77.3942837331,43.1609196693,1.70530256582e-12
-78.1348724268,42.9252961983,8.52651282912e-13
-77.5899616788,42.6753042109,4.26325641456e-13
-77.9127092603,36.7591509297,1.27897692437e-12
-78.7482880442,45.1062871767,1.70530256582e-12
-77.6677939392,41.9758698528,7.6391229102e-13
-77.8331182552,40.8007864833,7.36160135409e-12
-77.9249098913,40.2821478527,4.3125927211e-12
-77.2991263717,41.4790016198,1.06540421142e-12
-78.7818146732,44.1540108029,1.04940665899e-12
-78.8253026837,46.8578923752,3.04070276303e-12
-78.8365621711,45.6140797293,8.12211476447e-12
-78.7674553431,44.9860693719,8.52651282912e-13
-78.2832130609,40.7279616211,1.36081125404e-12
-78.6365610454,42.5951039662,7.58775365118e-13
-79.0106500097,43.90052185,4.68958205602e-12
-78.5885511593,45.7792702152,6.22946861666e-12
-77.8525517733,38.2948390578,3.8369307731e-12
-78.479507287,44.0796037666,1.27897692437e-12
-76.8254380871,42.8281912534,2.63328050862e-12
-77.8859267165,42.429469852,1.42543405665e-12
-78.283859596,38.4432303675,5.15931116483e-12
-77.2658080836,43.0057180965,3.88726503561e-12
-78.2588785665,44.1994365391,1.04913210621e-12
-77.2939682643,41.3802058199,5.54223333893e-12
-77.627379365,39.3022737187,2.23140482321e-12
-77.6175683749,43.0923445427,6.22651638467e-13
-78.5904490452,46.0108619881,2.98427949019e-12
-78.1303961251,44.7789600346,6.23862986309e-12
-78.210060757,46.4946168482,4.01251056821e-12
-77.9858128761,40.1971831279,2.55795384874e-12
-77.7172544977,38.3202840638,2.23413015161e-12
-78.7984786252,47.9875480312,8.52651282912e-13
-77.5078571039,38.5722827504,2.13162820728e-12
-77.5332882116,39.4994726959,4.73550989427e-12
-76.9035378186,40.4911920437,5.58003879121e-12
-77.9910561037,37.7447593495,4.26325641456e-13
-78.5470483809,45.4815107534,2.82360023815e-12
-77.3305874656,40.5558241947,1.43368559646e-12
-77.9761446342,41.7018397574,1.34268801207e-12
-77.2593677017,43.4210564678,3.62854719678e-12
-77.9387492533,41.3235639212,6.39488462184e-12
-77.3054250726,44.1935080998,1.81157279793e-12
-77.3352076848,41.591351332,2.22497091445e-12
-77.2435669689,39.3292117519,0.0
-78.7623873563,43.4943130509,2.63167846641e-12
-77.1049378697,41.2804082328,1.06657674089e-12
-77.8194072034,42.6336833894,2.22201203559e-12
-77.6777581568,40.8652564752,2.98427949019e-12
-77.6956279497,43.5158623126,1.42060288944e-12
-76.9971737328,43.5414005223,4.26325641456e-13
-78.3991748164,45.6781527544,1.27897692437e-12
-77.840297892,43.874660722,1.7739539138e-12
-77.5489654507,40.6369195619,0.0
-77.4960685998,43.2414700797,3.88688107255e-12
-77.5804028788,38.5937886928,4.73669697909e-12
-78.4451685532,45.2953132713,5.25466950252e-12
-77.3999536282,40.0670466078,2.63987108698e-12
-77.4031807621,41.3604507773,2.63679584903e-12
-77.5408735838,41.9024301748,3.63911627927e-12
-77.9328253578,42.3585976656,3.8369307731e-12
-78.1760342536,42.1051867266,3.63770980217e-12
-79.025627689,46.4227679894,3.8816876583e-12
-77.8224501578,42.2283892248,4.30975357946e-12
-78.7501837256,47.1003888908,0.0
-76.8432085233,41.1246219416,6.85138238502e-12
-77.2031090623,39.200858396,1.70530256582e-12
-78.3802740375,44.3975273747,3.46458923327e-12
-77.4153444888,38.2342597223,0.0
-77.7906905655,43.2066106365,2.55795384874e-12
-78.0542060004,43.950361091,1.27897692437e-12
-76.8643339872,41.2445845716,1.27897692437e-12
-79.3262691375,47.8375005181,1.026925364e-12
-77.2826961836,40.1555814058,6.51678127435e-13
-77.8345212674,46.0483869835,3.41060513165e-12
-77.5128300481,40.119090385,6.52028185354e-13
-78.3181398487,44.862262183,1.4145800783e-12
-77.9611958425,44.0405110655,3.41060513165e-12
-77.7304533131,42.2848432587,1.70530256582e-12
-78.5788169833,46.1290049452,3.60956614876e-12
-77.6505233351,38.3915380026,2.13162820728e-12
-77.2090924338,42.8502913174,1.81626417682e-12
-79.1755662958,46.4211180108,1.40757387107e-12
-77.4828464808,43.6402502603,5.57647779444e-12
-77.8159827592,41.8163387159,4.31035683873e-12
-78.2622117699,42.7491852334,6.00131103616e-12
-77.4365606764,38.5986859149,1.08216081434e-12
-77.8971000766,42.5480063786,9.46293016519e-12
-77.205688245,43.3286601818,0.0
-78.090110668,42.6667708286,1.81690315788e-12
-78.5200628759,41.5176923598,4.04380716009e-12
-78.7718306655,46.743952465,2.21025585275e-12
-78.8358884066,44.1753557565,3.22518242463e-12
-78.0244438237,43.5749283686,2.13162820728e-12
-78.1252017022,42.9540256632,3.41060513165e-12
-78.0232578782,41.6857716214,3.88940929613e-12
-78.3574854525,44.7286795787,6.05763800472e-13
-79.5995382548,47.7802809992,7.14169171002e-13
-76.8847454354,41.4778922059,0.0
-79.2179270506,45.9588939986,4.83710125417e-12
-77.9581257693,40.5826510441,5.15672838613e-12
-79.7390777106,49.341874077,5.55539959156e-13
-77.6598771802,43.2629346483,1.81482552958e-12
-79.2950866866,47.2021253622,2.13162820728e-12
-76.9545243439,43.1793286944,6.21766576343e-13
-77.3922566433,40.3191585525,6.50105687565e-13
-78.3499481651,45.9484344481,3.46174842822e-12
-77.251584693,40.5759914348,1.70530256582e-12
-78.2819589604,40.5552016315,7.67386154621e-12
-79.2741591898,45.9666737863,2.81923782853e-12
-77.2352270821,43.3127321891,0.0
-77.6812742315,45.4846253123,7.34242222532e-13
-77.5255723721,40.1268030062,1.27897692437e-12
-78.8453642396,46.5706590295,2.98427949019e-12
-78.7721141683,44.2007666443,3.46494941654e-12
-77.7716426525,42.8522741252,0.0
-77.9392321054,45.054294717,1.04395037307e-12
-77.3132783177,40.9927746767,3.41060513165e-12
-77.7467352573,39.8368195047,0.0
-79.8168460033,49.3867145133,1.39421814579e-12
-78.8442197271,45.8917054106,3.88255483226e-12
-79.2003728454,48.6422429925,3.03699521297e-12
-78.0874760145,39.5917259589,1.27897692437e-12
-78.3128053026,45.0208929498,1.20539122091e-12
-77.4229849641,41.7629055042,3.88928429515e-12
-77.1365555011,39.7188393589,3.89257980031e-12
-78.5670593244,44.3881215843,6.09169749353e-12
-77.4313769594,42.7635921013,2.98427949019e-12
-78.9314754672,46.5533418991,3.04133700952e-12
-78.6401308418,43.2088379853,3.8369307731e-12
-77.6304012203,41.9875037706,0.0
-78.4456561766,41.9156450304,2.22405195333e-12
-78.6677552362,44.8614548895,1.70530256582e-12
-78.3820422789,44.7116476616,3.41060513165e-12
-78.4263025058,41.5890488859,0.0
-77.7531047918,37.8414547971,1.83342709344e-12
-77.3022813446,43.7765599256,1.41943944431e-12
-78.2793957273,44.6901784948,2.21614013616e-12
-76.9612964191,41.1113385012,3.8369307731e-12
-77.3475384404,42.6855164686,1.70530256582e-12
-79.2252793632,47.9711271083,1.21870920002e-12
-77.7129052808,39.5471470357,1.83436711995e-12
-77.5335934202,42.50032721,2.63406768953e-12
-79.0507660288,46.7433604601,2.06728210817e-12
-77.9067729355,42.7549395314,4.26325641456e-13
-77.8526511986,37.7646249419,4.26325641456e-12
-78.0202901031,46.2217474397,8.52651282912e-13
-78.1450119263,43.4449923232,7.51652937552e-13
-76.8549971256,41.4394219181,1.42980847807e-12
-77.7043471359,39.0286531036,0.0
-77.2891044254,41.8185095932,0.0
-78.6682266857,44.8141233575,4.63337306975e-12
-78.7170614111,44.3886712152,6.8212102633e-12
-77.9788273567,38.148891818,1.83239459625e-12
-78.2719069593,43.1294699652,2.22059987933e-12
-77.7470941997,42.8368779154,1.05732806979e-12
-77.1784661465,42.9442624928,2.55795384874e-12
-77.4159304499,41.4279075336,7.68419700711e-13
-77.8678284163,40.146729093,3.41060513165e-12
-77.1484638198,41.962355482,2.22391946169e-12
-79.0319837298,44.53347161,5.25834742759e-12
-77.8535815614,41.1259362262,6.42272999057e-13
-77.1531953697,39.9463369964,6.53681814305e-13
-77.7212159724,42.0208374681,5.68518375291e-12
-77.3243640748,41.0682965554,0.0
-78.4105570734,40.4264158843,2.63901914478e-12
-77.9816775799,39.3717185949,8.52651282912e-13
-78.0435281802,43.1117655412,2.13162820728e-12
-77.6204603453,45.8461877284,4.42565718538e-12
-78.2688263019,38.9979991083,1.27897692437e-12
-77.2709118776,42.7470403861,2.13162820728e-12
-79.2025706863,46.4512339231,2.43397639967e-12
-77.6422944579,40.46169338,1.43409697971e-12
-77.2858736345,40.6880556258,0.0
-78.4489583657,44.9894242038,2.55795384874e-12
-78.7093095815,46.9594438286,0.0
-77.8944713486,39.2166222673,1.38828257271e-12
-76.7698275969,41.3637811267,5.15577677062e-12
-77.0142460238,41.68588533,1.27897692437e-12
-77.9232302256,44.6978885774,0.0
-77.8311534174,41.506387518,3.41060513165e-12
-77.8074824937,45.4407762024,4.26325641456e-13
-77.2092148929,42.8087821626,1.70530256582e-12
-78.2258196516,41.1818923662,8.52651282912e-13
-78.3908375227,45.5926742833,4.26325641456e-13
-77.6073509981,41.5336674351,3.41060513165e-12
-77.578313469,42.7978850809,3.467513394e-12
-77.8805253099,44.2648931245,7.77042378694e-12
-77.5339557118,44.5527774516,2.55795384874e-12
-79.1347793576,44.9632067357,2.98427949019e-12
-77.4334879631,41.3758111615,2.22558080751e-12
-76.8588661779,42.2210853125,1.33289353039e-12
-76.8962373116,44.2011822271,3.4649486559e-12
-77.6943977318,43.425644211,1.27897692437e-12
-78.6095886057,45.551422571,2.98427949019e-12
-77.5429936802,41.5421046618,0.0
-79.5105699983,48.8578959689,2.04129086603e-12
-78.1490633044,42.0438410372,8.52651282912e-13
-77.8923995099,41.1337015898,3.24893705012e-12
-77.3330070681,41.3633898851,4.26325641456e-12
-77.7458237314,41.6377336934,6.39488462184e-12
-77.1193579917,43.7691136918,2.63101665755e-12
-78.5227538957,46.0521621745,2.21223829047e-12
-77.1371326313,44.2906140502,4.26325641456e-13
-78.2339670842,43.7301060296,8.52651282912e-13
-78.2497499386,44.9417446474,2.21541984931e-12
-78.6826050645,46.9622368843,3.04048552535e-12
-77.5780619904,43.3206607321,4.26325641456e-13
-77.7135856151,43.3117842939,5.67943790247e-12
-77.2747308339,41.9406752907,3.8369307731e-12
-78.2250077199,42.8680616962,2.13162820728e-12
-77.9546123848,40.6918653432,2.98427949019e-12
-76.951073237,39.9755055072,8.52651282912e-13
-76.8451505538,43.6671905117,2.63126217606e-12
-77.772379375,41.98173472,1.42741598851e-12
-76.8710321152,41.3668680508,2.63678053261e-12
-79.1934735018,43.8060619738,3.88596064164e-12
-77.9889457365,40.2251561431,3.8369307731e-12
-78.3930436903,45.8795138977,3.61131872343e-12
-78.9381381628,47.6070183901,4.26325641456e-13
-76.7633772261,42.9324460568,4.68958205602e-12
-77.8498735637,44.3918075817,8.52651282912e-13
-78.2345711745,37.1372277771,3.97372395175e-12
-78.7206713537,41.7849026124,1.81996540162e-12
-78.2697022611,45.9692204416,5.92630757593e-13
-77.1806269533,41.3989518319,1.06587711832e-12
-77.1298851363,43.0948344505,2.11156600574e-12
-78.997155735,44.7346480739,8.52651282912e-13
-78.3222271059,44.3784315308,1.04804944989e-12
-77.7986638142,43.3222670267,3.04806617678e-12
-78.4925235956,44.8808942992,4.26325641456e-13
-77.8524464127,43.8056411361,4.26325641456e-13
-77.4204952489,44.7641195794,2.62861712714e-12
-77.5848193052,39.1598622491,2.50843288689e-12
-77.8450376177,42.9016049273,8.19594229336e-12
-78.3706562315,44.1635832375,1.27897692437e-12
-77.2675393212,40.1645211135,6.39488462184e-12
-78.4627313272,46.4016467886,7.26279938112e-13
-77.9567876824,38.3342638817,4.73703556916e-12
-77.6635959233,39.6489608868,1.8273116964e-12
-77.496297254,44.6416031047,6.42359742953e-12
-77.4484215529,40.4947305681,7.76010138972e-13
-78.7375338223,46.8057942661,2.6236876378e-12
-78.2216045272,43.5610665698,1.70530256582e-12
-77.4610613668,38.2720370062,1.8319800961e-12
-77.3705918485,42.855520192,0.0
-77.0705645211,43.1711213885,0.0
-77.8541695238,43.1193530671,8.52651282912e-13
-78.3962187211,45.0428263831,2.79472932975e-12
-77.8378624704,43.1964682682,3.88695438454e-12
-77.9143580602,42.9143152457,3.04891335184e-12
-78.6534075329,45.7215342928,2.21318582338e-12
-78.0846286896,44.9532628462,1.47763824454e-12
-77.324022929,40.0236477945,6.00416773825e-12
-77.3211672415,39.8212675721,3.8369307731e-12
-77.5403313557,38.5248186759,8.52651282912e-13
-79.1385928371,46.9947611438,1.03210011859e-12
-77.6925437619,39.4541890261,2.55795384874e-12
-78.9370651085,44.4689788999,4.26325641456e-13
-78.2878354808,41.8361729725,1.06328966007e-12
-77.672133494,42.6452447686,3.8369307731e-12
-77.0533835358,40.3608367811,4.31247849805e-12
-77.5284039091,38.2472338598,3.05848399668e-12
-77.7905599993,43.8003225426,3.88597000391e-12
-78.9146982202,47.7598167813,0.0
-77.2133598478,42.4639501653,1.70530256582e-12
-78.8194811155,45.8326434723,0.0
-78.273053303,43.7916467042,8.52651282912e-13
-77.4242713971,42.0940236243,4.73207112069e-12
-77.7365965635,44.5511124649,1.27897692437e-12
-77.6008285251,41.3099672902,4.68958205602e-12
-78.9902423899,44.1676722263,0.0
-77.5766616671,42.8745979749,1.81617950546e-12
-78.774774742,44.8560783192,8.52651282912e-13
-78.6441229126,44.1510998161,5.15235757838e-12
-78.5884224633,47.1246048528,3.04014756519e-12
-77.0518878677,39.6897691832,2.55795384874e-12
-79.2423057953,47.739566287,1.40163484909e-12
-77.6539232929,43.1996798854,0.0
-78.5588252143,45.5474628415,0.0
-77.7125493371,42.4364790537,6.09980844646e-12
-78.1151678966,41.4675895223,1.27897692437e-12
-76.788718011,40.3527636777,4.26325641456e-12
-78.9016874177,46.5995704898,5.24837076631e-12
-77.9898920828,43.0139783713,3.88725158653e-12
-78.1742823821,41.468350939,2.55795384874e-12
-77.3410183472,38.6931654081,0.0
-78.8313396251,48.084810532,7.11472936046e-13
-77.8633072112,43.2167171493,1.70530256582e-12
-78.7247890181,43.4616942252,4.26325641456e-13
-77.3187591572,40.3456504204,5.58020215496e-12
-77.5371866467,44.5046822114,6.84826264335e-12
-78.9789746455,46.8674734173,0.0
-77.564602067,40.9380989643,1.43201158373e-12
-79.6146797972,47.0002660529,1.03206636118e-12
-77.0514452565,39.3410226076,3.47376942029e-12
-77.7824453897,37.4566232173,1.83471470384e-12
-76.9184598574,43.3727625099,1.42124088549e-12
-77.1398729292,42.5843946724,6.42562613573e-12
-77.6989383879,39.6313674556,7.82933005428e-13
-78.2336505368,44.3554761018,1.27897692437e-12
-78.5580032695,43.4561690423,2.98427949019e-12
-78.6236041762,45.2117981624,2.62753640491e-12
-78.0766069169,45.1187960035,1.47479257425e-12
-79.2247568846,47.5534170716,2.80494718884e-12
-77.009257177,40.1524276423,1.27897692437e-12
-77.6909145755,38.3686347866,7.92877823515e-13
-77.5141315821,41.6617763242,1.70530256582e-12
-78.4205503835,41.9906443936,3.05082711388e-12
-77.8742038593,40.7970958067,4.31184427309e-12
-78.6037926003,45.5784497647,2.55795384874e-12
-78.1282891525,44.5697993133,4.26325641456e-13
-79.2638712461,47.6172856181,3.19801445416e-12
-77.631508058,45.0329456791,4.43031731524e-12
-78.6894348866,44.1443789448,8.52651282912e-13
-78.3283783187,45.5110402885,2.21378900967e-12
-78.7757506439,44.695688121,3.04520811409e-12
-77.6554152963,41.8232631419,2.55795384874e-12
-77.096211743,44.1118287691,2.98427949019e-12
-77.3456646954,40.3433450378,1.82493600305e-12
-77.7983402459,43.8772231321,7.47999794457e-13
-77.7070060118,40.5651707106,4.73410341055e-12
-78.3978629649,42.9538183732,8.52651282912e-13
-78.3733608394,42.8870651184,0.0
-77.9818397316,41.2157027219,8.52651282912e-13
-77.323716142,39.3802782469,8.52651282912e-13
-77.5492473144,39.8319608601,6.85256431055e-12
-78.2724947879,42.3305372694,5.11590769747e-12
-77.8393798271,43.80650517,2.63092657144e-12
-77.9502058984,44.8110783248,1.27897692437e-12
-77.5273521156,38.2676251044,8.52651282912e-13
-78.4964264212,45.1720620579,3.12970327987e-12
-78.0504331212,43.5187016778,4.84988230026e-12
-77.5163374096,39.5141577606,7.83865250202e-13
-78.2478643055,35.8124110418,4.31896441155e-12
-77.6089015882,41.2229269799,1.35164086254e-12
-78.4593980116,46.2201410066,2.07368645714e-12
-78.2944955212,43.815156839,1.05145197591e-12
-78.4039930333,40.0185603736,1.82794201301e-12
-77.2457214737,40.3445870035,4.26325641456e-12
-79.6607382437,48.2635088368,1.1352297181e-12
-78.7044157706,44.7475351505,4.43195187321e-12
-78.4492674728,42.8260285649,3.46746205053e-12
-77.1749983673,40.8113352064,2.13162820728e-12
-79.6974785913,49.2896213407,2.40436258858e-12
-77.5606122576,41.7374876508,3.24425402127e-12
-77.2417491899,39.2208725649,5.54223333893e-12
-77.3744673497,41.6350463398,2.13162820728e-12
-77.8486926051,44.3679386903,1.27897692437e-12
-77.8813359612,42.8631650437,1.32065773318e-12
-77.9470852563,42.0397383244,5.54223333893e-12
-77.7339128839,40.096405905,4.26325641456e-12
-79.1529441516,44.1427973202,2.45791948761e-12
-77.1457581181,39.605777428,3.26069351628e-12
-78.7605732018,47.1412446098,4.85357153871e-12
-78.4245837515,45.5059785741,1.4116901768e-12
-78.7965919094,44.2979087457,1.7678918477e-12
-78.4209636124,44.6494598965,2.13162820728e-12
-78.2381400122,40.2411234025,0.0
-79.0638284184,45.9527470153,2.13162820728e-12
-78.8998111988,47.1270485377,1.03128872326e-12
-77.9962096793,42.8569807846,4.30883155068e-12
-77.3930696858,43.2517010942,2.13162820728e-12
-77.4796499349,39.9707429747,4.26325641456e-13
-77.2976610213,44.4063624212,0.0
-77.0697994715,43.4328837033,0.0
-77.6546445073,42.8168706349,2.13162820728e-12
-78.3707979059,42.1451038305,1.27897692437e-12
-77.8980114934,41.2474604547,2.55795384874e-12
-77.3275042173,42.7199825945,8.52651282912e-13
-78.9773743716,43.1726764895,6.51469577019e-12
-78.5390388283,43.8371468571,3.04699562363e-12
-77.4568637602,39.3790926029,2.55795384874e-12
-77.6703299521,42.6159318618,4.73137432508e-12
-76.7879109658,41.8784557854,4.26325641456e-13
-78.3466481431,44.8997446034,2.98427949019e-12
-78.9374149803,44.3912854174,2.62951673673e-12
-78.0887084149,40.7452296369,5.69082923187e-12
-78.6616654743,45.6845715398,0.0
-77.9105222852,37.65712781,5.11590769747e-12
-78.8735373116,44.2891011805,5.15218770965e-12
-78.5257316366,45.2685555725,8.52651282912e-13
-77.3281738697,43.685691573,1.70530256582e-12
-78.8876182226,44.9837254289,1.04437915529e-12
-78.899910846,45.8569237221,2.13162820728e-12
-77.2704708586,44.257148228,4.26325641456e-13
-79.0095406967,46.0658040985,0.0
-77.4515942253,39.0993984924,4.26325641456e-13
-78.5539213288,45.5237475081,2.21375259828e-12
-79.5352288938,47.666777199,2.2076133239e-12
-76.9439835472,42.7120507108,8.52651282912e-12
-79.2120471601,46.5318573249,4.26325641456e-13
-77.8015448032,38.035325081,7.95465901664e-13
-77.9922736096,39.6069028699,1.56625548018e-12
-77.5235890177,41.3523746818,8.52651282912e-13
-78.1293925854,45.6617039568,2.08050555229e-12
-78.4679681331,44.3330258253,4.68958205602e-12
-79.0489658548,44.4083635601,8.52651282912e-13
-77.7294208132,39.2646768679,8.52651282912e-13
-78.5023500522,42.8096699953,4.26325641456e-13
-79.5068129966,48.6216520032,5.63626672441e-13
-77.4510770199,41.7792529997,1.42831034098e-12
-76.9848196515,41.8166825583,1.81985530354e-12
-77.1231136867,42.3338067081,1.06033167909e-12
-78.3817584617,44.9823457771,0.0
-77.9861973168,43.2851391013,1.81474804486e-12
-78.9241800352,46.438447942,5.00994444345e-12
-79.1331257375,43.4216833046,5.96855898038e-12
-77.7802510995,37.3377704327,1.44753531096e-12
-78.4285636995,44.2063584025,1.27897692437e-12
-77.2579892429,43.0854782829,7.546757888e-13
-79.0902884033,43.173279103,8.19510302578e-12
-77.5348197391,42.6197021262,1.70530256582e-12
-78.8802487528,42.3475544797,3.63602651744e-12
-77.3463621314,41.8957897259,2.98427949019e-12
-78.3852661261,44.738922283,2.98427949019e-12
-79.0690599673,43.4882159545,3.46625277207e-12
-77.2976534852,40.635275711,0.0
-76.9264504182,40.9613926576,3.64562171605e-12
-77.1784655875,41.0785747273,1.06776599587e-12
-77.0725504178,43.5340714602,0.0
-77.4575012784,39.3488552975,3.47375539267e-12
-77.711184606,44.0108889277,0.0
-78.2535424317,45.9383403044,3.04261842907e-12
-76.6390967393,42.4724499344,1.0595052049e-12
-77.6580715815,38.5615344228,1.44232430854e-12
-77.186909184,39.6751713321,5.58095285374e-12
-77.5670977865,38.9368058049,0.0
-78.989045159,47.4192000704,8.52651282912e-13
-78.0841187399,41.2356954657,1.70530256582e-12
-77.9478982168,44.4730636396,1.27897692437e-12
-77.3857775772,40.0497409716,4.73478485811e-12
-77.7685687616,42.9195807148,4.26325641456e-13
-76.9956403255,41.1457646536,2.13162820728e-12
-77.3492643609,40.1280870398,7.78962001773e-13
-78.3042289451,39.2905264898,0.0
-77.2955295591,40.5204154066,2.6387959688e-12
-77.6805723981,42.4361817241,1.42540430265e-12
-76.8935313056,43.5503822706,1.70530256582e-12
-78.1659313718,46.5888602924,2.21070023659e-12
-79.2004973733,47.2696865073,1.03041343907e-12
-77.8464380295,43.9226203821,2.55795384874e-12
-78.730257756,44.4692560536,2.21677243607e-12
-78.1822314088,41.5689694713,2.22503428014e-12
-77.9441127631,45.2563546558,2.21451871335e-12
-77.2833813943,38.6040148845,0.0
-78.3256718589,44.1152633174,4.43557003065e-12
-77.1548596308,39.1664884871,2.13162820728e-12
-77.5847190793,37.156498333,8.10018718767e-12
-78.8689110882,46.5832611233,5.8602701289e-13
-77.7794697941,44.9084586066,4.26325641456e-13
-78.2359644597,43.8751690728,1.22927000032e-12
-78.2839453276,46.3964697195,7.61967784257e-12
-77.467562486,42.7150616396,3.04932673833e-12
-79.0099626717,45.4143133223,3.41060513165e-12
-77.9924262429,40.8006847894,2.86522787999e-12
-78.3417372331,43.4792021922,5.04354399455e-12
-78.4131537385,43.4596908078,3.04778057406e-12
-76.991758704,41.5675467222,2.98427949019e-12
-79.5303725546,48.7017227959,1.39730071412e-12
-77.8643807427,39.8840651208,2.22977946653e-12
-78.1682332117,43.3993890726,6.93283022226e-12
-78.1714885955,44.397086899,3.22343779095e-12
-79.1371625754,44.2239564306,4.26325641456e-13
-77.6405863457,40.1906155748,7.78459818003e-13
-77.8018981189,43.7920717,5.261922693e-12
-78.2557277776,44.5458654128,1.28795601027e-12
-77.0098326623,43.6137497227,1.23464988141e-12
-77.5425467442,37.6492378202,1.83407091371e-12
-77.7919459962,41.7893901533,3.63989971254e-12
-77.0324120408,42.1236001606,4.26325641456e-13
-77.8501183701,40.1427394042,3.05463075942e-12
-78.6263129054,46.227244177,4.01419932806e-12
-77.5522139259,41.2483918918,4.68958205602e-12
-77.7689703778,42.1313273529,5.11590769747e-12
-77.3721843688,41.0184493388,2.55795384874e-12
-77.1188855938,42.7244724168,2.55795384874e-12
-77.4989349454,41.1230820094,2.98427949019e-12
-78.8937357847,45.3507548944,1.41238752954e-12
-78.5018911434,45.3645559875,4.42841744602e-12
-77.7214670232,40.116685865,0.0
-76.742917474,41.6639367481,8.52651282912e-13
-77.6577227292,41.6956319758,2.98427949019e-12
-77.0630983185,39.7734107805,4.26325641456e-12
-78.9110837399,47.4463680936,0.0
-78.9252460171,45.3885460879,5.42214950478e-12
-78.2112360864,41.0984166114,2.55795384874e-12
-77.3983607986,38.3371027436,1.83176087767e-12
-77.6096814556,40.5577405443,7.24753590475e-12
-78.5966900244,43.0889042243,2.55795384874e-12
-79.1866264771,45.6151096371,1.26671400864e-12
-78.1262375151,44.0771483625,4.30703728895e-12
-77.9761714761,39.940868148,2.55795384874e-12
-78.2242246997,44.8562571151,4.26325641456e-13
-77.5088715795,45.1021829135,1.20367857865e-12
-78.1632754965,45.1396155544,2.08686345476e-12
-77.3756196645,41.6657367716,4.73264189262e-12
-78.3323714039,35.5354979156,1.45506337971e-12
-78.0207514371,40.1446889836,3.41060513165e-12
-78.5297128789,45.2280328781,1.80794649119e-12
-77.7800124987,39.5859334337,8.52651282912e-13
-78.0528489868,42.535922233,7.59268259184e-13
-78.8705655905,45.0221485096,1.27897692437e-12
-78.1208316685,40.3750797638,5.15698058363e-12
-78.274269267,38.6515384195,6.39488462184e-12
-77.4343811476,40.1699694119,8.52651282912e-13
-77.7691181965,42.320701408,1.27897692437e-12
-77.115293818,40.8798584564,2.86453392725e-12
-76.9203470447,43.0228721372,4.3085879142e-12
-78.4585336447,44.5263061171,1.28834129388e-12
-77.5619966435,37.5683810483,1.86085656123e-12
-78.3782162583,45.6575984229,2.82201749218e-12
-77.9762140169,36.3188662729,0.0
-78.8490137149,46.6827966659,2.98427949019e-12
-77.8822929684,44.7392120012,2.98427949019e-12
-77.7189272726,44.3636991537,1.04813860745e-12
-77.9329304366,39.0613483088,8.52651282912e-13
-78.0926994392,37.7679080378,3.89568219467e-12
-76.6550458398,41.9172878422,1.70530256582e-12
-77.3514032068,42.213729999,3.24054736841e-12
-79.3850409006,47.7482368607,4.41476050374e-12
-78.6680374219,46.6961048874,6.50096469336e-12
-77.7195972147,43.320082574,1.50540966587e-12
-78.2288145372,35.9187495381,8.52651282912e-13
-78.1776666944,42.3056221075,6.30591090849e-13
-78.3580262309,41.4143451584,0.0
-76.614230733,41.3242338835,8.52651282912e-13
-77.9252779788,43.3778396689,6.25143268069e-12
-76.6422525547,42.0722604557,1.70530256582e-12
-78.0909718695,37.7325067606,0.0
-78.2895365046,44.0269792266,5.54223333893e-12
-78.1968282301,44.2850490054,8.52651282912e-13
-77.9992785205,44.5039806216,2.62924486678e-12
-78.8609047498,45.3728552001,4.01959480353e-12
-77.470678864,40.0308760178,2.63995671931e-12
-77.7785088216,42.4386197603,4.26325641456e-13
-77.7918047911,43.2533735675,0.0
-78.5522129974,46.9904262095,2.20954975746e-12
-76.7792211019,42.1321073697,2.13162820728e-12
-79.4031607201,46.4681028655,4.01267803129e-12
-77.6377096102,43.563932814,1.70530256582e-12
-77.8891598223,43.4223165749,3.04785825776e-12
-77.4224954019,41.6996705299,1.82026057746e-12
-76.8017395679,42.4698587512,5.26828158404e-12
-78.1983118588,44.706204363,1.70530256582e-12
-78.1812364154,41.3276539992,2.98427949019e-12
-78.4897861553,44.2529030325,2.45678284913e-12
-78.8361075371,45.6774907812,7.32574173431e-13
-77.5783861965,44.5207857567,2.49686685314e-12
-78.8819992652,46.7174948262,1.2444526695e-12
-78.4634484192,45.2909360563,5.67059190468e-12
-77.3029890966,43.5488820964,4.84972458187e-12
-79.1981671127,47.4528386072,3.60026576851e-12
-77.6167753038,38.3399975172,2.64393328615e-12
-78.4233493218,47.0571224901,4.60567035816e-12
-77.9563567392,43.334623354,3.88672929081e-12
-78.5413543105,46.2614760447,4.42327683271e-12
-77.6035819579,37.6913827703,5.5831525412e-12
-77.7154647425,41.240928886,2.55795384874e-12
-77.5134848149,41.2298717075,6.10479535642e-12
-78.9407707979,47.3225734872,4.26325641456e-13
-77.7389298731,41.303988982,8.52651282912e-13
-78.97171758,44.0049002922,2.98427949019e-12
-77.6911871959,42.416552117,4.26325641456e-13
-78.3614730005,43.2125101067,3.88692825193e-12
-78.5179681803,46.3985798403,3.04165940581e-12
-77.4327736237,42.779556662,7.57236554272e-13
-76.5826968368,41.7143277695,2.63595046725e-12
-77.2813127475,42.7530874098,2.13162820728e-12
-78.4583914575,43.6077468438,1.05270146404e-12
-78.4313895051,44.6027922279,4.02445348822e-12
-77.6832826253,37.7257991615,3.41060513165e-12
-77.0485431991,40.1854953206,2.98427949019e-12
-78.9441999028,46.6004660602,0.0
-77.1441504711,42.8591205848,2.22137025602e-12
-79.67049077,47.7458339356,1.02748884308e-12
-77.9794610535,43.8897241518,1.05100230629e-12
-78.1642219406,42.2011055643,3.88857338606e-12
-78.5844209909,45.7153194166,0.0
-77.5224384377,42.3099999409,1.79614622213e-12
-78.417468773,44.3581156595,4.26325641456e-12
-77.8511401613,44.0404769573,7.06470307994e-12
-77.6057650775,42.4221664754,5.96855898038e-12
-78.5893671155,42.7529122486,0.0
-78.2428618054,39.4263846867,1.0774035634e-12
-79.1996887571,45.2902000032,1.99134078869e-12
-77.7566824683,37.7642286883,6.74052824548e-13
-77.3910206024,39.492725696,1.43831154754e-12
-77.9013909822,38.2863140008,4.26325641456e-12
-79.1196253156,45.7205069866,5.95286238599e-13
-77.9048405529,40.3591528099,3.47193951442e-12
-77.4263004062,42.8934537154,2.22127246525e-12
-78.5195534854,45.0691682389,0.0
-77.3207810083,40.5267578255,1.82430633846e-12
-76.6433762121,42.1388520675,1.27897692437e-12
-77.5880361087,39.3441724878,2.55795384874e-12
-77.992573669,38.5670192198,3.8944174595e-12
-77.0623635448,40.8164150526,1.06930700584e-12
-77.5360698516,41.5913254028,2.63624448317e-12
-78.2672584953,45.1180045826,8.52651282912e-13
-77.7478317659,45.3693369092,1.47047522714e-12
-78.8573782786,46.6366202225,2.62409595072e-12
-79.2005127574,46.9532788779,1.03235447666e-12
-77.0328331206,42.8174526765,5.15399706831e-12
-76.7295685858,40.8963350815,4.26325641456e-13
-78.2608956749,44.2815994712,8.52651282912e-13
-78.1463505941,38.9143072059,6.63436296372e-13
-79.1046591694,45.9499048248,4.26325641456e-13
-76.9485348949,42.8485669631,1.42357385141e-12
-76.837754606,41.8446774393,7.64994763226e-13
-77.538092559,42.5819621086,8.97482419584e-12
-78.3444035294,43.736902784,1.30379059439e-12
-77.0909418311,43.8176550195,2.13162820728e-12
-77.5952923706,42.8483576187,1.42357478176e-12
-76.61752872,41.6565477596,1.27897692437e-12
-78.0975636094,42.2797029504,3.8369307731e-12
-78.1083372279,41.5497064729,6.00257259011e-12
-78.8334117939,44.3817948849,5.96855898038e-12
-77.5539871898,40.0951074516,4.31286400174e-12
-79.0862635493,45.1400821684,3.04428213448e-12
-77.6856625353,39.7379449798,8.95283847058e-12
-78.5772329059,43.0092735057,1.51062933541e-12
-78.9712465528,44.633787163,3.04533706715e-12
-77.516831547,39.5234009129,1.43817871169e-12
-77.2038519815,39.3547087268,1.07781748931e-12
-77.3770135824,42.3297107156,1.27897692437e-12
-78.6380856482,46.6791791872,4.01134490562e-12
-78.2278347898,43.8994971591,2.63070249448e-12
-77.1681265746,41.3733542401,2.63676505116e-12
-78.7765082927,43.1832548175,3.46680996336e-12
-77.8819082881,41.4275037724,7.68423008442e-13
-77.1559319449,43.4243175031,0.0
-78.354263139,46.2612803685,4.30381962998e-12
-77.4468235476,41.5639658221,2.55795384874e-12
-77.7904312488,43.757453292,4.26325641456e-13
-78.3041187902,44.5045873595,1.76492319705e-12
-79.0230054616,45.4189812118,3.21538299319e-12
-78.5193133529,43.6590333804,0.0
-77.3211406563,42.8501377249,2.98427949019e-12
-78.8584507796,44.6862181466,1.27897692437e-12
-78.3351986868,46.489048688,1.80351829047e-12
-78.5279346925,43.1098787177,2.13162820728e-12
-78.7035635646,43.1741528063,2.13162820728e-12
-77.3938021883,42.1658484875,1.06133154138e-12
-77.1538058199,39.5481844396,3.41060513165e-12
-78.5973853167,45.0465799553,3.8369307731e-12
-77.6549656007,43.4777904425,2.21960623346e-12
-77.6388272994,40.5796703527,7.27641052596e-12
-77.7764714874,41.5651987249,4.26325641456e-12
-77.9106745649,39.7803656307,1.43706440292e-12
-78.9228425988,46.0886313528,1.03764696462e-12
-78.2244430679,40.2844002843,2.6393560616e-12
-78.3798513524,45.8092127078,2.62609375905e-12
-78.8260125767,46.9323226752,2.55795384874e-12
-76.7854392558,40.5480801649,3.89124751903e-12
-76.9838147225,41.2622485092,1.27897692437e-12
-78.9358576083,46.1301519933,7.46118701961e-12
-77.255045677,39.7859465222,7.81700731601e-13
-77.7155368122,41.7694742987,8.52651282912e-13
-78.8401483764,42.2940473965,5.15463896991e-12
-78.2387107835,44.1934029964,0.0
-77.6365056249,44.4503362589,2.98427949019e-12
-78.3488885743,44.6129923889,1.27897692437e-12
-76.9762593512,42.9497481357,1.27897692437e-12
-78.7653437157,44.502869501,2.55795384874e-12
-79.0464365727,43.8841512914,0.0
-77.636311836,41.2830051291,2.63698065065e-12
-77.5897680869,39.5079095302,1.27897692437e-12
-78.4322052849,45.9946168447,4.26325641456e-13
-79.0519748359,45.7648538498,0.0
-78.2967678276,45.8483553279,6.92386349905e-12
-78.7626749326,42.1191262654,0.0
-77.5912282947,39.7176571542,2.98427949019e-12
-79.0050264193,45.2065350963,1.0430247635e-12
-77.5569552182,40.5887064517,2.13162820728e-12
-78.2216444062,39.0948769083,3.47420981921e-12
-77.0496304681,44.3886305168,1.70530256582e-12
-77.0578729578,41.4938837419,8.52651282912e-13
-77.7255057393,42.9233233192,1.81600974458e-12
-78.2576403974,43.1287143046,3.41060513165e-12
-77.973048872,43.29185496,1.27897692437e-12
-76.6158127412,41.5799308843,0.0
-78.8081840083,46.8822342807,1.03279001555e-12
-76.9887387317,42.7031022102,0.0
-79.2123443535,44.3547146414,2.62960495066e-12
-77.2622792997,41.6708280365,7.66425998164e-13
-77.703220647,44.9765596912,6.08924580219e-12
-79.1301651462,47.2586181471,6.21591466804e-12
-77.2069342828,41.5075713005,1.27897692437e-12
-77.8747441231,43.5416871599,2.63156440822e-12
-77.7655468695,40.9356951638,3.05300335301e-12
-78.1787480882,41.7587162856,0.0
-77.2348842599,42.5307417825,1.70530256582e-12
-77.2025913917,42.0351945875,1.06210827862e-12
-77.6397197365,45.1300286509,1.04349001652e-12
-78.1114271916,44.0545281337,3.4652170476e-12
-77.0159978392,42.6206963631,3.41060513165e-12
-77.9451047169,42.3104479644,3.46840186884e-12
-77.5086131457,38.9859571937,8.52651282912e-13
-78.3642028134,45.7668257373,2.21305602935e-12
-76.7326211105,41.7344385463,2.13162820728e-12
-76.8788075689,40.2812641193,1.06581410364e-11
-77.7192799634,42.9385433918,2.633015348e-12
-77.6279481857,42.6473278197,1.05846130682e-12
-78.5486934422,43.5235421327,4.26325641456e-13
-79.0891212697,45.9299335958,4.72693233543e-12
-77.763094809,42.16223943,6.10094421428e-12
-77.7636890136,39.9323939625,1.70530256582e-12
-77.5045427898,42.7020597948,4.26325641456e-12
-78.974494154,44.3261136556,2.50131383898e-12
-77.5091500243,39.0028758469,3.89372399453e-12
-76.5528609011,41.7651664287,1.27897692437e-12
-78.8073350097,44.3605220606,3.62197596605e-12
-77.9097233349,46.5023222124,2.21094821324e-12
-79.087040861,46.1873364654,1.03704376147e-12
-77.1775282823,43.4232623483,4.26325641456e-13
-77.9480210621,40.9838462541,2.22668796623e-12
-77.3075311946,40.7437883016,3.2519507051e-12
-78.0972061375,40.3966688504,8.97635691454e-12
-79.2459833411,46.0107301014,0.0
-79.7118566587,48.4546379644,4.30059685899e-12
-77.9917768757,45.9849174062,1.03828048494e-12
-78.2012924867,39.9067462959,5.5806939352e-12
-77.0651694064,43.1722466719,4.03345648051e-12
-78.8884005403,46.8824944479,4.26325641456e-13
-78.0255478345,43.3115229324,3.8369307731e-12
-77.7020005031,39.1069718607,4.26325641456e-13
-78.5084786989,47.3785903407,8.52651282912e-13
-78.8874938888,46.3958850448,4.26325641456e-13
-77.2372938771,44.5038653012,1.2887831911e-12
-78.4755801906,40.9892287726,4.26325641456e-13
-76.9542114019,42.0917849177,4.26325641456e-12
-78.8887725186,43.7659945066,6.65634975385e-12
-77.3318066348,40.7870120032,2.22724295186e-12
-78.8463223537,44.266495179,1.81131726075e-12
-77.383832565,39.1398242379,8.52651282912e-13
-77.0705119561,42.5378625584,8.52651282912e-13
-78.9986793627,44.9621296079,1.414132104e-12
-77.172886208,40.8075064444,7.73478279439e-13
-77.2933979231,41.7363331139,1.82013362573e-12
-76.9906236094,40.2621952737,1.82521431537e-12
-78.0686847488,38.8336825302,5.58189016651e-12
-77.272985809,39.7723400676,9.82736493559e-12
-79.6484026277,48.2030188655,1.39954680612e-12
-78.430811805,45.5562111053,1.70530256582e-12
-78.8430779715,44.9165990122,1.41433635832e-12
-79.4319615276,48.0531120806,1.21701024415e-12
-79.3355403288,47.5334669614,4.26325641456e-13
-76.7464906326,40.8864673731,6.44611268336e-13
-77.7116114057,42.7422776913,5.11590769747e-12
-77.8031352806,38.2858089665,5.2881195756e-12
-78.9236566608,45.7734606993,2.21303701501e-12
-77.7426580111,41.5443989109,2.4845184311e-12
-78.9892869776,44.9756292079,3.21888015303e-12
-78.3751752249,44.4945037922,1.15748876216e-11
-77.0419086233,40.4892905039,7.36266270608e-12
-78.6700678334,43.3149907956,3.23193844557e-12
-78.1454906623,40.2451026889,2.13162820728e-12
-77.7927197534,44.4272004183,1.48664495827e-12
-78.9262045254,47.3051648087,1.27897692437e-12
-77.4582072891,43.5479906238,3.23011113188e-12
-78.1179998676,43.7601020496,1.41951293535e-12
-77.0195932363,41.5326001667,3.24584527928e-12
-78.3355365034,42.2964935868,4.26325641456e-13
-77.127085163,43.4478195498,3.62836029392e-12
-77.6629249171,38.9981789774,5.11590769747e-12
-77.8843352933,44.1702016537,8.52651282912e-13
-78.4406256927,42.336514861,7.49013152715e-12
-78.6443963441,45.9770714941,8.18642040717e-12
-78.1566218573,45.5743552615,5.6693235275e-12
-78.4201165286,46.6254390994,0.0
-78.3567395328,42.9942248708,7.48513268452e-12
-78.7212323353,44.8056514795,8.52651282912e-13
-78.2217778842,42.6521332688,2.98427949019e-12
-78.3704254366,44.4652720105,2.62933825429e-12
-77.4981350234,39.8711263378,1.82655305324e-12
-79.4462361269,48.9536452156,1.79486937215e-12
-78.2573237819,37.469099232,4.26325641456e-12
-78.1038325831,45.6692526544,4.26325641456e-13
-78.6443877881,46.5784472861,4.26325641456e-13
-77.7095151323,43.956108431,4.26325641456e-13
-78.3925993891,47.0600700153,3.45971345525e-12
-77.4133698965,43.7441194102,1.41958429889e-12
-77.9274333919,42.0730624173,2.13162820728e-12
-78.3624540684,45.5218807197,5.4207453814e-12
-77.7169269535,39.3294257014,1.43901802548e-12
-77.6835871175,44.727585971,1.70530256582e-12
-78.6758690309,44.7892899993,6.05128694017e-13
-78.8412429344,45.9140168685,1.80553818681e-12
-78.245976948,45.1927449003,1.20176773744e-12
-77.4531354063,42.8211371521,1.27897692437e-12
-77.0536704535,41.7250466323,2.63592483713e-12
-77.7298995593,42.3854474736,7.60519647545e-13
-78.1184141532,45.8979782594,2.62587939634e-12
-78.4513908629,42.9189796943,7.56070812988e-13
-77.0858722423,40.9634653071,8.52651282912e-13
-77.6594875218,41.3834853788,7.68783499586e-13
-77.3182050063,43.1672324367,7.53989657082e-13
-78.4660643533,42.5239035696,8.5496378694e-12
-78.5612034941,44.8775282838,2.62834339666e-12
-77.4424641029,41.5630032421,1.82073357077e-12
-77.6364172464,45.274658518,3.46298273715e-12
-77.5493308384,38.6058032688,2.64331187002e-12
-77.2889101418,40.8938782697,2.63790797986e-12
-77.4312493752,40.3141577182,3.47202064763e-12
-78.7383655472,46.2352737779,2.07350142547e-12
-77.5683021467,42.2738678182,1.81826925581e-12
-79.3838363191,47.595451736,3.87977534797e-12
-77.3781132619,39.5392670111,1.27897692437e-12
-78.7263579947,44.7610042378,1.27897692437e-12
-78.4445481287,40.4976226669,1.43393999582e-12
-78.5099606002,47.0524357868,3.04029776892e-12
-77.2521528669,42.5935392125,3.46788604932e-12
-77.9917648731,43.1379988522,1.70530256582e-12
-77.7967924583,40.310801569,7.77493139998e-13
-77.5821886549,43.0286214761,8.52651282912e-13
-77.8138363973,39.7637362509,6.42838463027e-12
-77.3209800954,43.4567363477,0.0
-78.5316812685,43.4548113992,1.27897692437e-12
-79.0539760235,45.5744323009,1.41138255438e-12
-77.6748767052,44.4750713942,4.30645128829e-12
-77.1688418991,40.4597287611,6.8212102633e-12
-79.0065784354,47.8896175069,1.02660493989e-12
-77.9296291584,41.3706437486,4.26325641456e-13
-77.4110751148,44.9599917464,1.70530256582e-12
