-77.1342037279,43.1449913767,2.55795384874e-12
-75.8223771403,43.1361943732,1.42229456851e-12
-76.3770414132,39.1190749001,7.27766326678e-12
-76.7960608447,44.52558509,1.27897692437e-12
-77.4244328414,42.8145301208,4.30889387701e-12
-76.20863946,43.2326840683,7.77379077284e-12
-77.1247546567,46.6798155762,1.40640906584e-12
-76.9602634602,43.7522881904,2.55795384874e-12
-76.4866240849,46.1571711389,2.21193734273e-12
-76.1388129561,38.7495612457,4.26325641456e-13
-75.8418841603,40.0580919648,3.25722852913e-12
-76.3227940533,41.4705987184,1.34702060571e-12
-76.5334495354,37.7613973384,7.27881574757e-12
-75.4496531505,42.7312470715,1.51527991975e-12
-76.3202876657,43.5526426084,7.507450048e-13
-75.5556709191,42.215153846,1.06103818099e-12
-76.1582471848,39.0900279017,4.26325641456e-12
-77.6781799543,45.7048494125,0.0
-77.5177696535,45.3514405277,2.44541003911e-12
-77.2281218898,47.2723680704,3.8369307731e-12
-77.0771895196,42.7592437738,3.41060513165e-12
-75.8166176191,41.6390869199,1.34386555904e-12
-76.7978448783,45.3010443915,1.27897692437e-12
-76.9532596535,46.932748955,4.26325641456e-13
-76.3960175554,39.9021603219,3.8369307731e-12
-76.3617664304,44.8147347414,3.8369307731e-12
-76.6012071124,42.3113131076,3.46840029328e-12
-77.0940912036,41.4354577503,8.52651282912e-13
-77.8409733566,48.9854899273,3.03628442338e-12
-76.6101626535,38.6840064346,5.69985591338e-12
-77.2691414001,47.6571713948,3.59883090742e-12
-76.7748511317,46.0828732169,4.26325641456e-13
-77.5153978741,44.8034659309,4.26325641456e-13
-76.9526994034,44.5411123462,1.70530256582e-12
-77.3351468809,47.1825402322,1.80108215523e-12
-75.4688543293,43.7342945178,1.27897692437e-12
-77.7313375715,45.2715113419,4.72781576058e-12
-76.4191268188,43.0683142594,4.26325641456e-13
-77.9659888695,47.9280832866,7.12861469433e-13
-76.3799704227,44.2508638338,2.13162820728e-12
-77.6786405976,46.7311066403,4.30312794082e-12
-77.24975893,44.286420687,0.0
-76.7342490112,36.6088290205,2.64794124861e-12
-75.5128606873,41.6503465215,4.26325641456e-13
-76.1517900852,42.1474586298,3.46869860195e-12
-75.9299736921,41.1452960701,2.55795384874e-12
-75.7952538309,39.0015718504,4.46448374928e-12
-76.7059894334,44.346961838,8.52651282912e-13
-76.6547028145,42.2435420051,3.05030381417e-12
-77.4046264995,43.1583503987,6.21980161319e-13
-76.1092676792,41.9441614123,4.26325641456e-13
-77.572517696,47.4191987033,4.26325641456e-13
-75.7565848038,40.2649547273,3.41060513165e-12
-77.2329876862,45.3419869675,1.70530256582e-12
-76.1433645255,38.6820248385,2.98427949019e-12
-75.8987926639,39.4702183626,1.27897692437e-12
-76.1130866582,39.8042071181,1.27897692437e-12
-77.6167929154,47.9271198771,2.41858618725e-12
-76.0597589357,38.2889351257,4.06369050267e-12
-75.6961952493,41.3208876862,0.0
-76.7605323456,42.8396869367,2.63325289092e-12
-76.8373683663,46.6798246412,3.41060513165e-12
-76.1262774503,42.2520992443,4.26325641456e-13
-77.3577227513,43.0271257773,9.46164902601e-12
-76.7136081865,44.6159551426,0.0
-76.5433582414,38.7594986464,4.26325641456e-12
-76.0943304682,42.5257458667,8.52651282912e-13
-77.5780367681,45.203706079,5.15106143547e-12
-76.8029082489,43.2911408677,4.26325641456e-13
-76.5091310347,43.9908875033,0.0
-76.1919236708,43.5848522839,8.52651282912e-13
-76.1521685691,41.2580351535,1.4306065813e-12
-76.3648710796,45.8043768116,4.26325641456e-13
-76.9410572199,45.4485111452,5.9817745956e-13
-75.7857886207,40.4346718198,8.52651282912e-13
-77.679204519,47.9427058595,8.41622041738e-12
-76.2044126574,43.2168102035,4.73057067181e-12
-76.0868820756,41.7183442054,5.57865635501e-12
-76.7174955694,42.2285534625,4.26325641456e-13
-77.4526639294,45.3175368781,3.46290418469e-12
-76.3870441423,40.9592242325,3.89058447824e-12
-76.3211986628,45.7928372053,5.01729150523e-12
-75.9491066503,44.9200145902,8.52651282912e-13
-76.0402952131,39.9960682676,3.47259354747e-12
-75.7929136323,43.652817256,2.83998373217e-12
-76.97495079,45.5097520133,5.42087311723e-12
-76.4444644314,43.5227696585,1.27897692437e-12
-77.107128024,42.6743744588,2.55795384874e-12
-76.807864736,46.0967298521,7.04806770708e-12
-76.9194274658,38.0232161328,4.26325641456e-13
-75.9724055565,39.6962180664,4.26325641456e-13
-75.617941723,42.7578006909,3.04923809208e-12
-77.6727953641,45.5667504475,1.26768226932e-12
-76.8421811092,45.2799862379,1.41270536479e-12
-76.8412085122,43.5340043419,4.26325641456e-13
-76.7409505512,37.4028383328,4.26325641456e-12
-76.2104881813,40.5034092716,3.47167924517e-12
-76.2581287295,42.4290392049,2.85087193136e-12
-76.6014281387,41.369730701,1.82140179361e-12
-76.1263460385,39.7151471947,4.68958205602e-12
-76.4679058004,43.9259606714,7.47586601411e-13
-77.8118708287,48.0085017992,3.59636473241e-12
-77.4324122726,48.1357877245,4.26325641456e-13
-77.0520687455,46.5275516808,4.0123025524e-12
-77.3645699692,47.3473686029,4.30222156664e-12
-75.74427427,41.4022141212,2.98427949019e-12
-75.6440265237,40.5548106021,2.63871427318e-12
-76.5911305806,44.6609733704,1.41548253824e-12
-77.9128607894,48.6441574129,4.98484760376e-12
-76.2314754786,41.7044828574,4.73259029819e-12
-77.2811969347,47.9354028588,4.82674652181e-12
-76.0398378319,43.4095698271,1.42107682781e-12
-76.7514292634,40.3724103921,1.07190709091e-12
-77.9038518928,47.9125219693,0.0
-75.6313071303,42.6558953892,2.13162820728e-12
-76.2519994277,40.4697946299,7.76211450896e-13
-76.3469156343,40.0827557223,0.0
-76.1568104602,42.2456902458,4.26325641456e-13
-76.7679361338,45.2586142495,7.36192366112e-13
-76.8593114065,38.9506882034,4.26325641456e-13
-75.8497376769,42.375678207,1.06008218283e-12
-76.4492205405,42.0661748919,1.81899027073e-12
-76.1479580566,46.1938164948,5.902231783e-13
-75.8691880227,44.8001753831,3.22026311745e-12
-76.6899059984,38.6714343095,8.10018718767e-12
-76.6835627977,41.3081993331,1.70530256582e-12
-77.0586773497,38.8058842918,2.88255023956e-12
-76.0532505299,43.8296212356,1.4192024661e-12
-76.2650410887,39.5325102583,4.26325641456e-13
-77.1115603924,43.5393430598,0.0
-76.8788671232,47.0685673353,1.40465805823e-12
-77.3472309134,44.2096516227,4.84626840526e-12
-76.3864790957,41.296351728,4.26325641456e-13
-75.8140792493,39.918419854,3.8369307731e-12
-77.1369034939,43.4466629318,0.0
-76.0135925802,40.4214787909,5.15692423558e-12
-76.2243346212,40.2857191295,6.50427566483e-13
-76.9901317073,44.950446103,7.3884330981e-13
-76.4602592006,41.1845133876,1.06714208337e-12
-76.0197890079,41.851656509,0.0
-76.5877156002,42.5864326975,1.81718270469e-12
-77.6285843368,42.6398665437,7.58402290898e-13
-75.5572527041,41.6421144252,5.11590769747e-12
-78.3285509581,49.4102853554,4.26325641456e-13
-77.7228598064,43.6043721308,4.26325641456e-12
-77.0257136884,40.8884382643,3.05310055712e-12
-76.6890762649,41.8443539218,7.64997430017e-13
-76.0658623364,45.2768253673,2.82543911875e-12
-76.0218174454,38.5122242495,4.68958205602e-12
-76.3387583499,44.0187142651,1.70530256582e-12
-76.7124809376,36.7064272478,1.36715573198e-12
-76.2047021653,38.2926054676,1.4046761524e-12
-77.2051812332,45.2679434905,1.70530256582e-12
-76.4796874119,45.8143892887,2.6260812579e-12
-76.961318064,44.0301123353,1.81214466802e-12
-75.9341970014,43.2077661736,8.52651282912e-13
-75.9239914493,41.0218785655,2.13162820728e-12
-77.1996331146,42.8249018496,1.51371531787e-12
-76.5249505117,41.2851046793,1.70530256582e-12
-77.1938958091,42.0713633202,0.0
-75.7165831874,41.3611616854,3.47012721285e-12
-76.0983776694,42.3529241848,8.52651282912e-13
-76.2829044892,44.1033780819,5.1524163133e-12
-77.5990323999,47.8470277623,1.27897692437e-12
-76.5138709577,43.449835609,2.46505734154e-12
-77.5416732826,46.6910447274,7.23751201825e-13
-76.8282828435,42.7243991345,0.0
-76.921934674,42.9282395676,3.46727554394e-12
-76.3153279357,42.4768824812,4.26325641456e-13
-76.6787263531,43.8585610753,7.48157942268e-13
-76.45005675,44.0603796246,1.8120387567e-12
-76.6318714825,40.632529519,0.0
-76.0184591145,41.2212245287,1.27897692437e-12
-76.1953766967,41.5059972433,1.4295152741e-12
-77.1434603927,45.9716730072,3.46170586223e-12
-76.0554927865,43.1686542602,7.53977717605e-13
-77.0252109085,44.0269396014,8.52651282912e-13
-76.559670623,37.1918136393,8.0194449168e-13
-76.8790043349,41.7055848837,2.13162820728e-12
-76.280794513,38.6812322602,2.98427949019e-12
-76.9504421739,46.3088636207,3.04184632422e-12
-77.0304546939,43.1654031781,2.55795384874e-12
-77.0325157363,44.533294663,1.27897692437e-12
-76.6225296764,36.7175969968,1.70530256582e-12
-76.1439865321,41.408731622,8.52651282912e-13
-77.2030593449,47.2561827632,2.80762563754e-12
-76.1618128326,40.5866562589,1.70530256582e-12
-77.4017275667,46.388667333,1.73762940531e-12
-77.9781783488,48.7425197927,5.58846810396e-12
-76.678077001,40.0198079658,4.26325641456e-13
-75.2851780772,43.5091839133,1.0532945615e-12
-76.5091447838,44.2926843996,3.0460474798e-12
-75.3855707755,43.1098250293,1.42241193639e-12
-77.5671560599,47.1443410257,1.8012163252e-12
-76.0403354306,40.0261018176,4.26325641456e-12
-77.2040608829,45.9589194379,1.03843924154e-12
-76.3255719246,43.1637800409,1.70530256582e-12
-77.5453320174,44.8166096066,5.65913924875e-12
-77.10969216,43.5365494583,4.30783283161e-12
-75.4801532028,44.2905578118,2.13162820728e-12
-76.8259638309,42.946147664,2.84628014318e-12
-76.4010533369,43.7380767101,2.63109142779e-12
-76.4886112105,40.7099098267,0.0
-77.1922797648,43.4371333749,5.57670857604e-12
-77.6133523634,44.7379106107,1.80966557612e-12
-76.4404333057,43.0597386918,1.70530256582e-12
-76.9470148579,45.2136306229,7.36579913073e-13
-76.7042508033,43.6471326611,2.55795384874e-12
-76.8408999349,43.2077269855,3.41060513165e-12
-77.5684969813,45.1606338856,2.21479292034e-12
-77.5635438289,45.1818449099,7.3685363608e-13
-75.5861958959,43.175385046,3.46682433624e-12
-77.9723704293,46.4248259757,2.6246072335e-12
-77.0885826973,46.5808025391,5.86053588627e-13
-76.630003336,43.9611778633,4.43645102682e-12
-75.1719040127,43.0799296742,3.04856955255e-12
-76.7459906116,41.5418811732,2.63636261962e-12
-75.7887711067,41.9160328602,8.10018718767e-12
-76.6487791886,44.5464792635,2.98427949019e-12
-76.3265798007,37.0162400062,4.07137057135e-12
-76.9482218323,36.950013775,1.27897692437e-12
-77.0428202358,43.6259335058,2.21918329085e-12
-76.9108283809,41.4422597305,7.68302110239e-13
-76.0265506121,43.7287226318,8.52651282912e-13
-76.5496273484,41.6003940034,1.42909929595e-12
-76.6594855603,42.7191662708,2.98427949019e-12
-76.6549097399,44.2576748745,3.62269628922e-12
-77.3907815061,46.5167972761,2.13162820728e-12
-77.2735601901,45.543132664,4.26325641456e-13
-76.9801356078,41.7853422322,4.68958205602e-12
-76.1581001577,43.9781061332,0.0
-76.6929325685,42.5272286598,2.13162820728e-12
-76.9979539979,44.1985870575,1.04913724125e-12
-76.1477471925,43.7236913097,1.4985995008e-12
-76.7127837906,44.9753257913,2.98427949019e-12
-77.0065433513,43.2506947047,4.73052531381e-12
-76.7256979187,36.5213056106,3.47875769521e-12
-76.3983455237,44.2401222668,5.54223333893e-12
-75.8448813983,44.4523985348,1.41641697815e-12
-76.8400903077,38.4069982191,7.92578933723e-13
-76.8528452993,44.9943752792,3.04458577669e-12
-76.9050920232,44.1338285856,1.70530256582e-12
-76.1762608099,41.4230092742,1.70530256582e-12
-76.3789489803,42.1252367341,8.52651282912e-13
-76.1608325814,42.7772601567,0.0
-76.2822922147,39.1640188828,1.70530256582e-12
-76.4621118623,36.9328590275,4.26325641456e-13
-76.3429647987,44.4426154485,8.52651282912e-13
-77.3613712837,47.1568060905,4.30250170764e-12
-75.8283320304,39.3710716631,4.26325641456e-13
-76.7856935197,43.4872258321,3.4662545818e-12
-77.6218053155,47.8382342148,2.20712279743e-12
-77.1985487383,45.7225423905,3.21298671403e-12
-77.2915112447,46.6510931112,8.52651282912e-13
-76.3420409562,41.6860595159,9.46522966372e-12
-75.9095839577,40.9920143899,0.0
-76.0940891347,42.7143255618,7.0753952951e-12
-76.3572792963,38.2974863377,7.9343159371e-13
-76.0863255206,39.7770707131,2.64055697409e-12
-76.6331995975,44.2154281318,2.21749857808e-12
-76.0032345454,44.7768543378,0.0
-76.0470305303,41.4519121847,1.70530256582e-12
-76.4844276197,38.7394144824,3.89414346531e-12
-76.9100785346,46.3323165674,3.60813777572e-12
-77.8351283963,48.1129781686,2.79990488053e-12
-75.7212675786,43.6666263864,1.41993023431e-12
-77.0186874732,44.8584278393,3.04486905351e-12
-76.9693534086,35.8995320403,3.47983851234e-12
-76.4968707126,46.6314593174,4.01164628792e-12
-76.5425192067,39.2591580301,4.26325641456e-12
-76.1721304194,39.9888963216,4.26325641456e-13
-76.1027697571,42.2229679583,4.26325641456e-13
-76.7845782726,40.0002191935,4.26325641456e-13
-77.4883820757,46.4496274213,1.7624098278e-12
-77.72187992,46.1626832651,0.0
-75.5774942368,42.3984497653,1.05994645706e-12
-75.9160182847,41.9991950333,6.33651404399e-13
-75.9677044877,44.6312099271,3.41060513165e-12
-77.7212891292,44.2222327648,0.0
-77.023025329,46.4081319536,2.6246475379e-12
-77.1232503876,45.3806064505,4.26325641456e-12
-75.9242408255,42.4959632038,2.13162820728e-12
-76.7272840348,42.2676814393,1.70530256582e-12
-77.0813968661,41.6241439639,0.0
-77.7085674594,46.8376076193,1.2420055708e-12
-77.356959548,45.7080065873,8.52651282912e-13
-75.9910597031,44.9738966203,2.13162820728e-12
-77.0810352013,43.4012719826,1.27897692437e-12
-75.9031671737,45.253224265,2.13162820728e-12
-77.221820353,42.2678026507,6.30969774471e-13
-77.3629661547,44.0555603511,1.41819276036e-12
-77.1604707655,43.396678727,3.62871742461e-12
-76.6259974379,44.3924451498,3.04583974296e-12
-76.0036167238,38.883558003,1.08052916901e-12
-76.3095140583,39.3698761051,2.23121635056e-12
-77.4745102232,44.402881071,8.05142741493e-12
-75.7838948068,40.9252476713,2.55795384874e-12
-77.0109204242,45.9289615976,7.76498796604e-12
-77.7350826453,48.1625463899,1.39972913206e-12
-76.7625608999,42.9560178696,1.27897692437e-12
-77.7399618354,43.0503026268,5.57714781036e-12
-77.3500282241,45.9733731309,4.30424369766e-12
-76.8580249998,44.1826367999,2.21759235738e-12
-76.4027325993,44.8428446256,4.84295206334e-12
-76.5513071758,44.5193300705,4.26325641456e-13
-77.0481739663,43.9443885665,0.0
-78.1830966507,47.556192657,1.27897692437e-12
-76.1470711492,42.0235259911,4.31005363153e-12
-77.7046156943,45.2797271881,1.41270652811e-12
-76.9893391687,43.9496848921,7.47385377041e-13
-77.9806237919,48.587673974,1.70530256582e-12
-77.3438530035,45.743265929,3.2128230798e-12
-75.9213207962,40.2986587035,1.36869636052e-12
-76.6665312174,43.0273284147,1.27897692437e-12
-76.9721501623,44.2512575526,1.70530256582e-12
-77.3780032321,46.0025335095,1.70530256582e-12
-76.4659347943,42.7721735261,1.27897692437e-12
-76.5866026391,45.7800550941,6.50453617201e-12
-76.2021712581,40.9965862013,8.52651282912e-13
-75.6146317952,44.533171116,2.45388674633e-12
-75.6284495088,43.3504860863,7.52448956983e-13
-76.5064911634,40.5611215097,2.49444639921e-12
-76.2070060271,41.8214469727,4.26325641456e-12
-76.6444651217,44.5066852687,6.09120363778e-12
-77.1543689906,46.1511458873,2.55795384874e-12
-76.4109173112,43.3105367324,5.84642948663e-12
-76.5398462131,39.7010300594,4.68958205602e-12
-76.0108189877,41.1568175863,0.0
-75.5058984551,41.5175239359,1.70530256582e-12
-75.8893192873,41.9377396571,3.88900080898e-12
-75.5764661048,41.5637599569,1.82073095292e-12
-75.8996839758,39.0806530724,2.55795384874e-12
-77.6776271096,47.6748364232,0.0
-77.8588457843,47.6298614511,1.02820153675e-12
-76.8985776871,42.4873644744,8.52651282912e-13
-76.8965701333,40.4376649364,4.26325641456e-13
-78.0866600004,48.3489943157,2.20566270112e-12
-75.9071468749,41.544279913,0.0
-75.9092548963,40.7287775968,6.46144867874e-13
-76.8858574702,46.9950991779,1.0320980457e-12
-76.7782222424,41.3839242436,6.39741347981e-13
-77.6454992733,44.4449062177,1.27897692437e-12
-76.3646702011,44.590762605,0.0
-76.5286955662,43.8594888487,1.41906904839e-12
-76.4595691424,37.2411078081,0.0
-75.9120284391,43.0807027821,0.0
-75.9036063571,39.7227871935,2.55795384874e-12
-76.6915297286,41.7173165784,2.55795384874e-12
-76.2512642481,39.2248276874,5.5814551969e-12
-76.3341377644,41.4811607092,1.42962467341e-12
-76.283830206,40.6846565653,6.39488462184e-12
-77.7570666223,45.8077019087,2.62609740754e-12
-76.3500787554,43.4083823807,2.21980432371e-12
-76.3301229078,41.1302566591,1.27897692437e-12
-76.8781671085,42.9872727976,8.52651282912e-13
-76.6031043549,42.9060069489,1.27897692437e-12
-76.1158926642,38.7836749682,2.23284706963e-12
-75.4533496554,42.7475815194,2.63347413677e-12
-75.7817251166,41.7957621854,2.98427949019e-12
-75.8269214285,40.6804507435,2.63841570112e-12
-77.3494046007,43.3282613894,2.13162820728e-12
-76.9950583042,43.7704093943,0.0
-75.896037889,39.9400017772,1.70530256582e-12
-76.2477573587,39.636708153,3.22856059302e-12
-75.8497368659,40.1521475617,2.63966952921e-12
-76.1946706321,42.5562567717,0.0
-76.6836615379,43.5745529759,5.54223333893e-12
-75.9592036719,41.1075348566,2.98427949019e-12
-76.3936952353,45.552654899,3.85236064235e-12
-77.4080213009,46.0102508781,2.13162820728e-12
-76.2308132918,40.3827751938,1.8248007107e-12
-76.8237417138,41.2674741439,1.0666530251e-12
-77.0667885926,45.4398409019,4.26325641456e-13
-77.13705599,40.8396535061,2.22709459384e-12
-77.0107011376,45.822302936,2.13162820728e-12
-76.3512552917,42.5010483291,3.63495938158e-12
-76.2729672391,44.5471963405,6.50934396967e-12
-76.2984582054,41.862555175,5.11590769747e-12
-76.6571201009,44.8184251951,1.80938329151e-12
-77.3963254752,45.6519174848,4.0178328553e-12
-75.7363774082,42.2548767277,7.6160335761e-13
-77.2659243388,44.6811101794,0.0
-76.5744183649,37.8357187101,7.97008243489e-13
-76.5808396794,45.3689942367,1.41230560314e-12
-76.8539696081,36.6072207103,2.64794493792e-12
-77.0456118224,44.8689017896,1.70530256582e-12
-75.7677696936,40.0598575843,0.0
-76.6064910216,39.6233337741,3.0556921907e-12
-75.3678882035,42.7991454594,7.57072903114e-13
-76.3903602117,40.0213612151,1.43601687903e-12
-77.2565002244,44.1428088611,3.88541116995e-12
-75.8877792057,40.8831917716,5.54223333893e-12
-77.9477715873,48.4520165788,8.52651282912e-13
-76.8450643637,42.9955038829,6.23635302055e-13
-76.1324378406,45.2068293543,7.36638490644e-13
-76.463139276,43.1043935232,5.68036270263e-12
-76.4280356402,45.2542769068,2.44641810352e-12
-75.8529285109,43.9728819977,9.45911561608e-12
-76.7498520556,42.6102898333,2.22207859901e-12
-76.2307901261,40.0577343027,3.47248257574e-12
-76.154507588,45.1910744505,2.13162820728e-12
-76.4454073293,40.4618915057,6.42770557962e-12
-76.5518397102,43.5325041347,1.27897692437e-12
-75.7034328,39.4132079217,4.05682521337e-12
-77.0169240308,44.7183005077,4.3060929774e-12
-77.120453033,44.3214989369,5.83655646021e-12
-75.840571529,41.6153192917,0.0
-76.0915857791,41.1022157003,3.41060513165e-12
-76.2520376173,38.0625951784,0.0
-76.2262483742,37.75466999,4.73778898912e-12
-76.7181994488,40.9839425543,2.6376935317e-12
-77.2625598803,43.2316537302,4.3082811297e-12
-76.8095424778,43.0774816178,1.42255587141e-12
-77.0451404561,44.8194073148,2.13162820728e-12
-76.5896064802,39.8557944772,0.0
-77.0608973225,46.8347523156,3.4601256612e-12
-75.893467628,39.6433235698,1.82733092817e-12
-77.8267660609,47.4273932402,8.52651282912e-13
-75.6303985867,39.7180185293,2.64069647542e-12
-75.5372271615,41.0631683806,6.8212102633e-12
-76.8145919431,39.7324079702,0.0
-76.8820750847,44.9338612223,5.02705647373e-12
-77.8181517853,47.3435970523,1.02995973636e-12
-76.2667025096,42.1139572263,4.73204453162e-12
-77.1607540898,44.5500435242,4.26325641456e-13
-75.8470472642,42.3473132558,8.52651282912e-13
-75.3934659107,42.7562689901,1.81659161165e-12
-75.8416860388,39.4235469765,1.83604471503e-12
-77.0588024563,47.3554470213,1.43583640356e-12
-76.6902089455,40.60332622,4.26325641456e-13
-76.7968543484,39.0693866368,4.73607463288e-12
-77.640103275,46.5134197622,1.80343267384e-12
-76.0733100672,43.0403440424,3.23408992005e-12
-76.5477714656,45.0479252237,1.47601157826e-12
-76.604216979,42.6198597245,7.58569066645e-13
-76.2525627173,38.7828229821,2.64289721171e-12
-75.9162403452,41.6282389049,7.66776058306e-13
-76.0431079883,43.4278345434,3.41060513165e-12
-76.7887249531,44.1065491856,7.4605337024e-13
-77.1578753547,44.6599499177,3.41060513165e-12
-76.5364979495,40.6592945773,2.22760268433e-12
-76.8593458288,38.9147607829,8.34112170607e-12
-77.1397894683,45.3943617175,6.23299493885e-12
-77.5406135309,44.5885217419,1.81018919688e-12
-77.0305454994,44.5486616169,1.41598579795e-12
-76.6887791418,44.1353478677,5.11590769747e-12
-75.8677956973,40.4247207512,2.22826259761e-12
-75.7884936138,40.8609891799,4.26325641456e-12
-76.6817181583,42.9959636012,1.81575659491e-12
-77.0751364049,44.3709478048,7.43802345076e-13
-77.657038119,45.8638979064,7.43925958029e-12
-77.2691662724,43.503705735,3.46622445956e-12
-77.8754503686,48.5884768118,1.39781065361e-12
-75.9399218488,42.6161063718,7.58600349225e-13
-76.8014877926,46.7120752588,7.23567150087e-13
-77.0633140093,45.116152624,2.21492033419e-12
-76.1850884965,42.2363456362,0.0
-76.5135619773,46.009605162,4.26325641456e-13
-76.9637832126,44.074864602,3.88552205924e-12
-77.7611792842,47.0608421925,4.00893476881e-12
-76.7117105363,38.4326641573,1.40221123255e-12
-75.902618619,40.2140070632,2.2288544799e-12
-75.9807660345,42.3186423985,1.27897692437e-12
-76.9514942284,44.7653716405,3.04506293823e-12
-76.8664084212,39.7744237232,2.23008634034e-12
-76.8807678409,45.9425218422,6.63765753258e-12
-77.0140082032,36.2862491536,1.09516722603e-12
-76.2258940976,44.8043631248,1.80943259681e-12
-76.7407301276,37.3259252693,8.76578086044e-12
-77.272535584,47.4119193678,1.43484139582e-12
-77.0224997056,45.9035291224,5.66785035395e-12
-77.4177159923,42.7687686691,4.26325641456e-13
-75.4343854657,40.915720298,1.82296822158e-12
-75.8209386479,44.2946670687,2.98427949019e-12
-76.5652596199,40.3250559523,1.70530256582e-12
-76.6438847572,41.9887651099,8.52651282912e-13
-76.5376035608,39.7554267799,3.25954863436e-12
-77.0001325875,46.9863827394,1.0321514957e-12
-75.9880542739,40.9811202586,1.43182286193e-12
-76.0282913897,42.6249765088,1.05859481589e-12
-76.006331931,43.9041650279,2.55795384874e-12
-76.7218405275,42.3565353574,4.68958205602e-12
-77.0911360895,43.8381298886,0.0
-77.6414586399,44.1907752974,1.4175880207e-12
-76.9722439514,47.6482169926,1.7994468897e-12
-75.6186611393,41.7312956827,4.26325641456e-12
-77.2901151039,43.2641758586,0.0
-76.5519977488,41.0547948927,4.26325641456e-12
-77.2190570097,43.2474579943,4.30825790013e-12
-77.5224573072,45.6045286103,4.26325641456e-12
-76.2255762522,38.4154642314,2.55795384874e-12
-76.0410253623,38.7964618377,1.27897692437e-12
-75.7542189532,40.1367775797,1.82632423889e-12
-76.4719956344,42.7424285332,4.85393377974e-12
-76.4894644897,44.6668135901,0.0
-75.9591679103,40.9447172276,4.26325641456e-13
-75.4316499995,42.726671045,8.52651282912e-13
-77.6860503193,48.0080229398,0.0
-76.2462055941,38.9394522249,4.26325641456e-13
-77.9422523537,48.2027131378,4.41216135636e-12
-76.9078238609,37.5282676677,4.73808220914e-12
-76.6878729302,45.2430923168,1.41287103709e-12
-75.4738682998,43.0844298541,0.0
-77.4674648303,42.0231726322,4.26325641456e-13
-76.5732051939,46.5802704709,4.72606024188e-12
-77.2652848754,41.5484427819,1.82078394014e-12
-77.7194238362,44.6671296639,4.68958205602e-12
-76.8667187246,44.3800276993,4.26325641456e-13
-76.0329772394,42.9801510277,0.0
-76.3668997216,39.8710198997,0.0
-76.302603471,43.4327543225,2.13162820728e-12
-76.9546324801,45.0913992232,4.30554324304e-12
-77.3935879256,45.9216616118,1.46091464887e-12
-76.8468045447,43.5643831477,3.46611354243e-12
-77.9047224969,46.9866399223,3.60354052861e-12
-77.1087790017,45.123411413,0.0
-76.9831354857,47.2385872296,1.80088530381e-12
-77.3619628146,44.2225519501,2.83489170425e-12
-77.6464652096,44.9524563776,2.55795384874e-12
-76.6858115202,40.1966861857,3.05452030016e-12
-76.3264087618,41.844891546,5.11590769747e-12
-76.5326454847,40.5262008048,2.63878222855e-12
-76.5115926504,44.3509388445,4.26325641456e-13
-77.1221931108,43.7843241033,3.62600870116e-12
-75.6669005823,42.0114567609,3.05078406982e-12
-77.3418667709,44.8217749813,4.68958205602e-12
-76.7814974347,44.6305360726,8.52651282912e-13
-76.6172099558,38.7020594925,2.55795384874e-12
-76.9475230263,46.4916243566,1.40725645076e-12
-76.0857010008,42.722172219,1.81671031918e-12
-77.500903257,45.9761937103,4.26325641456e-13
-76.0861834252,40.0671377996,4.26325641456e-13
-76.5123027088,42.8575033603,1.8162390549e-12
-76.6272518393,40.6656725281,5.54223333893e-12
-77.65507254,46.0506247079,2.81848250536e-12
-75.7821641187,40.9537145526,5.15627681663e-12
-75.7281248714,40.0318652489,1.07389265478e-12
-77.0624962522,45.0141203743,3.2185766752e-12
-76.2718055821,44.8961039401,4.68958205602e-12
-76.7088709831,44.0442230882,2.21798812522e-12
-75.983427909,44.3704999305,4.26325641456e-12
-76.5383998117,43.456699116,3.04778679268e-12
-77.2164265562,44.1110698345,2.63019250952e-12
-76.5367546165,44.5567634981,1.81030048815e-12
-76.698171231,44.9303973736,1.04470306199e-12
-77.2486963247,44.792422522,3.8843504923e-12
-76.4923768997,40.2055191199,8.52651282912e-13
-75.7383281689,42.8148377139,3.88757572956e-12
-76.9933929215,41.7820494044,4.04215914446e-12
-76.8805771848,44.1678974413,4.02719427691e-12
-77.7615717344,47.070955734,4.00887091339e-12
-76.2032162736,41.0607284792,4.26325641456e-13
-75.6922912556,39.8321258118,1.70530256582e-12
-76.045198055,43.2771126278,8.52651282912e-13
-76.7842750237,40.4877789405,2.13162820728e-12
-77.4053503008,45.8970722506,4.01628467206e-12
-77.355520332,44.6243711106,3.88462495009e-12
-76.2104015879,38.9085900618,0.0
-75.9486557667,41.3957702807,2.22552436213e-12
-75.4489015819,42.342926487,5.85584451118e-12
-76.8892517749,44.6642756336,2.62885808602e-12
-76.3096619297,39.0240715736,3.47433634738e-12
-76.9390663173,43.5319585825,2.13162820728e-12
-75.9856706573,42.0452288809,8.52651282912e-13
-76.7863013642,44.0894990821,3.41060513165e-12
-76.7137495184,44.0117658024,2.63043190531e-12
-76.70537226,45.2505279021,1.27399629109e-12
-76.2038650175,41.9709526697,2.63533648199e-12
-76.4332117638,44.6991193825,4.30612123642e-12
-76.1037361748,41.4943829848,1.06531330069e-12
-75.7027523586,42.3851078108,0.0
-76.3255442958,43.3093154358,0.0
-76.2335399458,42.6794765826,1.42432493766e-12
-75.5711134023,40.335359992,4.26325641456e-13
-75.7467959822,44.0487699035,2.98427949019e-12
-77.0735602032,45.80305274,2.13162820728e-12
-78.0613567974,48.2156519063,1.39948989612e-12
-76.909771771,36.0943783508,2.55795384874e-12
-75.8787795952,44.1563929825,1.70530256582e-12
-76.8109987546,41.8454546666,2.98427949019e-12
-75.3128262177,41.9063791668,1.70530256582e-12
-76.1004228078,42.9894501978,0.0
-76.8569826132,43.681756041,5.57643062441e-12
-76.4864609507,42.6981227283,7.57916407016e-13
-76.8417450162,45.6692946237,3.21340713668e-12
-76.533539375,45.3561208516,0.0
-75.7067190007,42.4970857216,5.57777518889e-12
-76.7294226406,43.5985233329,3.46605112805e-12
-75.7401107094,40.17207816,0.0
-76.4777830141,42.3592634072,8.52651282912e-13
-77.2830715004,44.4244805394,2.83308399702e-12
-76.6233491112,44.3697113418,1.27897692437e-12
-77.1528860681,45.7255505195,3.04306191286e-12
-77.168225264,46.3692194057,6.50223878701e-12
-77.6170756443,48.2634714524,5.676152742e-13
-77.4227641355,43.5786839682,5.54223333893e-12
-77.11183757,46.2254292725,3.60888873245e-12
-76.3551575556,42.4516589324,1.70530256582e-12
-75.8804967786,43.5366143602,4.73014243829e-12
-76.9231278461,46.6477604896,7.24129887875e-13
-75.8770672238,41.3710671271,1.43010936789e-12
-75.8334136303,42.9281218745,4.26325641456e-13
-76.5767485762,45.3395792891,1.80755503268e-12
-75.8297629068,39.2600277419,0.0
-76.646163496,46.1677538841,3.04214034817e-12
-77.4227471748,45.710595042,3.21308104855e-12
-76.469088912,41.9692666739,4.85795706847e-12
-76.8824875683,41.5987001386,8.52651282912e-13
-77.1665500311,45.5028389332,3.2147211594e-12
-76.3256644046,41.0680418899,2.22645036352e-12
-77.2409948062,45.3541902203,8.63645510715e-12
-75.819196928,40.9931121348,0.0
-77.3458757141,46.5661997447,6.42169706135e-12
-77.9956417574,47.8365478977,5.72340389404e-13
-76.3847534211,40.4206674524,3.89145267526e-12
-75.3439514837,42.0154423814,0.0
-76.3926176885,40.1878638979,1.82562433513e-12
-76.9256430258,42.325300774,1.06038235139e-12
-76.8930610124,46.5303773294,4.26325641456e-13
-76.4468731296,42.4710389561,4.26325641456e-12
-76.4929269959,40.6691771634,4.73396565267e-12
-76.0396550139,39.1568609253,0.0
-77.0920473823,43.5405650275,4.43885407576e-12
-76.1978105766,39.5048842379,0.0
-78.0325447355,47.1258915445,1.72684956398e-12
-75.5144039218,41.3881531591,1.82133813442e-12
-77.3949662128,45.447054279,8.52651282912e-13
-75.7759642668,41.5190189012,1.27897692437e-12
-76.1980616052,39.4641446282,8.52651282912e-13
-76.4195470253,42.0357212021,1.81909592378e-12
-75.9033579438,40.411501879,5.11590769747e-12
-76.7801979355,44.1280123945,2.98427949019e-12
-77.5707249061,46.6193790644,4.22004366103e-12
-77.4227852991,43.4653168652,3.6282380892e-12
-75.6559522367,41.0218082828,0.0
-75.4320867667,41.6576741458,1.82040596458e-12
-77.5933732921,45.5733663748,2.62666331238e-12
-77.2377191034,40.3341342391,6.00384428569e-12
-76.1714866512,37.936752352,0.0
-77.3266003025,44.9245720415,1.27897692437e-12
-76.4143235146,43.5376106909,1.06760491453e-11
-76.8356081612,42.6947604725,8.52651282912e-13
-76.0698382785,38.0942996435,4.68958205602e-12
-77.0562425048,46.6289758528,1.17106533824e-12
-77.0355712738,42.7065179721,8.52651282912e-13
-77.7646975725,44.578428317,6.07335284112e-13
-76.7221540254,46.9617018877,3.83144120473e-12
-76.6885498208,43.234598632,2.13162820728e-12
-76.3919351046,40.5113243625,3.41060513165e-12
-75.8190367436,40.526425876,1.43381411257e-12
-76.6442204843,43.3012754099,6.0007287508e-12
-76.7587929838,42.18207373,0.0
-75.7607964278,41.2806705456,3.89006506258e-12
-75.5665149851,43.8567436392,0.0
-76.0787479818,41.4459255373,3.88979770436e-12
-75.8712425023,40.7502273574,0.0
-76.4631486289,39.0130128559,1.8294752816e-12
-77.1589357204,43.9531841454,4.26325641456e-13
-77.3298259314,47.1310454308,6.49927041332e-12
-75.9571071667,38.5853811631,1.33300027508e-12
-76.6000587232,43.8572063919,2.63080440586e-12
-76.5224103338,40.6425223234,1.70530256582e-12
-77.2323963588,45.693773705,2.6263725379e-12
-76.663177975,43.9292930518,8.52651282912e-13
-76.9732871907,42.5744045486,1.05889679861e-12
-76.8454325307,41.8760818275,2.63556355157e-12
-76.7294595808,44.2800093486,0.0
-75.8688800297,41.4180215769,3.88984286389e-12
-76.3292405357,44.7902282135,1.70530256582e-12
-76.016269115,38.9499872051,1.5766529782e-12
-77.2547828487,46.0049250441,3.88236991966e-12
-76.0885792193,38.3964334943,4.26325641456e-13
-77.2580986379,44.535096431,7.27297618595e-12
-75.5990165488,42.0968178616,2.85381424118e-12
-75.874184568,43.4368651003,6.42478644661e-12
-76.9323147999,42.7423237888,4.30899987245e-12
-76.2037594452,39.5103050018,3.89291368106e-12
-76.7477807877,47.3152126742,4.82999245829e-12
-77.1447995437,46.819122384,1.40578167656e-12
-76.5507727111,42.056426974,4.26325641456e-12
-76.4903992995,40.0210293699,4.26325641456e-12
-76.5277849723,39.5724458926,4.68958205602e-12
-76.9038635272,42.1087555238,1.27897692437e-12
-77.596438638,44.7416175038,2.45173026727e-12
-76.4275190884,37.6884452832,7.9814255243e-13
-75.7452163478,40.3693107186,2.55795384874e-12
-76.7678785184,43.8803509115,1.27897692437e-12
-76.9871084587,46.2589284591,1.40830392253e-12
-76.7136104792,45.1089058804,3.61672894502e-12
-76.3151972752,42.7986273086,2.63335152907e-12
-76.1496655763,43.7866428537,2.46159155184e-12
-76.0351229718,42.3492311112,1.42578966106e-12
-76.4328828736,42.2217256186,7.61878184974e-13
-76.8081943612,44.011334287,4.68958205602e-12
-76.2694394993,37.659616439,1.08749533289e-12
-77.4539225677,42.4044818941,5.54223333893e-12
-77.7004560421,46.1021501692,5.91206901915e-13
-75.8278834068,41.5032455049,2.98427949019e-12
-76.7093979348,42.1449833929,1.3343346917e-12
-76.0340097596,40.1829318379,3.89183504503e-12
-76.6142596413,45.6664651552,0.0
-76.2987145847,41.0758452511,7.71296229611e-13
-76.7694042013,43.8352562155,7.47872427061e-12
-76.5173951264,43.7013461427,5.54223333893e-12
-77.5397812632,47.9757251632,2.13162820728e-12
-75.7345368769,44.2431494964,2.21741929288e-12
-76.3967332109,39.2850080984,1.70530256582e-12
-78.1842403683,49.4516947552,2.7035285517e-12
-76.2271279934,43.745489469,0.0
-76.6204006839,46.232877385,4.26325641456e-13
-75.409313257,41.5661670716,2.13162820728e-12
-77.6200739187,44.0546794219,1.0500067212e-12
-76.8201339186,45.4716515895,5.97932008444e-13
-76.6179296511,40.4576286208,1.70530256582e-12
-76.4706479075,43.6862533616,1.81334717067e-12
-76.7404258537,45.2695353792,1.12297010302e-11
-76.3677643537,43.7613978033,3.8369307731e-12
-77.1014249062,43.9560693719,2.21824011462e-12
-75.5062650849,41.8426717118,0.0
-76.334067106,44.0537114387,4.26325641456e-12
-76.2696781541,41.6008749579,0.0
-76.0125559186,42.9351417784,4.26325641456e-13
-75.8815599838,43.1356528365,5.96855898038e-12
-76.1768877558,40.7295934593,3.8369307731e-12
-77.9066499826,48.0239974523,4.26325641456e-13
-75.7282272184,42.1169716805,7.62745754246e-13
-77.1763531695,44.9869803945,3.04460118632e-12
-75.9071693482,38.7884075736,4.73644259318e-12
-76.2428010287,39.9599584101,2.13162820728e-12
-75.3858597397,43.9277243056,1.41876417506e-12
-77.4659755205,47.0793650114,1.40460941545e-12
-77.5829226158,46.0045635193,4.83686178634e-12
-76.8525094532,44.3353240129,6.92940622207e-12
-75.9507488146,40.7753492311,3.89088119773e-12
-75.7443702419,41.2561187634,8.52651282912e-13
-76.086361442,45.6200657748,5.9635545943e-13
-76.0435508351,39.4042845469,1.27897692437e-12
-76.1956248602,39.9656913447,5.96855898038e-12
-75.8961558164,39.0344025075,2.13162820728e-12
-76.2077228211,45.3372573232,1.80756318204e-12
-76.7964141512,45.8133391017,0.0
-76.4561371417,37.9878684003,7.95833110984e-13
-77.1714397727,45.3743421231,0.0
-76.4370123411,39.7601500785,1.27897692437e-12
-76.2125368687,39.3326140539,3.47378447832e-12
-77.2567211461,46.0590600179,1.74243217041e-12
-75.7553175176,43.6636779181,2.21907550192e-12
-75.8109517178,40.2941864069,1.8251046188e-12
-75.7791521218,39.7787736055,8.52651282912e-13
-77.268634543,44.3553743442,3.22376609229e-12
-75.786215637,39.5487599695,3.05584426441e-12
-76.1342536654,39.066421535,1.32402399971e-12
-78.2815241485,48.1427176604,7.10959424494e-13
-77.1525832719,45.1510468092,3.85830817543e-12
-76.5118274438,41.5261537657,8.52651282912e-13
-76.9835133363,44.8357439017,6.04641468244e-13
-77.476294218,44.6786803782,1.48234642368e-12
-76.2198835988,38.1448428002,4.26325641456e-12
-76.1398813111,40.2795229303,1.07244943389e-12
-76.633183473,45.2915091263,2.21441800129e-12
-77.447592536,43.1267889512,1.42233643323e-12
-76.5021978849,42.1857720702,1.33356250682e-12
-76.0252206742,43.5927586296,2.63144143195e-12
-76.7747558956,45.2930721964,2.21441352326e-12
-76.9791827416,44.0639220544,4.26325641456e-13
-75.8683363176,40.0490928432,3.41060513165e-12
-77.6195679687,48.359688994,3.03758101772e-12
-77.535359118,43.3045844152,3.41060513165e-12
-76.3345120022,45.5414872952,3.8369307731e-12
-77.6878599404,42.9193878642,5.15387193528e-12
-76.587747417,37.3574506654,4.73830301915e-12
-75.9211805295,39.5348753613,2.98427949019e-12
-75.9468530198,40.8393284496,4.04802422739e-12
-75.9472115547,42.4548784815,7.59942569388e-13
-77.0379759763,47.1598775547,3.60232350928e-12
-76.0929692459,40.8072070404,1.82334190312e-12
-76.4459695144,43.1439330694,3.88703995816e-12
-76.8601349062,42.8232795298,5.11590769747e-12
-75.6364468512,40.8359230229,3.47107846591e-12
-77.3239054045,46.1698826261,3.88210053853e-12
-76.2979224228,37.4259026805,8.52651282912e-13
-76.5273208667,39.4229182444,2.23106839807e-12
-76.5929224577,41.1105760008,4.04634015424e-12
-76.8792061154,43.9829788431,2.13162820728e-12
-77.5038612876,46.6134163003,3.8369307731e-12
-77.3907079377,43.9147506884,1.2284531968e-12
-77.5826896508,46.6485680626,2.62406711119e-12
-77.4185331629,44.4751515334,0.0
-77.397952387,44.2693562128,1.81130724282e-12
-77.3489252174,48.0353021467,2.4174569372e-12
-76.6742190166,39.7840921732,1.07533242867e-12
-76.7392804672,44.6328404181,1.27897692437e-12
-77.1704971779,45.0804238103,8.52651282912e-13
-76.6199222762,42.3508122502,1.81800193854e-12
-77.171713514,40.9827837294,1.70530256582e-12
-76.153297848,39.3498531498,7.85168963072e-13
-76.8699715512,46.7251637081,4.26325641456e-13
-76.1957679627,41.3586189817,1.80945627893e-12
-76.7175544295,41.2637732526,1.06667485083e-12
-76.3528393731,43.6360239949,2.13162820728e-12
-75.8596810526,40.9254754934,1.70530256582e-12
-76.4647062837,41.1509744026,1.70530256582e-12
-77.2646282619,44.0857590732,1.41805772868e-12
-76.9048187893,46.6741676966,3.88127733962e-12
-76.194816118,42.6855032023,2.98427949019e-12
-76.7354354941,43.4810766225,1.05346361536e-12
-77.306643224,45.7381070242,7.32049183856e-13
-76.1592615583,41.6233272168,4.26325641456e-12
-76.7003794725,43.3544064203,1.81450628526e-12
-76.0036605478,39.8183327064,0.0
-76.756447691,44.9829612481,2.21530181248e-12
-77.2283062859,48.0922320267,8.52651282912e-13
-76.1885039062,44.704044812,2.62876211254e-12
-75.9392930407,41.9140387824,8.52651282912e-13
-76.8702349445,45.8643396183,4.26325641456e-12
-76.3838129122,42.573280393,1.70530256582e-12
-77.1761587922,44.3371863072,3.04595481504e-12
-75.9195874196,41.3860984136,1.43004321513e-12
-76.547275306,36.8909136616,6.30943689222e-12
-76.3052604428,42.2814221806,3.05022538478e-12
-76.8797560034,36.723939869,0.0
-77.7719777656,46.1748029662,4.68958205602e-12
-76.2088156535,43.9632895961,4.26325641456e-13
-76.6370559947,45.6672213433,4.26325641456e-13
-77.0275425399,45.4132586995,4.26325641456e-12
-76.3380545011,43.2819034139,5.57688488242e-12
-76.882867353,46.3078665219,1.27897692437e-12
-76.5972728073,45.7504157248,2.21310305663e-12
-77.5453408756,45.8752314202,5.25186865631e-12
-75.7474362461,40.6022535513,4.26325641456e-13
-76.0472932751,40.0918751971,4.26325641456e-13
-76.9612048486,46.0203508116,6.63698837859e-12
-76.5564508419,41.4551985239,6.85107882879e-12
-76.59127091,43.7246451749,2.21890136916e-12
-76.0622061143,42.8794333052,1.81616266065e-12
-75.703797172,44.917421815,0.0
-77.0323230311,43.8152850857,4.26325641456e-13
-77.1845671106,44.8697942353,8.52651282912e-13
-76.7066468263,41.6028101211,6.8212102633e-12
-76.3738013917,39.5307738154,6.57635295931e-13
-76.6061809221,44.7946886392,1.80946651721e-12
-76.481238571,38.660885098,4.26325641456e-13
-77.4300737475,48.4523840826,1.79662553687e-12
-76.5317421604,43.8334470765,3.88591596916e-12
-75.856136895,40.4435735832,1.0714912096e-12
-76.6296599593,46.4169432527,1.70530256582e-12
-76.774492083,42.7842075992,2.11528628686e-12
-76.3611825144,43.1894381855,3.41060513165e-12
-76.1276495753,40.045767537,1.07381174764e-12
-77.4224754076,46.4880807283,1.70530256582e-12
-75.3530219711,41.4555933939,8.52651282912e-13
-77.3388552259,46.9782929136,1.80179958522e-12
-77.1070981855,46.5294869858,3.46452087775e-12
-75.7864704232,41.5962340021,1.42911763385e-12
-76.2300951443,40.849233248,1.43240120433e-12
-76.248565726,39.7218471924,1.82706296163e-12
-75.5836203621,40.0270115912,4.7348148587e-12
-77.4670918917,45.2734989159,7.36064086637e-13
-78.2046745926,49.0878981517,7.02542539213e-13
-76.4613771164,43.9838044086,0.0
-76.60037384,44.0057484571,2.98427949019e-12
-77.2056373556,43.9317072131,0.0
-78.2146050416,47.9170668954,2.62100836935e-12
-76.8417270927,46.1156498284,1.40894868888e-12
-76.51047603,42.4197488774,6.8212102633e-12
-75.4972735414,41.6150267039,4.26325641456e-12
-76.5439991839,42.4828758502,1.42519727133e-12
-77.0067682228,46.221285661,3.04202880244e-12
-76.8178077627,43.0359160291,5.57716413793e-12
-77.8428851477,47.2588837626,4.26325641456e-13
-77.6492310664,46.4914255856,0.0
-76.2395462209,42.699566272,3.88776326791e-12
-77.001130906,44.9061324899,2.45002683397e-12
-76.0624489649,43.4944837505,1.05338298144e-12
-76.8519280885,43.0010740142,2.63286505094e-12
-77.3195952178,45.6839327766,1.41089036499e-12
-76.8974086716,47.3785063335,1.80039391141e-12
-76.6376417103,43.6884248446,2.98427949019e-12
-77.1075209277,39.7713982447,6.55350306108e-13
-75.8553306589,39.7620503414,0.0
-76.1890537113,38.2495134531,2.98427949019e-12
-77.1831073853,45.0503126567,7.37985264892e-13
-77.4541002859,44.015712035,0.0
-76.2643926879,40.7215976848,8.52651282912e-13
-77.966996036,47.1263643124,1.03129292095e-12
-76.5782087788,44.8350914458,4.26325641456e-12
-77.6202952294,45.6045844792,1.41124703759e-12
-75.4174507285,41.6639403244,0.0
-75.615531292,39.8586023309,1.82659585695e-12
-76.2095127143,39.0671322476,1.39095571566e-12
-75.9288185608,41.5062232348,3.88970009862e-12
-76.4182218584,38.6652566856,4.26325641456e-13
-76.6716880495,41.0484717922,4.26325641456e-13
-77.0195543744,44.730456207,1.80969170875e-12
-76.7443757016,42.5501275081,1.70530256582e-12
-76.9185065786,44.2242938367,2.09796366659e-12
-76.6052184084,46.5344285438,3.41060513165e-12
-76.1082484748,42.3365780715,2.13162820728e-12
-75.6599743389,40.0284545112,8.52651282912e-13
-76.9151231328,45.0962435229,0.0
-77.2217937591,45.3287436481,1.04228117476e-12
-76.3554455579,43.6923424826,1.05219206797e-12
-75.7403758652,42.0885042049,1.81891279236e-12
-77.1886623198,43.9575087828,7.0653732183e-12
-75.8795562452,43.8139109449,4.26325641456e-13
-76.6326299651,41.4815015934,0.0
-76.786504246,40.970463926,1.06840199796e-12
-75.9328282957,39.230338678,2.98427949019e-12
-76.3437847071,41.1022932984,4.73339114272e-12
-76.5478093978,43.2401581726,4.30826862973e-12
-76.1216190213,42.0145484721,5.96855898038e-12
-77.6866095619,44.2970302317,0.0
-76.0380725761,42.5469645294,0.0
-77.3987184471,45.191654301,3.48648840977e-12
-77.3046952785,45.6111548423,1.80660170427e-12
-76.9645491584,45.2223515786,0.0
-76.335148234,42.7388109149,6.26234045714e-13
-77.1659660265,43.6063666936,3.0474756323e-12
-77.4352688555,45.188718445,8.52651282912e-13
-75.7061424829,40.5320043366,0.0
-77.8156508992,46.0079495768,0.0
-76.1743637487,39.0060733278,1.07982559303e-12
-77.4845576133,47.1409916427,2.2091185129e-12
-76.8274394106,39.6338297706,6.56658085608e-13
-76.9196894387,44.4118129307,2.98427949019e-12
-75.8905895665,41.5782940899,4.45001576397e-12
-76.915323386,46.2014047061,2.13162820728e-12
-76.8045275693,46.228387245,4.26325641456e-13
-77.6664584952,46.6248472217,3.46836284782e-12
-75.5345681809,41.4270501849,2.13162820728e-12
-77.8170811729,47.1374294695,1.74002809547e-12
-76.2897585561,38.7638022652,2.13162820728e-12
-76.3657494032,37.7787191658,0.0
-76.0769781075,44.704285617,2.55795384874e-12
-77.3798860888,43.9466148033,1.70530256582e-12
-78.1735967589,48.9398045567,3.1875722412e-12
-75.6392404062,43.824709735,7.67386154621e-12
-76.9918117385,46.6580764064,2.62404416036e-12
-75.5699886317,42.503623931,3.8369307731e-12
-76.9540290215,43.7647444793,2.98427949019e-12
-75.6312111246,41.1361132827,4.31135035725e-12
-77.4432160899,45.3912474673,1.04190067285e-12
-76.2685704487,39.8945674758,4.7349895848e-12
-75.7685626422,40.5768600846,8.52651282912e-13
-77.8359272705,47.9917383953,8.52651282912e-13
-75.9220960345,40.131071836,5.2794389143e-12
-76.1993733501,38.4429390623,3.41060513165e-12
-76.2323975044,39.4377353127,8.52651282912e-13
-76.9636732974,45.7894672057,7.31604087355e-13
-76.0717998001,42.2343310069,0.0
-75.7887175537,41.9543389483,0.0
-75.9626517499,39.4569636368,1.43846636099e-12
-76.0541237304,39.4768102107,4.26325641456e-13
-76.6969503881,43.5602249005,8.12371841566e-12
-76.0025903889,41.4591136596,2.85944353771e-12
-77.2722621592,45.3676463402,1.27897692437e-12
-77.2053383168,45.4886032082,6.64155990103e-12
-76.2971340214,40.3217709205,1.27897692437e-12
-76.1255881385,41.9865487325,8.52651282912e-13
-75.9447412576,39.7944882987,5.54223333893e-12
-76.0867733486,39.4489935373,8.20652444303e-12
-77.1672321327,45.0494759774,2.98427949019e-12
-75.8047815126,43.2871830714,1.27897692437e-12
-76.936042923,46.4972327258,4.26325641456e-13
-77.5788276131,46.6332685411,8.52651282912e-13
-76.7221845046,43.8269430067,8.52651282912e-13
-76.2917528343,44.5832300742,1.27897692437e-12
-75.7841520419,40.8604741589,0.0
-77.5373701598,44.0462775184,1.70530256582e-12
-76.8265185231,41.3312366559,3.8369307731e-12
-76.0191536217,40.1051377914,1.27897692437e-12
-77.5026423487,44.6789208163,3.88453586472e-12
-76.8306422419,43.3277203882,8.52651282912e-13
-76.8349255361,43.3434393948,0.0
-75.8745327973,41.9280217902,4.73229246737e-12
-76.1679477257,45.4939978761,0.0
-76.1120771159,38.5992600072,4.06180263124e-12
-76.9091137869,45.5855958512,5.5742647499e-12
-76.7696561527,43.6752215917,8.52651282912e-13
-77.0147503652,39.5001151149,0.0
-77.6619224134,47.9066142718,4.00359756519e-12
-77.0314253124,45.1952023242,1.41308606098e-12
-77.1347502219,42.1384368407,6.32263025925e-13
-76.8908533985,45.6560599143,3.61288807807e-12
-76.0267773368,39.4317485203,1.82805204834e-12
-77.7599607818,48.5991833448,1.70530256582e-12
-76.8247045161,39.9967251623,8.52651282912e-13
-75.8410137489,43.5908242114,0.0
-75.9294300584,40.9825560675,1.82273792305e-12
-76.2712334035,38.9797618713,3.89376083067e-12
-76.2134816319,40.3071846776,4.68958205602e-12
-77.9309572909,47.1138403756,5.80266625957e-13
-76.8146440816,44.9657262276,1.0444884911e-12
-76.3555566422,43.3279393633,1.05438403848e-12
-77.376459497,46.5581265869,1.40695702868e-12
-76.0816478833,42.985961937,1.51101994775e-12
-76.4579851139,41.2531273396,0.0
-75.3520695127,42.0132728546,2.63523515811e-12
-77.4887966249,45.6766545189,4.26325641456e-12
-77.5734540338,46.2245292587,6.08404408762e-12
