-72.635488048,47.2305600208,2.2088620139e-12
-71.4740001646,44.704723623,4.02381072051e-12
-72.0917095299,41.2922306515,5.54223333893e-12
-72.5114005251,44.440596153,4.26325641456e-12
-71.3427436983,44.1809627579,1.41763191817e-12
-72.5369513905,46.9174423396,1.70530256582e-12
-73.1604302781,43.5915153845,6.17553134344e-13
-72.1247763082,41.1891786257,6.41653600643e-13
-72.8374504819,36.8336873202,2.23820662895e-12
-71.9628512383,39.959556125,0.0
-72.4020182535,44.1030598273,4.26325641456e-13
-71.6860726863,44.6299746366,0.0
-73.5323202296,49.0111053928,8.52651282912e-13
-72.5632902717,41.0290473073,3.05281125809e-12
-71.9099125527,45.2780778701,0.0
-73.2049533335,49.1427900878,1.27897692437e-12
-72.6164740226,44.0951601469,1.49230033601e-12
-71.6994603964,42.6439176721,3.04947427075e-12
-72.6516501176,43.7856612427,2.98427949019e-12
-72.3353285811,42.3401023033,2.22284689867e-12
-72.4430498731,44.9604787234,2.13162820728e-12
-71.8138282062,41.5136829728,1.70530256582e-12
-72.9648674308,44.7373515334,4.02360494558e-12
-71.5214393731,43.8180315083,1.81288649491e-12
-72.9358842999,44.0658146523,1.41814691086e-12
-72.329974754,40.9802038865,2.63770243594e-12
-73.0351374667,44.5286732674,6.84824042059e-12
-72.3210059896,41.2305269213,4.31121265129e-12
-72.9156802362,36.9057737814,2.89871279855e-12
-72.6179569057,38.5039610831,1.27897692437e-12
-72.2051444394,42.7374721755,4.26325641456e-13
-73.1122134819,46.5273673642,1.70530256582e-12
-72.6965835955,45.7752027682,3.04295842802e-12
-72.5220395135,45.9467534662,4.26325641456e-13
-72.8112275156,42.2225841289,7.67386154621e-12
-73.3222581669,42.8341700249,1.42363783028e-12
-72.4171226064,44.8946300827,1.27897692437e-12
-71.9714155438,39.7216753132,4.26325641456e-12
-73.3066527312,47.7198808961,4.30167434659e-12
-73.0471166408,45.6622057834,2.62644877247e-12
-72.7329337578,40.8981263015,7.72742402277e-13
-72.8283259356,46.6065494607,8.52651282912e-13
-73.2068962575,45.7294135889,1.27897692437e-12
-71.7421171553,41.8778430892,5.15514856193e-12
-73.3680620981,42.9083733759,2.98427949019e-12
-73.2175489318,45.1713684786,2.21476217081e-12
-72.2428949822,42.5852050342,1.70530256582e-12
-72.6005316437,37.983692888,1.70530256582e-12
-72.6619716628,37.5964703754,5.58325685746e-12
-72.2143769767,42.8464783621,1.32097744499e-12
-72.9915934723,47.4979876201,1.70530256582e-12
-72.5191873032,43.3428310574,5.11590769747e-12
-72.8796614524,41.7987468284,2.224383391e-12
-72.3574509085,46.2428940229,3.20887659328e-12
-73.8567177124,50.2973600058,0.0
-72.952639868,45.5127936551,4.01871131589e-12
-72.0195269096,40.1437175897,4.45810344468e-12
-72.8911698339,46.5739442698,2.98427949019e-12
-71.7284038799,41.5513707952,2.13162820728e-12
-72.2014556075,43.2394757091,0.0
-73.0255769121,46.261339969,2.81658613833e-12
-72.172911289,44.2512275844,2.21739618802e-12
-72.5600431098,44.8909365862,0.0
-72.8971751528,39.394213565,1.70530256582e-12
-71.9557041988,46.2857529292,3.88191134472e-12
-73.150363993,42.563808338,8.52651282912e-13
-73.4807512359,49.8478543663,5.49806197634e-13
-72.9472395031,41.7913150563,1.06355562949e-12
-72.6137724968,39.3332917501,4.68958205602e-12
-72.8226491456,41.8578042923,6.39488462184e-12
-71.9391450978,43.3148041324,2.55795384874e-12
-72.5475848326,45.8645671707,2.21277591989e-12
-72.2911704603,38.9360516933,3.65947254623e-12
-71.9757932384,40.6056793868,1.82403513323e-12
-72.8230188682,38.7004650507,0.0
-72.5281716753,44.9721165666,1.70530256582e-12
-72.85384843,44.1879423012,6.39488462184e-12
-71.5950599254,41.8283864358,0.0
-72.0392242529,41.1662420986,2.13162820728e-12
-72.0935316076,41.9013103785,3.63912404261e-12
-72.5991581401,41.6326889078,2.85791383289e-12
-72.8319990314,40.3566077834,0.0
-71.7900568659,42.4153619359,2.22263298346e-12
-72.835727389,38.9799944084,3.0570012821e-12
-73.0712639697,43.3614181897,1.0541829081e-12
-72.9812621166,44.4578254981,7.4306109192e-13
-72.5153298002,45.0365137684,2.62795960432e-12
-73.5518442208,48.7775614066,1.795486018e-12
-72.1071454731,42.1015805115,6.32630883691e-13
-71.9527955415,42.4995688728,0.0
-71.8241886843,42.2367230556,1.27897692437e-12
-72.44299902,41.455063736,2.98427949019e-12
-72.3370117063,41.3403137096,1.70530256582e-12
-72.0590962741,42.2250145529,1.27897692437e-12
-72.8438017852,42.7695527558,3.8369307731e-12
-72.8619227176,44.4392664183,1.70530256582e-12
-72.9880866996,47.7304546863,5.7350969113e-13
-73.2024962596,39.0788542166,6.61895382158e-13
-72.1436741263,39.481373952,1.07708575611e-12
-72.3161082529,44.0884040708,7.46207582766e-13
-73.0722462409,36.6279311369,0.0
-73.0653540804,45.4889940056,1.04130537e-12
-73.1041282489,38.6712151432,8.52651282912e-13
-72.3818700764,39.4080935356,9.89361799427e-12
-71.6844099594,40.965942864,2.63773639905e-12
-71.8811173342,40.284094763,3.8369307731e-12
-73.343851422,44.3779449739,0.0
-72.5315034465,41.5094343284,1.70530256582e-12
-72.7776166245,43.7154937786,0.0
-71.7821870398,41.7693038813,4.26325641456e-13
-72.5699794768,43.8479171833,4.68958205602e-12
-72.6787963072,47.0926531756,5.66253126039e-12
-72.3221666741,47.9230332531,5.39544683713e-12
-71.4564697156,41.5109108149,7.67739287516e-13
-72.1832096816,39.3689707933,1.07773515548e-12
-73.121000487,44.115249178,4.68958205602e-12
-72.4981202349,42.8370612731,2.13162820728e-12
-72.6964646739,43.4107882296,3.04788221833e-12
-72.1387486148,39.0967418589,1.70530256582e-12
-73.03334375,45.6933941675,7.32436469998e-13
-72.3733132355,42.9592844682,5.54223333893e-12
-71.873167988,42.687269842,5.11590769747e-12
-72.5966092308,43.1911209209,1.70530256582e-12
-71.9705260972,42.6335486131,7.58454961826e-13
-72.8812725057,41.5313244905,1.42940369272e-12
-72.8240655893,46.2806014107,8.52651282912e-13
-72.7956542798,45.9475503126,1.97240677065e-12
-71.5901890663,43.1478360736,3.8369307731e-12
-73.4401358696,44.002239125,7.46939407304e-13
-72.0256490598,45.2818834706,2.82539368957e-12
-73.0673961841,46.0662869402,1.70530256582e-12
-71.7411813892,44.0692119056,1.70530256582e-12
-72.5725160464,47.1265072292,1.27897692437e-12
-72.5883321207,42.7456975398,8.52651282912e-13
-72.8459629087,38.2884259719,1.70530256582e-12
-72.3791260939,43.4855822229,7.24753590475e-12
-73.0488218957,45.7089602043,7.32301664307e-13
-72.7596187254,46.5882112805,2.2107020963e-12
-72.551244882,45.7213014115,2.98427949019e-12
-71.5116942425,40.6307416434,0.0
-72.4965573207,43.6805662719,2.55795384874e-12
-72.3654491425,46.1160517257,1.70530256582e-12
-72.5567756553,43.0255499451,2.13162820728e-12
-71.9157608949,43.6436635077,0.0
-72.4209918315,46.0746881246,7.29127809181e-13
-72.7645143026,45.7882860348,7.31614326393e-13
-72.4113855154,41.3021560387,4.26325641456e-12
-73.5778665063,46.8264062244,0.0
-71.7185523548,42.8273185096,6.51603766678e-12
-72.2411750068,42.6445417573,1.05847794995e-12
-73.0440024137,43.7271081332,0.0
-72.4576101206,42.2579158328,2.13162820728e-12
-71.1738237338,42.7157724998,1.42416377685e-12
-72.4368604557,43.7547234148,2.21881544948e-12
-72.2137776779,43.4776257607,4.26325641456e-13
-73.0978390179,46.5362631015,9.02936371939e-12
-73.1397144768,44.306038445,1.41707224609e-12
-72.2113364281,43.1094581069,2.13162820728e-12
-72.588004755,43.5057844546,7.51140367774e-13
-71.9381742748,41.6713810376,3.41060513165e-12
-73.3408372297,46.671576737,4.42092644753e-12
-72.9559510905,46.277245721,2.62496355425e-12
-71.9380266048,45.2379622793,0.0
-71.8679149386,42.4484327168,3.8881715985e-12
-72.2716075319,41.4810002425,4.68958205602e-12
-73.0125769805,45.8201100743,2.62606744254e-12
-72.6349024415,38.5999915093,5.96855898038e-12
-72.4842861052,45.7813914951,1.27897692437e-12
-72.8963673589,44.9498905909,4.30575175654e-12
-72.6907922631,42.1150573563,8.52651282912e-13
-73.2814114497,46.8540573729,2.20994040441e-12
-73.1942177652,45.6233965109,4.26325641456e-13
-72.6396846695,38.2727472616,1.58724795686e-12
-72.1669667965,41.7268115903,5.15533327485e-12
-73.0595373761,36.9543868104,2.98427949019e-12
-72.658780568,40.7002558537,2.98427949019e-12
-72.8495131509,36.7165383783,3.06154859652e-12
-72.0128918691,38.2423683401,6.42985300284e-12
-72.1794812562,39.1186395898,7.86997391399e-13
-72.056292333,44.8066100426,5.96855898038e-12
-72.9049446994,38.7442548695,4.26325641456e-13
-72.2232441262,43.4045987855,4.26325641456e-13
-72.4628988229,40.5152927793,1.5516881533e-12
-73.1088274732,45.6973186735,8.52651282912e-13
-73.3899832889,44.2794219498,4.26325641456e-13
-72.2394925113,42.6200624372,5.11590769747e-12
-71.1775125632,42.1339140086,0.0
-71.8249049281,39.0678290237,7.87398223775e-13
-71.8660614548,38.8884169024,8.52651282912e-13
-72.5016292221,43.0612601125,5.6805549708e-12
-72.9271011418,45.2287271378,0.0
-73.004598492,40.4240830287,1.43426125647e-12
-72.9447667646,45.4962359635,4.26325641456e-13
-72.1223451542,39.9894208383,3.41060513165e-12
-72.1285300462,38.6190388495,1.27897692437e-12
-72.6142212809,41.8054572032,5.11590769747e-12
-73.3806141851,48.3702674147,3.03755907543e-12
-72.4020784658,44.9729914705,1.80884124557e-12
-72.3928458835,41.725862042,2.85709191226e-12
-71.8906485151,39.9819719864,4.26325641456e-13
-72.341082795,38.3212336236,3.89480740924e-12
-73.112467516,40.7510846349,1.43283119654e-12
-73.1418855719,43.9281342981,5.11590769747e-12
-72.9498528163,43.5763504647,2.2193248697e-12
-72.3570460207,37.5093628116,1.70530256582e-12
-71.6273470939,40.2711859693,3.41060513165e-12
-72.7478614674,43.4518363036,1.42088839975e-12
-72.4568736257,44.0397832642,1.27897692437e-12
-71.2737998287,42.4937945256,3.8369307731e-12
-72.9249790035,48.6415378765,2.20482732589e-12
-72.7432579954,37.7644027446,7.97557912851e-13
-72.9223281902,40.6205936697,0.0
-72.831266835,43.3169098617,7.52731528555e-13
-71.528680912,41.4747279533,4.26325641456e-13
-73.0202123777,43.8477666968,4.26325641456e-13
-72.7122440585,37.3651024775,3.47727901442e-12
-72.4302090764,38.6926196721,2.98427949019e-12
-72.4255102569,43.785999437,2.63097597625e-12
-72.0464669214,45.5427036678,3.8369307731e-12
-72.8211330043,48.5508159439,3.99953810113e-12
-72.6583977762,39.6891705836,3.41060513165e-12
-73.220294294,45.8210035375,2.21290076648e-12
-71.7178118162,42.4582609713,2.22251101676e-12
-73.2224342507,47.2272957739,4.26325641456e-13
-72.8803788299,43.3419275983,1.31144604832e-12
-72.9443395772,43.2807463117,2.63219246194e-12
-72.0295331501,45.5047488441,4.26325641456e-13
-72.2645026489,45.6507462497,1.70530256582e-12
-73.085255602,42.2914511347,4.44597028851e-12
-71.4451348578,43.4831116782,7.24753590475e-12
-73.0607100535,41.7371671555,1.70530256582e-12
-72.2244497106,40.3365225565,2.13162820728e-12
-73.5203606015,45.9223950573,0.0
-72.9464277052,44.6840847108,7.4112695251e-13
-72.7901696774,47.2361070394,5.7893213002e-13
-72.1512653329,42.6952967227,0.0
-73.2989609813,44.6202959125,1.41566483434e-12
-72.8024735934,38.2002506951,2.55795384874e-12
-72.4582318665,37.633695824,5.16027727779e-12
-72.1077158234,42.4885325483,2.2224249375e-12
-72.3991728136,41.727457203,5.57864605887e-12
-72.1517025058,40.8011685645,5.96855898038e-12
-72.4464009655,45.4968756363,4.42765919369e-12
-72.4032436765,38.2066062979,1.44384328416e-12
-73.3479199934,47.8776666146,8.52651282912e-13
-73.5481264058,43.03829016,2.55795384874e-12
-71.9076674548,41.8333414734,6.35300244128e-13
-72.0437770909,44.1879670371,4.26325641456e-13
-72.2628026881,42.932076656,0.0
-72.3444364714,38.2679027635,1.83199402022e-12
-72.6206836151,45.6068022306,5.96496516132e-13
-72.5318799508,40.8575009387,3.41060513165e-12
-71.8141827783,41.8609740013,0.0
-72.8588446539,44.8410160107,2.21570828937e-12
-71.8888207926,45.1365187112,0.0
-71.8908749375,40.6842258089,1.82376506235e-12
-73.1519386795,44.8290775413,2.21574247281e-12
-73.3835711679,44.7470231986,2.0916321317e-12
-71.54671961,43.8374238571,4.30739016102e-12
-73.6353059309,47.6127925395,4.82843445964e-12
-72.1441215518,40.0612208825,5.11590769747e-12
-72.0715653402,41.1978456056,1.27897692437e-12
-71.6185693273,41.7975326799,4.26325641456e-13
-72.606460235,44.9299374854,3.21924036492e-12
-72.2424334279,37.8873475909,4.47064761601e-12
-71.8442602591,42.7664310488,0.0
-72.641185456,40.5090274631,6.48273865357e-13
-72.2465469051,38.3081629327,5.15947283376e-12
-73.7255749316,48.5802856209,6.20382609922e-12
-72.050006171,43.038653606,2.55795384874e-12
-72.807321674,48.3107137139,7.09468213958e-13
-72.2831813969,42.0617749767,1.42706211278e-12
-71.5930062965,40.6100779516,1.07051687455e-12
-73.7767286051,49.0514604976,2.20365808901e-12
-72.4647590446,44.9367362015,8.52651282912e-13
-73.4664853213,46.2597312894,8.52651282912e-13
-72.2755077624,40.3639977575,0.0
-72.8453432047,44.9342224492,4.26325641456e-13
-72.4204864392,42.8676170004,1.81620382438e-12
-71.97727923,43.8160721926,1.05144645743e-12
-72.4921462087,41.8388844571,2.22426961248e-12
-72.6043224024,40.5957095018,1.70530256582e-12
-72.1913022876,43.5754098647,1.81373449671e-12
-72.3691752983,41.3954940845,2.55795384874e-12
-73.2840830643,45.5836033582,5.96743157378e-13
-72.6048548765,43.9699258397,3.04671934398e-12
-72.4455594348,41.4501515723,2.22537053671e-12
-72.7235150178,42.2387744953,3.41060513165e-12
-73.1765384999,41.1457280921,2.8622003596e-12
-71.2299161557,42.6815431385,0.0
-72.8692175458,43.6626108145,3.8861946107e-12
-72.8008385612,44.0492233586,4.26325641456e-13
-73.6128731216,47.7993889979,4.00427380832e-12
-72.3879760278,40.4804176214,0.0
-73.0640323461,47.2300237884,4.72518986137e-12
-72.2097565342,42.7853566707,1.42385471341e-12
-72.7485489896,37.6208371414,5.96855898038e-12
-72.8062461176,46.3770633624,0.0
-72.2017243232,41.0017244912,7.71899863895e-13
-73.0260918097,41.177228533,3.0525061355e-12
-71.8406955569,42.8568638945,8.52651282912e-13
-73.0819769456,43.180411117,2.63243382838e-12
-73.5799069784,47.0255556305,4.26325641456e-13
-71.3139033156,43.2350935603,8.52651282912e-13
-72.0329691077,42.1845959823,8.52651282912e-13
-72.5793237269,45.757466701,3.88277409147e-12
-72.7795074137,43.4282983072,8.52651282912e-13
-73.5284248994,43.9791299173,1.27897692437e-12
-72.9335463418,41.9752775193,0.0
-72.0298439265,39.4912325167,3.05596151936e-12
-72.1894289028,45.2568320555,5.99866189768e-12
-71.6481960337,42.9951053534,3.88728231443e-12
-72.3704447439,42.0796275092,1.70530256582e-12
-71.9513663737,40.1407520505,7.78860326875e-13
-72.2293714377,39.6270775034,1.83328067922e-12
-71.7753922537,40.4960756144,2.98427949019e-12
-72.3307397916,39.3695525532,2.23121725286e-12
-72.7258471056,44.4307449485,1.04773278979e-12
-72.5014859035,43.3683404029,1.70530256582e-12
-72.3745664231,46.3420638496,0.0
-73.0405059375,45.5450417859,3.04343813413e-12
-71.5604036418,40.308511004,7.77511580988e-13
-72.6234931977,38.1888132336,6.11720359953e-12
-72.9199967863,39.5110980732,3.47346464724e-12
-72.529164661,39.8340775563,2.89864702526e-12
-73.4221403052,43.4437212744,2.21970347216e-12
-72.3494824371,47.072038012,1.40464242311e-12
-71.5940708619,41.0243719278,3.05282088121e-12
-72.0969977103,43.5383173837,6.00047850988e-12
-72.2777007487,39.4293037025,2.23105058255e-12
-72.3281175988,41.0912628673,7.27596915925e-12
-72.7656174373,40.8819982193,2.55795384874e-12
-72.8550120555,43.8078373132,5.57628731564e-12
-71.4423326883,41.4553324777,0.0
-73.1714205508,42.7982971413,8.52651282912e-13
-73.0153312246,41.5132421805,8.52651282912e-13
-71.5550778165,42.7742748489,8.52651282912e-13
-72.8414458557,45.1507820297,1.04336383033e-12
-73.39021272,47.9495801147,2.6209300791e-12
-72.1472264274,45.3405324676,3.04386437558e-12
-72.3152768967,39.6476618118,2.98427949019e-12
-71.7442422449,41.3595510053,3.41060513165e-12
-71.9895183182,45.2057181313,2.21466377293e-12
-71.7332962059,42.3865097973,1.81787788347e-12
-72.7099011624,37.1005825789,4.88283555389e-12
-72.1027230977,41.4864848138,4.26325641456e-13
-72.6387192764,47.4580459724,8.52651282912e-13
-72.8853178433,44.7147725254,3.46400831427e-12
-72.7949866087,47.8634409333,4.26325641456e-12
-72.3190343959,41.9352597961,1.06270176041e-12
-72.104381716,41.7096196955,8.52651282912e-13
-71.8981911199,41.5840312461,1.82066082015e-12
-72.3489847262,43.8279337064,1.70530256582e-12
-72.52064644,37.4712878168,0.0
-73.6133855058,46.6505242554,1.70530256582e-12
-72.8441559814,41.5687347195,2.55795384874e-12
-72.3285846823,43.132721125,2.55795384874e-12
-72.55166837,40.5304334006,1.70530256582e-12
-72.947872692,45.7058052834,2.62634348233e-12
-72.6905373591,42.9110812903,5.5773057887e-12
-72.3695956718,45.7184341046,3.8369307731e-12
-71.8899274383,43.3570121531,1.70530256582e-12
-71.8461854109,39.9183737516,0.0
-72.596371088,46.4560265683,2.62453190735e-12
-72.8274278582,37.256912313,1.27897692437e-12
-72.6889673409,47.0705955206,2.62304870554e-12
-71.817938856,43.3357222892,1.81457150391e-12
-72.4166580751,41.0718134154,2.13162820728e-12
-72.9046556074,43.6684980805,3.04734642746e-12
-72.9361063386,46.5503486884,1.40699204954e-12
-72.7405863612,45.6895222812,4.26325641456e-13
-71.6465647425,41.3735262716,1.80924887243e-12
-73.2774808307,45.205448704,1.04303137149e-12
-71.9301320678,42.6369985421,1.81700676696e-12
-72.0174536903,44.8957879597,1.41442970845e-12
-72.3868185825,45.4092829812,2.21408057427e-12
-72.2837563836,40.4168710284,2.13162820728e-12
-72.6990629253,44.5080052339,1.27897692437e-12
-71.7493746075,41.7344338085,1.82014020314e-12
-73.5759941321,49.9944403672,1.01364118083e-12
-72.6925617026,44.7711141268,4.728487202e-12
-72.3441929638,43.1840089656,1.70530256582e-12
-72.6667240287,39.9993234964,3.65222931706e-12
-73.0608438577,47.8710115009,5.71960127831e-13
-72.4032162199,40.6432186298,7.74809716226e-13
-71.4373305386,40.6446192503,4.26325641456e-13
-71.7412517253,42.8928030235,2.13162820728e-12
-71.9838482657,42.5451142025,3.88801444043e-12
-72.074979792,41.5801706144,0.0
-72.9559938333,40.3593230703,4.26325641456e-13
-72.9150159019,45.7611480645,3.8369307731e-12
-73.486681478,47.6656436096,0.0
-73.3480560216,48.2568231769,5.2403812093e-12
-73.2686322232,42.1565225479,3.41060513165e-12
-73.7771172434,48.4560307502,4.26325641456e-13
-72.4639741661,39.0900715233,5.96855898038e-12
-71.4073356737,41.7750872984,4.26325641456e-13
-72.1800712233,42.9967016695,4.73086521566e-12
-73.311557631,46.1425794634,3.60947078486e-12
-72.9562533012,46.2300457888,2.62507752225e-12
-72.7654821662,41.5058136582,2.55795384874e-12
-73.1946941866,45.5380092192,2.21371173227e-12
-72.6102763855,45.1150435099,6.01703702762e-13
-72.4355658204,42.9625788205,2.55795384874e-12
-72.0594452832,42.8137764557,0.0
-72.0319246957,45.4201459167,1.41207582137e-12
-73.0236236703,37.2087813487,1.27897692437e-12
-72.4444620611,45.1635450202,4.26325641456e-13
-72.2243744661,39.8526258671,7.81168196279e-13
-71.9484779967,41.6206596007,3.46965630004e-12
-72.2178936377,42.4654707178,3.88814390667e-12
-71.9593826125,45.094616757,3.04437688379e-12
-73.5695597294,47.512442059,1.79992359378e-12
-72.4268128896,42.5275908926,8.52651282912e-13
-73.0796107597,48.0774923668,1.40011231026e-12
-72.6426429921,37.5268363551,4.26325641456e-12
-72.2138022952,43.1427675065,2.98427949019e-12
-73.1857844481,47.4614680209,1.02923596706e-12
-72.241666462,39.4379923864,1.27897692437e-12
-71.8883381911,42.1815173899,1.06123832766e-12
-71.7431925376,39.7756836959,3.41060513165e-12
-72.1331802157,44.5849173579,3.41060513165e-12
-72.8148708902,42.2838187503,4.73181787579e-12
-71.6457765377,40.9479748622,4.26325641456e-13
-71.7465777676,40.7689127432,0.0
-71.9463345677,39.3449607112,4.05724392267e-12
-71.8827813371,42.3919957103,8.52651282912e-13
-72.604569482,44.3884834541,5.57562698762e-12
-73.0928410228,44.1436152804,1.81174744793e-12
-72.3984252595,43.46550384,3.88651597906e-12
-71.8129151248,40.5861623515,6.85187576576e-12
-72.2187569387,39.1923366369,6.00503055035e-12
-73.3597069338,46.1485974533,4.26325641456e-13
-72.914841377,44.9989115063,4.02195492575e-12
-72.9798182259,44.2874396186,0.0
-72.2783221495,38.4413037983,1.08305962205e-12
-72.2446681737,44.2849433081,3.46479533775e-12
-72.6555403857,39.1579087597,0.0
-71.7181878553,40.338024431,1.70530256582e-12
-72.9299803924,42.5650754381,4.26325641456e-13
-72.827802112,46.4712089103,3.8369307731e-12
-73.0983489096,35.8899477239,2.55795384874e-12
-72.4730389914,41.3157823212,2.55795384874e-12
-73.5553703806,50.2536191062,6.92077738971e-13
-72.1136747413,43.4167385934,3.8369307731e-12
-71.4509136971,43.6159079694,2.98427949019e-12
-72.4927576766,41.9425834315,4.85809567146e-12
-72.1875525042,43.9825636166,6.84874615428e-12
-72.3939168649,40.9546972901,2.55795384874e-12
-72.4075272449,39.4191167305,3.47362952424e-12
-72.220681882,43.1816054913,5.54223333893e-12
-71.8750653487,43.3768728612,1.70530256582e-12
-72.8166545337,37.7511141225,5.54223333893e-12
-73.1052617245,45.8188002444,4.26325641456e-13
-72.7521247042,37.0410537628,8.03091494957e-13
-72.3607805513,42.0043121633,4.73219075984e-12
-73.0813240499,44.6512798259,1.04639669521e-12
-72.297755362,46.9146650809,5.57275342938e-12
-73.0359321921,45.5798237355,3.8830642671e-12
-72.6635314919,42.3323936318,2.13162820728e-12
-73.4810350875,47.538672187,3.19863569995e-12
-72.434593672,43.5691740769,8.52651282912e-13
-72.05637534,42.4668934176,4.26325641456e-12
-72.5212447521,45.2508008303,4.26325641456e-13
-72.7295049801,44.8562126427,1.70530256582e-12
-72.2788833418,45.6403716117,3.8369307731e-12
-72.2682256055,38.4877480989,8.52651282912e-13
-72.4574282935,39.1725373415,2.13162820728e-12
-73.1892275096,47.1563578922,4.26325641456e-13
-72.2086891579,43.2700880431,4.30822463624e-12
-72.9235513578,45.3268712791,2.13162820728e-12
-73.007129436,39.5097065956,2.13162820728e-12
-72.8361444489,42.9121442499,6.24480604769e-13
-72.5363289706,37.8635312013,1.83335306405e-12
-72.6790889974,46.1715354689,1.70530256582e-12
-71.8107267694,45.1548484274,1.70530256582e-12
-72.9361818371,45.1040216894,1.80838160782e-12
-72.7810522187,46.5378256485,1.70530256582e-12
-72.9573617201,45.5563974576,4.7274334895e-12
-73.4437527587,45.922580538,8.52651282912e-13
-73.3229226905,47.25606829,7.18793056217e-13
-72.3909143426,40.5950250534,7.75199637699e-13
-72.7486774837,44.1451783869,1.04946003223e-12
-72.3894016994,41.819689134,0.0
-71.9424445847,44.7132777931,8.52651282912e-13
-72.6492937165,38.7758939542,1.70530256582e-12
-72.1227254439,40.5982628959,8.52651282912e-12
-72.40282154,41.7718137616,2.85668635155e-12
-72.8072336898,44.8552875281,0.0
-72.1431115562,40.4979021384,3.05390283272e-12
-73.2976258357,47.1073927317,1.27897692437e-12
-73.2387754162,44.9652182876,1.70530256582e-12
-73.1557888796,45.9541383082,3.04258550523e-12
-72.6932688464,37.7427753943,0.0
-72.9564670709,41.250420515,4.68958205602e-12
-73.355113502,49.3405064935,1.27897692437e-12
-73.0676378868,44.8155079413,7.27273158868e-12
-72.7033357549,40.9201324949,8.52651282912e-13
-73.5252842442,42.3113488651,5.15461776932e-12
-72.5498915196,39.7867270761,1.8268414221e-12
-71.7833449846,41.8460277977,3.41060513165e-12
-72.6018561554,40.7151800298,1.43298840883e-12
-72.5774735219,38.4653728486,1.70530256582e-12
-72.9233111854,46.0087563178,1.11475665927e-11
-73.2578363626,45.3043188125,2.98427949019e-12
-72.5618964445,39.5979610264,1.43785567116e-12
-71.8997056645,44.3030453273,2.21724796978e-12
-72.3358302363,43.4694506146,7.51446766108e-13
-71.7321047974,44.0457534809,6.42418574048e-12
-71.9794177926,40.398715581,2.14350680064e-12
-72.5740300662,46.4138072543,4.26325641456e-13
-72.5071838957,41.6902941391,0.0
-72.6858516655,47.3952371662,0.0
-72.4951466991,37.9615440095,1.44488850515e-12
-72.8080630993,40.9555898312,2.13162820728e-12
-72.4787097084,45.4536735214,2.62695235381e-12
-72.795179739,38.7782589692,5.15890937126e-12
-72.8819508713,46.0412750868,1.70530256582e-12
-72.170218034,41.1890401782,2.22610868973e-12
-71.6258966862,45.0496949826,1.70530256582e-12
-72.2085651312,43.3428305353,4.26325641456e-12
-72.5627444458,41.4289240075,1.82119722358e-12
-72.8365343197,47.0458444298,2.20939102123e-12
-71.9856199712,42.6760918144,0.0
-72.9437578279,44.7480133126,0.0
-72.1835476153,45.3127731162,6.39488462184e-12
-72.135820514,39.605893398,1.70530256582e-12
-72.8994321331,44.6664401639,0.0
-71.6504530355,41.4764236233,4.26325641456e-13
-72.1773642188,44.7530259792,5.15161648779e-12
-72.7691245596,37.8501205894,4.68958205602e-12
-72.4481737196,42.8777562098,1.05708344098e-12
-73.1925222127,47.9069450605,5.71563426814e-13
-72.5380253558,47.5375455318,1.70530256582e-12
-72.8648413626,45.4845478144,3.04356421775e-12
-71.9968215733,40.295893272,3.65019753052e-12
-72.3043205675,46.3923861648,4.26325641456e-13
-71.5780347807,42.4651052262,0.0
-72.0331171586,41.4405665405,5.15568302634e-12
-71.5602087001,41.4155907696,1.70530256582e-12
-72.4955715413,45.1026015896,2.62780005137e-12
-72.2090476362,42.2900625591,8.52651282912e-13
-72.2762406834,39.4673033115,8.52651282912e-13
-73.5019551452,49.3473939131,1.27897692437e-12
-71.5084728639,44.0340735175,0.0
-73.6008478933,49.8423905398,2.20140727927e-12
-72.5401174384,41.4265431597,2.22543732236e-12
-73.6420888666,48.5689879586,1.27897692437e-12
-73.2219089134,45.7361809332,2.21314385e-12
-72.2212713046,45.1572725425,2.21480254892e-12
-73.1267981514,44.2861532786,5.99968835211e-12
-71.876342852,41.8867957223,1.06298937469e-12
-73.0021640086,41.4028410867,0.0
-73.0556245857,46.7783950299,1.40596510792e-12
-72.3258059506,41.1316571926,3.24895287367e-12
-72.583122223,46.0597665591,4.30411643327e-12
-72.5752606732,41.6373162487,0.0
-72.9411985272,42.821915762,5.96855898038e-12
-73.2292281249,45.1045417005,4.72803981163e-12
-72.4139460048,38.916870871,1.82980129016e-12
-73.1192309992,46.1083338232,2.21207730657e-12
-73.033612273,42.8233554603,3.4674669274e-12
-72.3028309929,41.5565737729,6.38039880712e-13
-72.3344439032,46.9305970529,1.70530256582e-12
-73.4552089675,44.1874087691,0.0
-72.7543610194,36.975783346,1.44906195734e-12
-72.980640832,45.0395658506,4.84192111769e-12
-71.5382628835,43.9565071929,2.55795384874e-12
-71.6039787998,44.5451749348,0.0
-72.2073153518,40.8817985118,1.43225845858e-12
-71.5406931622,41.9127925045,1.42772064334e-12
-71.4703359035,44.1618349807,3.0463199052e-12
-71.6356267893,41.7639787452,3.05129564532e-12
-72.2121818668,45.2053400089,3.46310972608e-12
-71.4043305835,43.5449127425,0.0
-72.9281554717,42.0416771112,3.0507215613e-12
-73.0063023685,35.9563693774,6.00833252025e-12
-71.8132569646,39.8028638633,4.68958205602e-12
-72.7016171884,44.0488774445,5.57601325924e-12
-71.764425234,40.304828008,1.27897692437e-12
-71.6753063611,41.8317392036,3.88917270952e-12
-72.3041158682,44.2546143787,3.8369307731e-12
-71.7700083345,41.8266412454,2.85620228352e-12
-73.2893970493,43.7742727888,3.8369307731e-12
-72.240268138,38.9934711935,1.07989801492e-12
-72.5364408082,44.0473390228,3.8369307731e-12
-72.8863659008,44.1880140579,1.41760037358e-12
-72.7101345292,46.4116814579,4.26325641456e-13
-73.553287992,46.3033738756,2.21151834369e-12
-71.0542941355,43.4507487658,2.21968341547e-12
-73.032976637,43.9553762526,3.88571704305e-12
-72.8935472193,46.9408166556,3.60386246224e-12
-72.6321335216,41.1548824042,8.52651282912e-13
-72.1218259829,46.2298273665,2.07356802134e-12
-73.2565040789,43.582631716,2.13162820728e-12
-73.1933909496,47.0996585009,2.98427949019e-12
-71.8739195938,41.2050232833,2.13162820728e-12
-71.9700083359,40.0868840103,0.0
-72.4803424893,46.1855792379,1.27897692437e-12
-73.5155919987,49.1910695699,5.78886891282e-12
-73.0037115637,44.2415941162,3.88524992671e-12
-72.9689504879,44.5311060858,5.54223333893e-12
-72.1166791771,45.0828828324,3.4633340566e-12
-71.8503142592,39.0847564236,1.07937315498e-12
-72.5843206785,37.2459170434,8.52651282912e-13
-72.9998958145,46.9721407173,0.0
-72.811367194,47.1112000452,3.20201423335e-12
-71.5326073851,41.816575492,6.3546662776e-13
-72.8046174271,45.1087739759,2.21494146925e-12
-71.8508471771,46.0781581036,1.27897692437e-12
-72.478147115,46.0767376386,0.0
-72.1239924133,39.2675671659,1.70530256582e-12
-72.5147707066,42.466898928,3.8369307731e-12
-72.8682996668,44.1237680808,4.30696865002e-12
-72.8445933008,47.1083804253,8.52651282912e-13
-73.3976110016,45.7130454108,2.21321015014e-12
-71.6751716448,42.1180766597,0.0
-71.6203996488,41.2192357877,4.26325641456e-13
-72.5195514582,43.0435790301,2.13162820728e-12
-71.5506305978,44.1888583656,7.45353399227e-13
-71.5597699408,43.6121804278,0.0
-72.2908548104,42.6706103911,2.22190695125e-12
-72.2532314444,46.3526198906,0.0
-73.0201459039,46.4514398887,0.0
-72.556539259,41.1917437579,3.8369307731e-12
-71.3125208466,43.3325777679,5.11590769747e-12
-72.114772536,46.7315816228,4.4205825937e-12
-72.3363376492,46.2703962335,1.4082523097e-12
-72.1801842003,41.6711208792,1.4287874371e-12
-73.2251887336,47.8273785589,4.68958205602e-12
-72.9273155972,37.582639539,3.89597409754e-12
-71.4629494638,40.660185184,2.98427949019e-12
-73.2299763105,48.1680897828,8.52651282912e-13
-72.4716196513,47.960550854,2.13162820728e-12
-71.7949028556,44.0759591904,3.04649866389e-12
-72.1692484907,42.7647420214,8.52651282912e-13
-72.4125418891,45.65431607,3.04321038087e-12
-73.1697870991,47.8754422624,4.59555190379e-12
-73.1909132006,46.8295595581,0.0
-72.6098585529,42.5997707121,1.05874534481e-12
-72.3515776853,38.2337767095,5.28836239242e-12
-73.379193805,44.9492246495,1.70530256582e-12
-72.2592488398,41.03985958,3.41060513165e-12
-72.7811458673,42.3740216962,2.55795384874e-12
-71.7905950183,43.1336737434,7.54271393528e-13
-73.1474312902,39.0848441641,0.0
-73.0196607365,40.7714513061,2.55795384874e-12
-71.8632409789,41.0018920408,1.06821718402e-12
-71.3973323228,42.4552589516,2.22251955258e-12
-72.0178050769,39.0938241002,2.55795384874e-12
-72.7576233168,47.833145778,1.40121320719e-12
-71.6198584335,41.5011310435,4.45045258228e-12
-71.6593757459,40.7315658119,1.82360221662e-12
-72.5187718175,38.7472531517,6.64995090406e-13
-71.6317709804,44.1015431347,0.0
-71.9776740236,40.5998122585,7.75160918991e-13
-72.1916732966,40.2535953296,3.0544037328e-12
-72.7433466862,46.2860391783,5.89231959572e-13
-71.7945056177,42.2196814006,2.6347406941e-12
-72.9356790993,37.8791924912,1.83330053601e-12
-72.1446644589,41.7016246264,4.73259410452e-12
-72.5990901877,42.1103661331,2.85369437571e-12
-71.8594116749,42.6197374053,3.46783828733e-12
-72.2565522132,44.0097899477,1.41839738633e-12
-72.592010754,46.2053495515,8.52651282912e-13
-73.0919995172,46.2234625992,0.0
-71.9085045686,41.1625863796,1.70530256582e-12
-73.568500361,49.8935275052,1.39194024555e-12
-72.6630155338,41.2210094979,1.54022406033e-12
-73.004506418,46.8020664273,6.42146443291e-12
-72.7903702844,46.8733171194,6.92011019422e-12
-73.0678566282,42.6023621137,4.26325641456e-13
-71.9597701126,39.0730273722,0.0
-71.9467449051,43.4724993025,4.26325641456e-12
-72.9603442996,47.3198788663,4.26325641456e-13
-72.6829276962,38.8829340182,4.26325641456e-13
-71.8752446353,42.0070692123,1.70530256582e-12
-72.9427360372,42.5364259249,2.11824699171e-12
-72.5889537123,37.1075301192,8.35311625605e-12
-73.1154199424,46.0695234534,7.2917271594e-13
-73.2815994952,49.0392570665,4.29974170399e-12
-73.3200067582,44.7709928712,8.52651282912e-13
-72.5097307651,37.0413424133,3.8369307731e-12
-71.296826033,42.0563916816,2.13162820728e-12
-72.8541563753,43.9009687969,4.26325641456e-13
-72.9739875267,46.9617645924,7.454829568e-12
-72.2796476645,38.6373100923,6.00560372795e-12
-72.2817432358,45.7668221982,4.72715115899e-12
-71.8881559325,41.239252139,1.06681944159e-12
-73.1818152515,44.3661704466,4.26325641456e-13
-72.2969569355,43.750069976,1.27897692437e-12
-73.2015825401,43.6472269271,2.21912248344e-12
-72.4322570818,43.3995611263,1.27897692437e-12
-73.4109849074,46.0059598581,2.13162820728e-12
-71.6114150406,41.813416824,1.27897692437e-12
-72.0347659295,41.3596465475,1.70530256582e-12
-72.9759969177,42.5750402721,4.30924534443e-12
-72.4061976829,46.239309279,1.80439560885e-12
-72.4748186488,44.6203089844,2.6289641832e-12
-72.647067123,47.5922454223,1.40229864287e-12
-72.8490175062,39.9441437455,4.26325641456e-12
-72.5480346681,38.2551381375,2.23431008835e-12
-72.6753912561,40.7877693919,8.10018718767e-12
-71.9834841831,38.7693840675,7.7026031525e-12
-73.3065342368,47.6330207567,1.70530256582e-12
-73.0309095268,45.8205244905,2.62606644175e-12
-72.9857566937,39.9806315786,3.41060513165e-12
-73.7187876962,48.5923598478,5.63953691096e-13
-72.8207901861,45.9469826899,1.4097074875e-12
-71.3963763751,43.6446389897,2.13162820728e-12
-72.2455189299,37.8809760223,1.70530256582e-12
-72.3888969352,43.8799993422,8.52651282912e-13
-71.673938036,43.7326795408,8.52651282912e-13
-72.6892173229,46.0360781296,1.27897692437e-12
-72.7448233434,45.2443553664,3.8369307731e-12
-71.2907521189,43.0544731978,5.54223333893e-12
-72.5946963012,44.6672762294,8.52651282912e-13
-72.6556674649,45.2384002233,3.46304916126e-12
-72.8828733155,43.0183904854,1.81567842146e-12
-73.3146351479,47.8702126413,2.62112120395e-12
-72.0664384432,42.4781599046,4.26325641456e-13
-72.4916883054,45.9810563375,3.41060513165e-12
-72.2557082288,44.2164530901,4.68958205602e-12
-72.945386669,40.7289275341,3.89095606072e-12
-71.3483703521,42.3942610497,2.98427949019e-12
-72.3430503101,43.2641222578,7.5317552584e-13
-72.1535356465,38.8851657887,0.0
-72.2820868313,47.5251446039,3.45886323943e-12
-73.2024080407,47.2989437395,2.20866620382e-12
-72.6489392701,42.8466263161,1.81627694291e-12
-72.2078042636,40.3048543519,1.27897692437e-12
-72.9025253924,43.7594248027,2.55795384874e-12
-73.0521625719,45.5343930776,7.33812134333e-13
-72.2525699871,38.9306778501,1.44073822243e-12
-72.976062368,40.6992503054,8.52651282912e-13
-72.5290992379,44.2750800346,8.52651282912e-13
-71.0326133608,42.9863925085,7.55506367071e-13
-72.8345500692,48.1577022642,2.13162820728e-12
-72.6786687467,46.8562827679,1.73079761016e-12
-72.6017665381,47.010081105,3.88072934962e-12
-73.074922768,36.8905464583,8.04233232692e-13
-72.0028216912,38.3032467919,2.55795384874e-12
-72.6716103921,43.482499145,7.51336746369e-13
-72.7176996704,43.239697514,2.13162820728e-12
-73.0169603183,39.1249319223,3.8369307731e-12
-71.6238081595,43.0416068764,2.63276761028e-12
-72.3477445056,45.0139676373,1.41389951756e-12
-72.9867429982,36.5599858435,4.07409750239e-12
-72.1025350738,40.3725039384,6.8212102633e-12
-72.1270685431,39.3198683773,2.98427949019e-12
-73.0855673368,43.8024456146,4.30744163679e-12
-71.8524405335,40.6369214085,4.68958205602e-12
-73.0350522489,46.9765425413,4.83176656164e-12
-73.0503317395,44.3001342295,7.44405954664e-13
-72.5283742662,38.2702482386,2.55795384874e-12
-72.4409484567,39.6026964242,1.27897692437e-12
-73.4454818814,50.339594835,8.52651282912e-13
-72.8575037288,46.2276328734,3.46123707053e-12
-72.9274965316,44.7643449441,8.52651282912e-13
-72.9467951463,47.5948557861,3.8797763185e-12
-73.1945689529,42.5874627039,2.55795384874e-12
-73.022970191,47.9011101397,1.02653427568e-12
-73.3245122424,43.1511079584,1.70530256582e-12
-72.5312940152,37.7382664567,4.31625085073e-12
-72.7602441458,42.2813203097,0.0
-72.3114691169,41.5259208669,1.80712644787e-12
-73.0388082091,41.5380138469,3.8369307731e-12
-72.867514467,42.8998887574,5.11590769747e-12
-72.376054977,38.8732516073,4.31462769338e-12
-71.5180007856,42.2496423431,4.26325641456e-12
-73.1793882946,48.2462251271,4.26325641456e-13
-72.7451671486,37.4474692049,4.47306255829e-12
-71.8598199724,43.1672776168,7.53989277695e-13
-72.5625934578,42.3464285248,1.27897692437e-12
-72.4400879991,45.8032528983,7.87832445494e-12
-71.9743660943,39.7893578453,4.26325641456e-13
-71.7955581637,45.925908925,1.27897692437e-12
-71.7960793719,41.4543512987,2.55795384874e-12
-72.2180770046,42.9266243708,6.8212102633e-12
-72.9298119797,44.2772909676,3.88519165479e-12
-73.0112239072,47.396503661,5.57220640381e-12
-73.0233870393,37.8566346045,1.83337619247e-12
-72.3521286544,41.0973912691,1.27897692437e-12
-73.0020613005,36.1352973066,1.83909212313e-12
-72.5635500481,41.8499388011,5.11590769747e-12
-72.9491820343,48.7197994944,3.87794760412e-12
-72.8613576405,44.2893209067,6.10347310307e-13
-73.631673041,47.4098189799,3.19965403204e-12
-72.2950252973,40.8764875028,4.68958205602e-12
-72.5946498275,37.0620081849,6.3079486692e-12
-72.4254808087,42.25311834,5.15468911771e-12
-72.2106394579,39.1850192733,1.70530256582e-12
-71.8247584781,43.7895384747,1.05160640912e-12
-73.2132204497,45.5941715273,4.26325641456e-13
-72.6711151764,47.5733904484,1.79970959515e-12
-71.9188306257,44.4056197245,8.52651282912e-13
-72.3353550422,40.4469892677,6.48873183078e-13
-72.8545607312,45.192856476,7.36758821138e-13
-72.8104245678,38.4654248396,2.13162820728e-12
-72.0539348931,43.6690802344,3.8861840605e-12
-72.0362350526,41.8211944755,7.65188303103e-13
-72.3946884848,45.4811414459,2.98427949019e-12
-73.0918910476,36.3930311371,1.27897692437e-12
-72.3953994907,38.1806270393,7.79006023055e-12
-71.6072062993,43.4655152737,3.4662942629e-12
-73.0237174783,42.9831128548,4.26325641456e-13
-72.3285691228,45.1577347137,2.13162820728e-12
-72.8607110299,44.6903801823,2.55795384874e-12
-72.7734514841,44.711139803,4.26325641456e-12
-73.1692878809,42.1309230018,1.81876558138e-12
-71.7034803909,41.4629446362,4.31087338941e-12
-72.8376501047,44.4400506535,8.52651282912e-13
-72.6084257249,46.0702886179,1.458332126e-12
-72.2969138576,39.5997396887,2.98427949019e-12
-71.4194260912,42.2488604059,1.42623423171e-12
-71.8430740211,42.5211771938,4.26325641456e-12
-71.7312723548,44.219473776,1.70530256582e-12
-72.6558713356,42.2117160626,1.27897692437e-12
-72.1535270103,39.4004357702,1.07755345947e-12
-72.7719618074,45.556069376,1.41146508026e-12
-71.9521442923,39.6031779995,3.89276504439e-12
-72.7747515127,46.958909964,7.2140406334e-13
-72.9902493238,46.6072559824,8.52651282912e-13
-71.7522549765,40.1163880576,3.05468470101e-12
-72.8755075925,38.726371989,7.9008269984e-13
-73.2602928354,41.4407308389,7.68314637966e-13
-72.3713634105,43.7788218654,7.48833252726e-13
-72.092838318,46.803065788,3.41060513165e-12
-72.5005138724,37.8530852405,4.47083610962e-12
-72.5881737267,41.4761454621,3.88974878992e-12
-72.136124538,37.7941008975,3.47652232972e-12
-72.1796794257,45.4916747467,4.26325641456e-13
-72.2571284953,43.5333802765,0.0
-72.4625848037,40.5392976822,1.82426325713e-12
-72.0693799544,45.0111574675,4.43044211989e-12
-72.3516266603,40.507844632,2.55795384874e-12
-73.2034168113,48.1874843526,2.62035743194e-12
-72.8905714791,44.3621664041,0.0
-72.1664180128,41.4064103866,4.26325641456e-13
-71.7007664015,40.5829956069,2.2278174461e-12
-73.2304852799,44.6830075793,3.88452919045e-12
-72.6796381791,38.6627452553,1.08179443496e-12
-72.4268263102,47.535448144,1.40255455805e-12
-71.9949368465,38.9482418822,3.4744717755e-12
-71.4864335709,44.6879355058,8.52651282912e-13
-71.6458733777,40.0618786018,1.82590057495e-12
-71.9279471068,43.5342582837,2.98427949019e-12
-72.6678074689,43.0694924816,6.8212102633e-12
-73.280799172,47.799794571,2.55795384874e-12
-72.5946595123,44.9168968554,8.18970566039e-12
-72.3346870416,45.9277891363,5.93073890744e-13
-72.9083539609,47.9898967183,8.52651282912e-13
-72.166671607,40.5088647594,2.22802600025e-12
-72.3976920687,44.6869688982,1.27897692437e-12
-71.7483919345,43.9551911247,3.46539880714e-12
-73.4965819383,46.9836502996,1.44237393287e-12
-72.5105635984,37.6414577106,5.58320742436e-12
-71.9402296297,45.0327970327,2.82763004905e-12
-72.614383565,43.8990883316,1.81260303071e-12
-71.7445974034,44.2154288722,4.26325641456e-13
-71.687480579,40.3737686278,2.63914408161e-12
-72.5225991464,43.349626495,4.30810770823e-12
-72.8379732555,43.6242835292,2.98427949019e-12
-71.726460117,44.6971068083,4.30612420146e-12
-72.3888478517,43.1528006626,4.26325641456e-13
-72.5360290902,41.228165062,8.52651282912e-13
-72.9972198328,46.5171097995,8.52651282912e-13
-72.6550094603,40.230808154,8.52651282912e-13
-73.1196155428,43.6517889798,1.49981533849e-12
-72.2322490548,41.5669329771,1.06488431268e-12
-72.9383693431,45.1273579611,3.0443086518e-12
-72.1477317547,40.7515958876,3.41060513165e-12
-73.0416352656,44.2767664572,2.13162820728e-12
-73.0626671858,45.6439477042,2.62649286448e-12
-72.3760116839,39.3211637403,3.65685686342e-12
-71.8139134824,42.0849760483,2.47902492565e-12
-72.5521184161,46.5513306052,1.27897692437e-12
-72.6092349771,42.8050858827,1.42376706173e-12
-73.0450530969,42.6165328213,8.10018718767e-12
-72.7499967542,45.3214090163,2.13162820728e-12
-73.1439214561,43.4642385465,8.52651282912e-13
-72.7944829112,45.2193881956,4.68958205602e-12
-72.5451995125,47.9193127878,1.70530256582e-12
-72.5646048137,43.0133200267,3.41060513165e-12
-73.1098706704,49.2982673183,6.07127523983e-12
-72.1616557381,40.9507490118,4.26325641456e-13
-72.7779688521,38.5611263727,5.58219247863e-12
-71.5639457055,44.8455834291,3.8369307731e-12
-72.2819783963,46.5408283299,7.2506470956e-13
-72.6246992319,47.6666210099,7.15173615035e-13
-72.4973031501,45.568443115,1.41140947114e-12
-72.1808931518,38.0022859003,8.52651282912e-13
-72.8570374657,41.2062379601,1.43083428731e-12
-72.9679924952,46.1258199878,2.43736348544e-12
-72.2209050676,39.5385881468,1.83448338255e-12
-73.0684848443,36.0850918466,2.55795384874e-12
-72.8214520886,42.9841849585,2.55795384874e-12
-72.4033329382,38.3373848207,1.07417466321e-11
-72.0589089666,42.3917134056,2.13162820728e-12
-72.6914326827,39.7901318209,1.70530256582e-12
-73.1934320426,36.3403782593,4.73960983667e-12
-73.271952244,43.3761156485,0.0
-71.9188724697,44.9947553814,1.70530256582e-12
-72.8674206884,46.4089711462,4.68958205602e-12
-73.2437200478,43.0237378253,1.4227949862e-12
-71.6222779456,41.8065553616,3.41060513165e-12
-71.8994357872,41.6613687296,6.3700429623e-13
-72.3210848504,41.5626228756,1.70530256582e-12
-72.8962865851,40.6343800164,7.74881249362e-13
-72.5308313417,44.752932298,1.28386984544e-12
-73.1249291398,42.9736597246,4.68958205602e-12
-73.1169151671,48.2558073852,4.26325641456e-13
-72.7599120819,48.0832807715,4.26325641456e-13
-73.7075260808,50.4093415941,3.40050146235e-12
-72.5273241651,40.223277335,3.05446583874e-12
-72.0502055364,41.5473916096,3.41060513165e-12
-72.5971760709,44.2912505063,2.55795384874e-12
-73.086428893,41.4268760895,7.68428150566e-13
-71.5028401597,41.6480672537,1.42888910582e-12
-73.2892030205,43.2324927051,0.0
-72.8533575061,40.1483270281,1.43546406754e-12
-72.7347726825,41.9810304902,3.41060513165e-12
-73.1950249971,45.7209726158,1.41072384701e-12
-72.2638440825,46.9059100345,1.40539077082e-12
-73.3251806074,48.3577106738,2.55795384874e-12
-72.5317311645,46.0464615063,1.70530256582e-12
-71.9283019653,44.6766211571,0.0
-73.2062999486,45.5538865168,5.15063015188e-12
-73.2162344049,46.3295237004,3.8369307731e-12
-73.2625079259,47.806370958,1.27897692437e-12
-72.9128566966,44.2675675845,0.0
-72.0316061774,41.085132483,5.96855898038e-12
-72.7235003842,46.9715914093,8.52651282912e-13
-71.8104942277,40.129308756,2.22909214327e-12
-73.2954725862,44.7239077514,5.15165234628e-12
-72.5726487691,38.6489887941,4.26325641456e-13
-73.0684639856,45.7411002916,2.13162820728e-12
-72.8848202889,45.9109102286,1.80554909752e-12
-72.813736271,43.1888063799,1.27897692437e-12
-73.4877831124,47.7940916755,4.99451365217e-12
-71.4084947087,41.8338397221,0.0
-72.704914121,41.6991745124,2.55795384874e-12
-72.5489833255,43.0052045649,7.55348762052e-13
-71.3651601454,42.6603878091,0.0
-72.8163612391,38.5906549437,1.70530256582e-12
-72.1239912648,43.2526605631,4.26325641456e-12
-73.2578281524,42.6814722925,1.27897692437e-12
-73.0773071466,35.8093453835,0.0
-71.8401596558,43.9811833998,8.52651282912e-13
-72.2208298196,42.9800681158,3.41060513165e-12
-72.7533387246,43.8503309381,0.0
-72.8242103904,45.5624846894,1.8067725794e-12
-72.2759234628,39.9789643866,3.41060513165e-12
-71.7411172911,41.876614635,3.41060513165e-12
-73.1016563874,39.1289516134,2.13162820728e-12
-72.78902727,47.2088991049,1.80098957509e-12
-73.3876885543,48.7109487322,4.26325641456e-13
-73.1417098091,45.4786955672,1.41181276822e-12
-72.1338457741,46.5743843566,1.03467595629e-12
-72.3116845982,41.0934854114,0.0
-71.5987890654,44.6035243348,0.0
-73.5308234624,50.2124545324,4.81488386059e-12
-72.6420584951,40.7277832796,1.06982703145e-12
-73.1971074041,45.9385099982,6.50391820641e-12
-71.9237568972,41.0621593484,3.47066905805e-12
-72.4087080707,41.0013178777,1.70530256582e-12
-71.4267366075,42.4274984336,8.52651282912e-13
-72.2567834962,39.4155035662,1.4386457728e-12
-71.6825993976,41.5859936142,0.0
-72.328404084,44.1434782671,8.52651282912e-13
-73.120823066,42.6830703192,3.8369307731e-12
-72.5671997988,40.1994920268,2.55795384874e-12
-72.8960319405,43.4612187522,8.52651282912e-13
-73.2260853306,42.0590290799,2.2236451546e-12
-73.2777461653,44.1505813023,3.88539848413e-12
-72.0724926023,39.3945634359,3.65635730269e-12
-72.6567332712,39.4012907491,1.07754852137e-12
-72.6875008129,43.0887685894,6.22687993028e-13
-72.545557407,44.164920267,4.26325641456e-13
-71.8999804076,41.8858440929,4.31025515028e-12
-71.3778761248,42.8507973383,1.81626241421e-12
-71.3915909281,42.8442058178,6.25168552249e-13
-73.0414201789,44.0389214694,1.81211384411e-12
-73.0535377423,47.8022045536,1.70530256582e-12
-72.3701345718,43.3873275126,2.55795384874e-12
-72.3293425063,42.341158964,7.27488645008e-12
-72.0101011131,41.1657317838,8.52651282912e-13
-72.8882094244,45.0013389665,1.70530256582e-12
-72.9029412454,48.6943518294,5.65538598467e-12
-73.2299345328,44.8332884156,1.04529262506e-12
-72.6280590904,46.0987038808,3.8822167708e-12
-72.429178199,40.6722214977,0.0
-72.7681764442,42.4295057766,0.0
-73.7168488488,48.760965842,1.02124246273e-12
-72.2982528283,40.9810459522,6.85151407534e-12
-72.4541525659,44.510128421,6.08048255176e-13
-71.6726877069,40.4797634598,6.94344384592e-12
-72.2793815151,43.8909683279,1.70530256582e-12
-73.0180856244,44.2238980371,7.45055198806e-13
-72.6567577424,40.8087309897,4.31182733659e-12
