-75.2360402277,49.5981406453,0.0
-74.4790139747,47.3517378922,1.72353751427e-12
-73.8567676977,42.1896231737,1.27897692437e-12
-74.5297917523,48.4475472141,0.0
-73.5944801911,45.1147608449,2.55795384874e-12
-73.9124761448,45.7408329416,1.03977020932e-12
-73.9550205159,43.417417469,4.73030208477e-12
-73.8537313494,40.9359123608,2.86404234795e-12
-73.7044238108,43.0139919166,7.5527512899e-13
-73.9774022986,39.3282912899,3.05629335852e-12
-74.2218201455,41.9742821549,5.27065702236e-12
-74.6120948773,43.3181999554,7.52720673671e-13
-74.4972694394,48.0688764441,3.03818453703e-12
-73.9967460121,47.6216717446,2.20774239559e-12
-72.9174671062,42.336321703,2.22285764259e-12
-73.5557024262,44.3762531932,1.41675793492e-12
-73.4152778224,39.8032040952,3.05532505374e-12
-73.1463116225,43.9515134032,1.27897692437e-12
-73.1391497572,44.5144205886,1.76478182149e-12
-73.1020893256,40.5506942137,2.55795384874e-12
-73.820447367,42.8068889687,6.25546050328e-13
-73.247245588,41.3953913658,0.0
-73.70279726,39.9897137904,1.43615457287e-12
-73.7908083544,38.2777040871,2.13162820728e-12
-73.9245408856,43.9087254316,3.41060513165e-12
-72.8729793626,42.6829188129,3.88779034643e-12
-74.3919552426,44.1358364079,4.26325641456e-13
-74.4441332501,46.6409092357,1.03426860301e-12
-74.4891490029,45.2310664376,8.18873208789e-12
-74.6397754141,45.102450764,5.54223333893e-12
-73.5811687273,41.4633518587,3.8369307731e-12
-74.4392125114,38.2035821445,6.42989020756e-12
-75.1307521834,49.0699932015,7.02702577608e-13
-73.7523956801,40.8917214052,2.63791311408e-12
-74.1799822933,43.5557645693,1.27897692437e-12
-74.3738549868,42.6664044591,1.51636200171e-12
-73.5210710453,39.7662779596,4.68958205602e-12
-74.9744017807,46.9360464516,1.44320928886e-12
-74.332967882,41.1339772394,1.70530256582e-12
-73.2773401847,39.3042147741,3.89324315761e-12
-73.9817626867,41.5453539054,1.42934187599e-12
-74.3337776193,42.67783669,3.88779861265e-12
-74.8363626213,43.8622553839,3.46556882471e-12
-73.3845624588,44.4463795952,1.41644393286e-12
-74.5622215339,47.9407043946,4.26325641456e-13
-73.272055732,42.2918629941,2.22298397406e-12
-73.5902389363,39.9358250105,4.73493517216e-12
-74.1697642218,45.9800473536,1.0383102254e-12
-73.4522008858,39.3695282568,4.26325641456e-13
-73.408561853,40.2627947348,2.13162820728e-12
-73.6357570984,40.9984927601,7.70079654876e-12
-74.1497122379,41.0468522146,4.26325641456e-13
-72.8490799844,41.5181161264,8.52651282912e-13
-74.2085663498,44.2127354764,3.46492750969e-12
-73.0648708612,40.636924933,0.0
-74.5254277456,44.2881019643,1.41715252334e-12
-73.7203635911,45.6242192684,4.30475811166e-12
-74.914887289,46.9204126555,4.26325641456e-13
-74.9354784864,44.5034312012,4.68958205602e-12
-72.6084824159,42.0491613171,6.33153621238e-13
-74.7239199557,46.9910839641,1.40500710451e-12
-74.1203125649,43.083509276,1.70530256582e-12
-74.1434331587,44.7711880476,1.41498847858e-12
-72.679925252,42.7367184464,1.70530256582e-12
-73.6310236857,41.5723341151,3.41060513165e-12
-73.2915895411,39.6459135388,3.41060513165e-12
-74.1212944407,42.0650451016,6.00203126674e-12
-73.8151229005,46.0535479964,3.8369307731e-12
-74.6416610567,45.4830224156,1.27897692437e-12
-74.1817417528,47.1990925066,4.8306006415e-12
-73.3990952444,41.4254873316,1.70530256582e-12
-73.8512410659,44.2107003321,4.26325641456e-12
-74.2574068395,47.2380113535,4.00781624367e-12
-73.5013200541,38.6844737425,0.0
-74.3268403717,44.9103661202,1.80906088618e-12
-74.3886837151,42.3991085703,2.22267918752e-12
-74.0798832519,39.7098853555,4.26325641456e-12
-74.7716198213,43.594487474,2.63143726873e-12
-72.7182541635,42.60910697,1.27897692437e-12
-74.3726079069,43.357105493,4.26325641456e-13
-74.0717044295,39.7094705003,1.27897692437e-12
-74.0942491259,37.4474812702,1.44707124005e-12
-73.9059866082,39.8211130164,1.27897692437e-12
-73.7051697589,43.5623968862,3.04756705785e-12
-74.1654704517,41.8266043817,7.65143722104e-13
-74.6675033538,43.3479618272,1.27897692437e-12
-73.3670822637,44.6831439767,3.88452896769e-12
-73.9249695891,42.8789733463,8.52651282912e-13
-73.9332456524,40.3001843296,4.73445401345e-12
-74.532868946,41.3495997102,1.82147134817e-12
-73.8200658127,45.2697150106,0.0
-72.9801155288,43.8258088057,4.26325641456e-13
-73.2960440584,44.7472090925,5.67302468546e-12
-74.6508071735,43.6136041884,3.8369307731e-12
-74.2756929007,42.7119074376,1.81674605218e-12
-74.4648345394,42.0653862503,2.13162820728e-12
-74.9193790997,48.0183875323,1.70530256582e-12
-74.1930905581,46.0335913635,5.91941656554e-13
-73.7367110276,40.4784004081,1.07128756044e-12
-74.4713641783,48.52308499,1.02270729944e-12
-72.839021326,40.0524625292,4.69138777069e-12
-74.1684941308,45.6744413794,3.41060513165e-12
-73.5934034756,41.8125422062,7.65259595846e-13
-73.7778652599,41.3136646879,5.15583793763e-12
-73.3939266268,41.6740394229,6.3687893988e-13
-73.6736896053,39.2224491337,6.42890897649e-12
-73.6599460876,37.5807787064,1.83429988731e-12
-73.7852239339,45.7090304354,5.95408501877e-13
-73.7873975713,37.8676792205,6.53504795345e-12
-74.5363059715,45.9659298477,1.27897692437e-12
-73.2566093183,41.6396201579,2.22483423348e-12
-73.6011103806,44.0998329495,1.70530256582e-12
-73.8392485212,39.0003306627,1.44043824964e-12
-74.1126079203,47.0735319136,2.20931171897e-12
-74.4722069037,45.3828720115,5.98873163997e-13
-73.4342612363,43.9407823877,1.41870582144e-12
-75.0427160638,48.9802118301,7.03504728549e-13
-73.6333275097,41.4696741847,2.55795384874e-12
-74.3413243439,38.7773310304,1.70530256582e-12
-73.4066534657,43.0066430772,2.22094997806e-12
-73.6014144933,39.5449000656,6.39488462184e-12
-74.7754114342,47.465893528,1.0292087879e-12
-73.7062639743,39.9091468604,1.43650492791e-12
-73.7649677056,44.6397393046,6.42359927021e-12
-73.9595443194,44.4323854951,3.4645254134e-12
-74.1003031825,41.8876505514,7.64640418906e-13
-74.4550545112,41.1619557008,2.98427949019e-12
-74.1209103376,44.5173894576,1.81043845549e-12
-74.470995673,40.9231033194,1.82294278682e-12
-74.0233209974,42.9880594378,1.05642294051e-12
-73.5154077977,44.7514741503,2.55795384874e-12
-74.8709128729,44.0897732082,4.26325641456e-13
-74.24074577,39.9066715285,8.52651282912e-13
-73.3178515497,45.5873429845,3.88305198421e-12
-74.1109525316,42.3170967433,2.63450717547e-12
-74.4833239647,42.7130674223,2.22178611016e-12
-74.0362164173,43.7727971499,2.13162820728e-12
-74.1539074355,43.639124267,6.17064405173e-13
-73.96572225,43.7741158756,1.77539048095e-12
-73.9320007372,43.1708238129,4.03346541457e-12
-73.6467631262,45.2267073675,4.68958205602e-12
-73.1331195987,39.6335659584,3.05567131837e-12
-72.922087265,42.6873015802,1.25350802098e-12
-73.6158102027,43.4706857612,2.13162820728e-12
-74.1341812255,47.1118032234,4.26325641456e-13
-74.7420606065,46.4894287767,3.46075771049e-12
-73.6091509267,41.0673261018,2.57435807124e-12
-73.8259291319,38.6094315619,1.27897692437e-12
-73.0905263882,42.1910313804,2.13162820728e-12
-73.0881756832,39.680750043,6.39488462184e-12
-73.7652431297,40.1626382709,7.78684574531e-13
-74.5851453622,41.992449288,1.33721743271e-12
-73.531282212,42.8534324857,2.55795384874e-12
-74.4643700642,48.1808741371,4.30099799968e-12
-73.8168372161,43.5734479584,4.30777855782e-12
-72.665922172,41.7600710951,2.55906811161e-12
-74.5684408572,46.6747849242,2.62400383064e-12
-74.4335425395,43.0485511826,1.0560604613e-12
-74.267524476,45.3717646538,2.13162820728e-12
-74.3057528108,42.9008456758,0.0
-73.5869783921,42.0749149753,7.63093699881e-13
-73.3565062737,45.9564729004,3.21113929519e-12
-74.3640206088,45.8029384935,7.3148730152e-13
-73.3236168596,39.2922041166,1.70530256582e-12
-73.9574136238,46.6662613787,1.40647010408e-12
-74.1340453471,40.2121976474,2.63952723234e-12
-73.5463402945,37.5353718432,8.52651282912e-13
-74.525221307,41.7692324822,2.55795384874e-12
-73.2038792727,40.6614990715,4.26325641456e-13
-74.4917902413,44.2479151231,3.22461165178e-12
-73.4871390307,39.001700763,5.15864080373e-12
-74.9626706185,48.1202567793,0.0
-73.4704909995,39.4795462248,1.70530256582e-12
-74.0665589489,43.8946777126,4.02891462767e-12
-73.5421893617,43.2369078517,1.81491634391e-12
-73.2949366638,41.178922183,8.52651282912e-13
-74.0201039278,42.4042969492,1.70530256582e-12
-73.0670332465,43.8220300663,3.8369307731e-12
-72.7528091605,43.5908919866,0.0
-73.9362415894,41.2377852697,2.13162820728e-12
-73.7788935484,41.4593889418,7.70042011369e-12
-73.7890819859,38.7487923149,4.31480644521e-12
-74.0558269689,42.2342332137,3.05032308582e-12
-73.3068418553,41.0019270653,2.86346313052e-12
-74.0273099168,43.272826576,8.52651282912e-13
-74.2778422601,44.5882286587,5.11590769747e-12
-73.1767869338,42.6258117305,0.0
-73.5714316047,45.7138004192,2.13162820728e-12
-72.991113135,41.5302923762,0.0
-73.7499032372,39.2778257669,7.85739331448e-13
-73.6717304061,39.5329266013,3.8369307731e-12
-73.0075515933,43.3348843061,1.27897692437e-12
-75.0177101976,47.6300728875,2.0564004752e-12
-72.5679855443,42.651553966,2.22196118273e-12
-74.6500629377,47.4311772077,0.0
-73.6037838664,38.4509207798,0.0
-73.7554311517,42.5113505843,3.46803585928e-12
-75.2132234641,49.1775273958,1.01867620178e-12
-73.5092205205,43.4003324555,1.70530256582e-12
-73.6486721662,43.7534038286,4.72985198214e-12
-73.129636282,41.9088129057,6.10199263878e-12
-73.9247194029,40.9587756999,1.82281987605e-12
-73.8737151504,44.4583601257,4.26325641456e-13
-74.2761633906,38.3821506504,4.26325641456e-13
-73.4127412848,42.7011026263,0.0
-74.4859695006,42.4661098545,0.0
-74.1881415498,44.5887162002,2.55795384874e-12
-73.3574267676,39.87520706,7.80987717808e-13
-74.0456542966,43.4369814972,1.81421799247e-12
-74.2917128932,38.675972922,4.26325641456e-13
-73.4962237522,38.177366762,7.79007055188e-12
-74.3682704811,46.0969133552,4.01502251061e-12
-74.0208863789,38.6300065099,1.44203058308e-12
-74.406304467,41.3334193355,3.05218425792e-12
-73.3975485344,38.5686212511,3.47514850585e-12
-73.4415813248,45.5692176796,4.72741628756e-12
-73.5398342986,39.5787847771,6.00463006815e-12
-74.0299347561,37.1008564148,0.0
-73.6558049447,43.3665360524,8.52651282912e-13
-74.4983099735,47.4058630319,2.55795384874e-12
-74.6351279117,47.3656736707,0.0
-73.2335027363,43.1293107639,6.8212102633e-12
-73.7767563869,45.7518912421,3.88278319852e-12
-74.5788270004,47.2092751887,2.13162820728e-12
-73.8632933834,41.6170168961,4.26325641456e-13
-75.1801761423,48.6564913963,2.61922973605e-12
-73.4158030337,40.5945400266,4.26325641456e-13
-73.7754781109,43.5534227596,2.13162820728e-12
-74.6243774548,47.2303803345,4.26325641456e-13
-74.6926730719,42.4676463274,1.32821108494e-12
-72.9775028404,41.3878281475,4.68958205602e-12
-73.9721823726,41.2628627039,4.26325641456e-12
-72.8926633328,42.2482064879,2.63467232537e-12
-73.0604326361,42.6691123566,3.88781280271e-12
-73.5420219337,41.9556080918,2.55795384874e-12
-73.8172633175,38.4258266788,8.52651282912e-13
-73.1978785826,45.4408736567,8.52651282912e-13
-73.6110707787,46.0060733807,1.27897692437e-12
-74.3513958186,46.903415306,4.00992881243e-12
-73.3779108682,42.7522832805,4.26325641456e-13
-73.5279393629,43.2723371918,4.26325641456e-13
-73.1214797545,44.0327046582,0.0
-73.7394865897,46.8668484703,8.52651282912e-13
-74.2163217743,43.6508840146,5.11590769747e-12
-73.6669335872,42.325906657,2.98427949019e-12
-74.1650376194,43.3013635719,3.41060513165e-12
-72.9835621623,40.386060004,1.43442728131e-12
-73.1114386664,42.6094689398,4.26325641456e-13
-73.5003501567,42.3890310309,0.0
-74.7129144227,48.3253944949,2.41442851562e-12
-72.5691937476,41.7199395142,7.67386154621e-12
-74.4987299415,45.7921210082,7.31581082256e-13
-74.0855741395,37.2114390132,3.06056296096e-12
-73.6463405071,38.5026330533,6.8212102633e-12
-74.4679759971,46.4607069932,1.8036178557e-12
-73.5944232042,41.6471635762,2.55795384874e-12
-74.134129569,39.9103083115,2.22970597693e-12
-73.7762949453,42.1018411388,2.635023043e-12
-74.479713557,44.8109457852,3.41060513165e-12
-74.2464335212,45.7597852927,5.94867613835e-13
-73.9679521883,43.980910768,1.81231681283e-12
-73.9822840705,45.6346861582,5.99826230385e-12
-74.0717557609,42.0482761215,1.70530256582e-12
-75.1061029614,47.4328894052,8.83313089277e-12
-73.1836005241,39.6943021065,3.89261911185e-12
-75.2706533494,50.1064477614,2.20065759223e-12
-72.55160588,43.8333615107,6.15066050619e-13
-73.1260129963,42.2219341315,1.70530256582e-12
-74.0990247868,40.0576503739,6.8212102633e-12
-73.8410333151,45.1756422153,3.21730287695e-12
-73.5136732298,42.1136584871,1.81882550057e-12
-73.4464666374,43.6007342338,0.0
-73.5797896069,40.4470078013,2.98427949019e-12
-73.6513038025,43.1668855652,2.63246635972e-12
-73.2703936613,41.0873711066,3.8369307731e-12
-73.2129591887,42.5565170196,1.27897692437e-12
-73.2650877186,41.1829499414,1.06715129601e-12
-74.3147298152,43.9818672115,4.26325641456e-12
-73.7344228283,42.3494171166,3.46833089518e-12
-72.8800726451,40.5716457031,3.89120955751e-12
-73.9811421345,44.6817753711,4.72860706427e-12
-74.6984946794,46.5306909799,5.86595027614e-13
-74.1450690974,45.0247286908,7.38205175085e-13
-74.083572209,38.6067785718,4.26325641456e-13
-74.5451678411,45.8308495454,1.70530256582e-12
-74.921098776,48.1968734886,2.13162820728e-12
-74.7485509319,49.000729378,1.01976553163e-12
-74.6986707785,47.4738071189,1.02916018585e-12
-73.0511463354,41.1901012376,2.22610569243e-12
-74.2886907167,43.492566039,0.0
-74.2489724837,38.8736985248,6.63815738412e-13
-74.4047258614,44.3763912636,8.52651282912e-13
-74.468909581,43.4880511067,1.81403964831e-12
-74.9380191474,48.9779609646,3.18727134404e-12
-73.9049991334,41.0001394445,0.0
-74.4852460811,42.7470744192,2.13162820728e-12
-73.3261434111,44.7034401581,8.52651282912e-13
-73.287723033,40.8746594039,1.4322897552e-12
-74.2355464905,37.1202251392,3.41060513165e-12
-73.1902599692,40.7295575242,1.70530256582e-12
-74.1775074755,41.5514843401,2.55795384874e-12
-74.4147697347,40.5023278219,6.27748222142e-12
-74.9766375179,46.243080703,2.8167504933e-12
-74.9146976541,47.4670458404,4.26325641456e-13
-74.2278278663,45.6745302255,9.54794531521e-12
-74.8807836704,48.9339711802,2.20399303857e-12
-73.8073596936,43.9653575684,1.70530256582e-12
-74.2698973692,45.2683869134,2.98427949019e-12
-72.715820046,42.3870805837,3.05000656086e-12
-74.6060135806,47.4733707256,3.03942199606e-12
-73.6782983128,40.0138571618,5.96855898038e-12
-73.7618781165,41.6208610595,4.26325641456e-13
-73.9793781902,44.9369220005,8.52651282912e-13
-74.4111093384,38.8807434525,4.26325641456e-13
-74.7184430181,44.7095895551,2.21608456827e-12
-73.7274383322,42.2168839968,1.81846715734e-12
-73.1915671266,39.3488061187,8.52651282912e-13
-74.0907954748,44.7883115952,0.0
-74.0340224237,38.1245900617,4.0646879869e-12
-74.3749783011,46.073706674,1.25749694611e-12
-73.5296242615,41.8532084972,1.27897692437e-12
-73.5205767186,42.6791182426,1.27897692437e-12
-74.0854347782,47.4400639605,4.26325641456e-13
-73.3483853075,43.9715437477,2.83713668503e-12
-74.5433743516,43.9230432417,1.27897692437e-12
-74.1764397329,43.6894635952,7.49589208622e-13
-73.3193539725,41.6276882114,2.63615758303e-12
-73.8257688067,37.470473767,1.27897692437e-12
-73.9652960554,41.6275893181,1.70530256582e-12
-73.7203703994,40.3922857418,1.36698217152e-12
-73.8366644938,43.3963929138,0.0
-73.8577093685,42.3442944054,8.52651282912e-13
-73.5199367449,38.7133062423,7.90185100723e-13
-73.482889916,43.4535288567,2.98427949019e-12
-72.9810428677,42.1100502787,3.88872121262e-12
-74.6203571339,45.5204526285,2.13162820728e-12
-74.8367825628,44.869433823,4.26325641456e-13
-74.7043998303,47.1896519668,7.19377275659e-13
-73.5811230061,44.1016872997,7.27335413896e-12
-73.1067974005,44.9322538239,0.0
-73.2617947458,45.4782896474,0.0
-72.9508041021,42.1590554259,3.05047869675e-12
-74.3705464735,44.9084039317,0.0
-74.9650646466,48.6714129197,1.27897692437e-12
-73.4208835969,39.3114950354,4.26325641456e-13
-73.4343141686,43.1934149632,4.73060198663e-12
-73.159790002,44.2182947256,4.8462231623e-12
-73.484760375,45.4583099662,6.8212102633e-12
-74.8323477191,42.5553982941,1.05901025764e-12
-73.8573089069,45.7691162879,3.88275506293e-12
-74.5554284179,45.5695545665,1.04081450423e-12
-74.0715956286,45.3332443428,2.82493235707e-12
-73.5347531233,44.8405614769,7.39786272818e-13
-74.083298924,41.3654649113,1.82141653308e-12
-74.4179989905,40.6549618135,2.13162820728e-12
-74.3304845282,45.0487073549,4.68958205602e-12
-73.1995583588,41.2139334589,2.98427949019e-12
-73.9140798747,38.1718122196,3.89504406783e-12
-73.6454588926,43.2186990679,1.70530256582e-12
-73.8728001438,37.9373887528,2.13162820728e-12
-73.6238637268,41.5505054626,3.8369307731e-12
-73.1163461359,44.2175308386,2.21749256435e-12
-72.9674236441,44.6910233506,2.98427949019e-12
-73.4238383648,43.6670986817,0.0
-74.3128977586,44.5831539712,6.84818995407e-12
-73.8950921253,45.0830287104,8.52651282912e-13
-72.9868618804,43.5263183391,4.68958205602e-12
-73.8535930421,45.6871162737,2.82175210736e-12
-74.9038017066,46.280316979,5.66616428739e-12
-74.564346924,45.0938255872,1.27897692437e-12
-73.3051920954,45.2043479014,0.0
-74.6567200399,45.7876254615,2.62614589103e-12
-73.1138848426,40.3243691572,3.2551824448e-12
-73.8919291071,45.9815138218,5.25135533339e-12
-73.5251119093,39.1428295737,4.73597832335e-12
-73.0727787776,40.5925757934,8.52651282912e-13
-74.0885632988,39.4828411543,4.68958205602e-12
-74.4167701407,45.3949397089,0.0
-73.8031858689,43.3160769356,2.84298696808e-12
-73.7166725249,43.7904229873,0.0
-74.1858121546,43.9359840348,4.68958205602e-12
-74.4103571034,46.6816851994,2.62398717551e-12
-74.2323655707,47.1939604995,2.62275113083e-12
-73.9995522617,44.6131139622,4.72869917973e-12
-74.8218459789,43.6373220753,1.05252341171e-12
-73.6804784386,40.2871464196,1.27897692437e-12
-73.478839725,41.2499449241,2.63705951555e-12
-73.8225792176,42.5663589664,1.88391864866e-12
-73.8269760782,37.9373097977,0.0
-73.4496946946,40.3232634622,3.89160940607e-12
-74.7557308842,48.2634036586,3.03778077381e-12
-74.8561042404,44.0891148837,4.72940197587e-12
-72.6326883566,42.0666306863,1.33581645292e-12
-73.7288340474,43.6432482031,4.72999958471e-12
-74.3774710648,41.619948279,1.82053653643e-12
-72.8001421802,42.0768396892,7.63077780843e-13
-73.08015442,41.8153093289,3.88919934685e-12
-74.2693951066,47.0478581205,1.03177448832e-12
-73.8995143686,42.0479618573,8.52651282912e-12
-74.492430271,43.9939989845,8.52651282912e-13
-73.1494286701,39.9423103457,3.05504080001e-12
-74.4264435266,46.5013373909,1.03512312158e-12
-73.2847845288,42.3536028363,0.0
-73.6965981513,45.0340085972,4.72813445635e-12
-73.3180424999,40.1174258128,3.05468257689e-12
-73.738842469,43.4861317672,8.52651282912e-13
-72.7771410304,41.5383934102,8.95283847058e-12
-73.5172749696,39.0065944126,5.11590769747e-12
-73.1953831615,41.6094122313,7.66930733123e-13
-74.1999838203,41.6314353604,0.0
-73.9205944984,37.1990946079,5.58369257918e-12
-74.5655583292,47.0370914442,5.40477913063e-12
-73.8793247477,42.3583989853,4.26325641456e-13
-73.5177090224,38.2407455379,1.084202261e-12
-73.7461992311,38.8804798126,8.97740964456e-12
-74.3631792249,41.2022763755,6.41525223051e-13
-74.0947794837,42.158753246,1.70530256582e-12
-73.1050676564,41.2406704287,4.26325641456e-13
-73.478297054,41.9386576132,3.24268960725e-12
-74.5438119163,47.3184402783,0.0
-74.7703029801,49.1009057963,3.42209964221e-12
-72.9238454182,44.9417255259,0.0
-73.250693146,42.9502422474,2.13162820728e-12
-74.2542181635,45.2154993353,1.41299493198e-12
-73.4604580323,41.4984288106,1.27897692437e-12
-73.7240727548,42.0610792334,1.42706518964e-12
-73.9802869548,38.0241594733,8.52651282912e-13
-74.054974044,36.7283150505,5.16134905477e-12
-73.9158648061,44.0493279487,2.55795384874e-12
-74.0984296923,47.1220825007,0.0
-73.5666862518,43.2820239068,1.27897692437e-12
-73.7924357165,45.2888234214,1.4126656788e-12
-72.9105288235,43.6456894571,2.21912687411e-12
-74.1143207529,45.8756545332,8.52651282912e-13
-73.9615246972,44.2060156191,3.46493980926e-12
-72.9885934903,40.9498371732,1.43196009811e-12
-73.3862616425,43.4649272057,0.0
-73.7182600105,43.5485742476,7.67386154621e-12
-73.48859759,41.1686135843,3.89024622981e-12
-73.7241512202,39.4053942353,6.58821317069e-13
-73.1936267258,45.6791134022,8.52651282912e-13
-74.0617403261,41.3133543795,8.52651282912e-13
-74.0013853902,42.0619745228,8.12488487655e-12
-74.7384282804,48.0768474151,3.03816798751e-12
-73.8714976667,41.93847779,8.52651282912e-13
-73.0585921372,43.7380253908,1.41961150768e-12
-74.0370924634,44.9804834888,4.72820627788e-12
-73.2385281786,40.9369885393,2.55795384874e-12
-74.6691118956,44.7736636236,2.62859409241e-12
-73.2319755284,39.8907772857,0.0
-73.0627615986,40.5060214449,0.0
-73.6730885145,42.122436756,1.81879503492e-12
-73.5512639765,40.8259628225,1.27897692437e-12
-73.1995987968,45.1713103416,1.41319332362e-12
-74.0062918518,43.3011987682,0.0
-74.3276070347,46.8296001979,1.40573448448e-12
-74.5245430223,45.3577821672,0.0
-74.7292829571,44.3743032948,7.43773730134e-13
-73.9741447727,43.6629977153,7.49812938838e-13
-73.8732122053,40.9658264613,5.96855898038e-12
-75.0248674797,49.2962019858,0.0
-74.0269808826,42.7610499559,6.26009395617e-13
-73.856249555,45.7983967159,4.26325641456e-13
-74.4040613619,45.2564218594,1.70530256582e-12
-72.9998164509,40.8563473047,1.70530256582e-12
-74.0465250833,40.262754383,5.54223333893e-12
-74.2186074268,43.702186891,0.0
-74.2173055874,43.3594322559,0.0
-74.2591248662,45.4153691374,3.46272495607e-12
-74.6325754764,45.5244744549,1.75019772945e-12
-73.7553284468,39.5032292139,4.26325641456e-13
-73.9331137751,45.3548413327,2.98427949019e-12
-73.7042349489,42.0136505803,8.52651282912e-13
-73.4227589467,40.8905806754,8.52651282912e-12
-74.3348249965,40.650154318,8.52651282912e-13
-73.9520662524,43.1053627754,0.0
-74.8273127756,46.6115982262,6.63190524831e-12
-74.6104874048,46.4613680875,1.27897692437e-12
-73.9034349398,44.5105293533,2.62922906691e-12
-74.1101860414,37.413950451,7.79247885052e-12
-74.2083812525,43.6696962127,6.39488462184e-12
-74.0847026405,47.1704423328,5.80863914934e-12
-72.9528643708,44.5088299537,4.26325641456e-13
-72.8792238948,45.5240497677,2.98427949019e-12
-75.1670841229,49.4311995465,1.79319862714e-12
-74.7455392349,47.5003321907,2.20808966947e-12
-74.4373115392,47.2926552336,3.45928814748e-12
-74.8981990234,44.8987450052,0.0
-73.1311513868,42.3885841815,2.55795384874e-12
-72.6550664733,41.5101389998,5.11590769747e-12
-74.7840138442,45.9228128853,3.04265078922e-12
-73.5169470943,43.9566694178,1.41863482133e-12
-73.9475713586,40.8542331704,4.26325641456e-13
-73.2088075561,41.3993223065,1.82129953559e-12
-73.1522681918,41.2747907106,6.00286087753e-12
-73.5524338508,44.4527113579,1.41641557721e-12
-74.3498663271,38.6275706245,4.68958205602e-12
-74.7219502505,44.823539922,4.26325641456e-13
-74.0547059739,44.3061378953,1.41707180097e-12
-74.6483965424,44.7360404832,2.21600884455e-12
-74.3056251674,45.5241597609,2.62678214065e-12
-73.4228244924,45.4720017413,1.04140887963e-12
-73.3659373222,39.6878515371,1.07589053863e-12
-73.9001434488,38.2911494122,2.23421063703e-12
-73.6767136137,38.02966457,1.44459825987e-12
-73.2233400119,42.7625074973,5.15406450236e-12
-73.4067747326,44.0629454965,1.04995680133e-12
-73.7957826619,40.9950141604,0.0
-73.5571735207,44.1450686387,3.46505135676e-12
-73.9215036408,44.2871996117,8.52651282912e-13
-73.612182824,42.3946991987,5.57789118382e-12
-74.0524738691,41.8602876002,8.52651282912e-13
-73.6757847069,38.5053578009,7.91811670301e-13
-73.9379011913,41.814568993,8.52651282912e-13
-74.3930713177,40.4462772368,3.8369307731e-12
-74.2234624354,36.832960335,3.06131720468e-12
-73.2962421661,40.8270794036,3.8369307731e-12
-73.8747541258,45.2429980077,8.52651282912e-13
-74.227283223,46.3337612666,5.14966998637e-12
-73.7321374911,39.1144038758,8.52651282912e-13
-74.0600225272,45.5392047598,7.69706545916e-12
-74.0405373681,41.5211815077,4.26325641456e-12
-73.7290015357,37.6136786075,1.27897692437e-12
-73.5264960667,43.3525113974,3.04800333e-12
-74.4566365135,44.2521183719,0.0
-74.7816152641,44.4392083966,1.27897692437e-12
-73.564572823,44.2709618489,7.67386154621e-12
-73.1107476123,41.4575375189,5.15566230265e-12
-72.5092342535,42.4272480266,4.26325641456e-13
-74.738319243,46.537428286,1.03490220356e-12
-73.8468435711,42.639814817,3.04948277778e-12
-73.6652951369,38.2614765104,4.26325641456e-12
-74.403220716,44.3548189609,8.52651282912e-13
-75.1246019447,48.2830822961,1.79721916447e-12
-73.8806439501,40.9008254693,3.05307508004e-12
-73.3486051095,42.0571251094,2.55795384874e-12
-74.7321955874,45.2016498098,2.82611422762e-12
-74.2831566047,44.3658967249,8.12308961712e-12
-74.9074164594,46.6790010948,1.03403530631e-12
-74.0495224781,45.9591867856,3.88244461845e-12
-73.2938716374,39.3068901446,3.05633691262e-12
-74.4567454929,45.4857879798,4.68958205602e-12
-73.44453299,41.6147866165,3.8369307731e-12
-73.4145522873,38.3593645647,2.64388805908e-12
-74.939244914,48.5439908638,2.61950007585e-12
-72.761798798,43.3071766261,1.0545087484e-12
-74.1295644045,42.811390911,3.88758133824e-12
-74.0756115448,43.5103155626,6.8212102633e-12
-73.9360926898,44.0287023286,4.26325641456e-13
-74.1906585069,43.4242560184,8.52651282912e-13
-73.7375654009,42.6788255065,1.32418454512e-12
-74.5029787532,46.5779803725,2.98427949019e-12
-74.2369087969,40.7633218202,5.1565086307e-12
-74.498440057,42.8905788635,4.26325641456e-12
-73.7445011148,40.7983088007,4.26325641456e-12
-74.7769303909,46.5983954606,2.55795384874e-12
-74.5138339529,41.9700084112,0.0
-74.473694895,42.2228825399,5.57808574587e-12
-74.6062592073,44.5159877394,0.0
-73.2922302843,41.752766859,2.63585854843e-12
-73.3782635809,43.9786391725,1.81232475996e-12
-74.6480137128,43.1251446741,3.46691608487e-12
-74.2857657291,47.9464905029,8.52651282912e-13
-74.0056387833,43.0098489396,2.55795384874e-12
-73.8290001862,45.8404507567,2.62601832105e-12
-74.8703017401,44.3917442106,6.92919964217e-12
-73.6723444085,37.8420075528,3.89556530269e-12
-73.8870435645,44.6506728947,7.41412898938e-13
-73.9586995349,42.125641985,3.41060513165e-12
-73.8067954443,46.4252772667,4.26325641456e-12
-74.8900050614,48.7343330451,3.06421947056e-12
-74.8414916135,42.9530671941,0.0
-72.4663729466,42.328946154,2.13162820728e-12
-74.6897028354,47.7058940884,3.03893857851e-12
-73.6295851876,39.9034614997,4.26325641456e-13
-74.082004331,45.4422136619,0.0
-73.621250051,44.8291621074,3.49241999822e-12
-73.5496172179,39.9700517298,1.0742522336e-12
-73.6037132943,39.9192259643,1.27897692437e-12
-74.1704225016,40.9817515995,3.4708146258e-12
-73.3761105545,44.6805797154,6.06267332615e-13
-74.4049272964,46.4874060835,7.25531357113e-13
-72.8292499162,41.8445591301,2.98427949019e-12
-74.7720243923,43.5390123833,1.70530256582e-12
-74.5508115228,45.4735403392,4.26325641456e-13
-73.7714568732,44.6667633605,1.8099149762e-12
-74.1894802294,44.8782361137,8.52651282912e-13
-74.2045691633,46.1453473272,4.26325641456e-13
-74.3733174033,47.6921589049,3.41060513165e-12
-73.3875152274,44.1853919134,7.45382892964e-13
-73.6591628488,40.2977253561,3.05431331123e-12
-73.3986264025,41.8948450744,1.42779992923e-12
-74.4568988559,47.1035716392,5.80929463044e-12
-73.728981893,43.0895717218,3.41060513165e-12
-73.0410000708,43.8272808579,3.46563279972e-12
-73.2642220817,41.7575510253,1.27897692437e-12
-73.1973655712,42.2289691532,2.6347184342e-12
-74.4732558117,43.0392823433,6.00100517633e-12
-74.6630745231,48.5401044983,2.20511689169e-12
-73.97618586,39.8033563975,4.31328650381e-12
-73.6655300871,43.4413071787,2.63180606604e-12
-74.5040195727,45.0448414303,5.67169312201e-12
-73.5133354669,44.8540798339,1.27897692437e-12
-73.2945555077,44.6022495915,1.41574570037e-12
-74.480833922,45.8590627867,6.08556730159e-12
-73.6692426929,44.552333658,1.27897692437e-12
-74.8093085379,44.3278571908,3.46471678017e-12
-74.0777070522,47.725323216,1.40169902478e-12
-72.9126793795,41.966001807,1.70530256582e-12
-73.4075989796,46.4574982728,1.80362912801e-12
-72.8405250798,41.0757858922,2.86281472712e-12
-72.521659201,42.8645258608,1.27897692437e-12
-73.657569327,45.3943860964,2.55795384874e-12
-73.4347519518,45.7724343409,4.30453973039e-12
-73.6371960686,38.768771552,4.26325641456e-12
-73.8548607369,44.0513916923,2.21796763117e-12
-74.1053059542,44.5314067884,8.52651282912e-13
-73.9802166814,44.1935328312,3.6231454227e-12
-73.4476063025,42.096096665,6.32685594811e-13
-75.032584267,47.7629483669,3.8369307731e-12
-73.2322684407,44.1084753178,4.26325641456e-13
-73.9984280184,47.2190704967,4.26325641456e-13
-73.5413919411,38.6565552234,3.47499193977e-12
-74.2378164153,41.9730361711,3.05086352809e-12
-72.8069101527,40.4532402699,2.6389554715e-12
-74.4372645236,45.8211707509,1.41027332117e-12
-73.5302496082,44.6766218835,5.54223333893e-12
-73.6928260003,41.8862822202,0.0
-74.187709213,38.6290467471,1.08198720791e-12
-74.3563556937,42.489350127,2.55795384874e-12
-73.9950332784,45.6850914908,5.95663454029e-13
-74.8445649365,45.4282317439,7.34729281202e-13
-74.2582851568,42.2806265298,8.52651282912e-13
-74.3525293805,44.3026611517,7.44384424395e-13
-74.8696516001,46.656404751,8.70539662374e-12
-73.9341911512,44.9528521706,1.04456668724e-12
-74.3979790265,46.4954653421,7.25460975141e-13
-73.6275563197,42.4796753366,4.26325641456e-12
-74.1234568245,41.6022244529,2.98427949019e-12
-74.3112188131,46.6918949508,4.26325641456e-13
-74.6692994865,42.6680085075,1.25389727092e-12
-73.5345505183,39.7903807529,8.52651282912e-13
-73.2636685454,39.2976237322,3.47384712871e-12
-73.9623686291,43.1681730962,3.04838629681e-12
-74.6757182642,42.2498759378,9.37916411203e-12
-73.8587548244,43.579137615,8.52651282912e-13
-73.7885741463,43.9754726537,1.81233583788e-12
-72.9963473743,43.0871736283,1.055828935e-12
-74.366256618,46.8847255321,1.4441094361e-12
-74.5125699065,46.8218515329,8.52651282912e-13
-74.1261025443,39.2845870225,5.15830012941e-12
-73.292013553,39.5219922491,1.82774462746e-12
-73.5567547062,37.5526581613,6.43051268826e-12
-74.84895466,48.5854029017,1.70530256582e-12
-73.1670257721,39.8594716163,2.64036221432e-12
-73.6294046217,44.6441144574,1.41555809473e-12
-74.1300626392,44.626579594,2.98427949019e-12
-73.7840621475,45.6322533633,3.8829786225e-12
-73.3748402936,40.3781545719,2.98427949019e-12
-73.6272622827,44.0971375695,1.70530256582e-12
-74.0663878686,43.6576533529,6.39488462184e-12
-73.5250846471,43.4040983382,2.21981654891e-12
-75.2720247817,48.0571607262,1.71316608436e-12
-73.4044933247,42.5125289427,7.59462977516e-13
-72.9467645083,40.9251829773,1.70530256582e-12
-74.0861889967,39.9556611482,3.41060513165e-12
-73.4479954138,41.9791718362,0.0
-75.0551978474,48.3915855297,4.00054090394e-12
-74.4013398208,43.9772129886,1.41854300346e-12
-73.3913724905,43.0537359581,7.54941987092e-13
-73.8610817683,40.7356258078,1.27897692437e-12
-73.7215803527,40.9334123319,1.27897692437e-12
-74.1689798609,43.4053288876,3.41060513165e-12
-73.2441464246,39.19245192,2.55795384874e-12
-73.6479882579,37.6523022388,4.4719393906e-12
-73.3314042549,46.0295377098,0.0
-72.8367346194,42.6353602193,2.22200726413e-12
-74.5142328249,42.1410525386,7.67386154621e-12
-73.5144991333,38.9570604083,2.13162820728e-12
-73.8384710907,41.900075418,1.70530256582e-12
-74.3775493613,44.5632626797,3.04548397384e-12
-73.5594901167,41.4098941482,3.05202656346e-12
-74.6649447613,47.0158153128,4.26325641456e-13
-72.6081707317,42.4365031824,1.42540287758e-12
-72.9851099305,40.8869903065,7.72832887961e-13
-73.0366757679,42.4513730569,1.81765241483e-12
-73.7293873083,46.8863145967,8.52651282912e-13
-74.4599104615,48.7991466292,0.0
-74.8016499072,43.7497596253,4.26325641456e-13
-73.6707621684,41.2552128221,4.26325641456e-13
-72.739450666,41.8880033731,0.0
-75.0596193767,49.8332768259,3.4546630163e-12
-74.7923681827,44.610127695,5.15179245796e-12
-73.8804820741,45.3691927559,4.26325641456e-13
-73.9278034031,43.8965535731,5.15267082339e-12
-74.1103074127,43.9980913461,6.84873177895e-12
-73.5832244864,42.188569483,1.8185654698e-12
-75.1909380972,49.8087563257,3.04435728579e-12
-73.8911739945,44.5842901461,1.27897692437e-12
-74.1220259311,43.4825361273,6.00053740823e-12
-75.074363337,48.4863477845,1.02293347148e-12
-74.3997793423,48.4877642554,4.26325641456e-13
-73.9470089848,37.142727442,2.13162820728e-12
-73.9395994223,41.559705785,8.12527463595e-12
-74.6488181393,47.6056418802,2.62175859246e-12
-73.6168675027,42.7808013642,3.46754455836e-12
-73.9326426052,41.5019418177,3.8369307731e-12
-74.4955836744,41.6810760689,8.52651282912e-13
-73.5455027378,46.5172522848,1.4071410658e-12
-73.5220464303,40.6737032324,1.70530256582e-12
-73.9008620107,41.3102381717,8.52651282912e-13
-73.9362257746,45.0196793342,2.55795384874e-12
-74.0827033698,40.4744716728,4.26325641456e-12
-74.2841743024,42.7761230897,4.26325641456e-12
-73.8029364701,38.725414883,3.89416572992e-12
-74.6527562594,47.3973296729,5.40098342717e-12
-73.4090778565,39.376105528,1.43881619329e-12
-74.7056611054,43.3273302123,2.55795384874e-12
-73.8621230019,44.4084776318,7.43482231443e-13
-73.1624291117,40.4609614132,3.8369307731e-12
-73.5525549668,43.8135221928,0.0
-73.4781854149,38.2074153912,2.55795384874e-12
-74.0008518687,41.7273902965,2.22458560737e-12
-73.0823963724,41.8540183216,0.0
-74.4823886029,43.5627713843,3.62755730022e-12
-74.1853136653,47.3278830243,5.80709605435e-12
-73.9145723146,39.5719473844,1.56681168373e-12
-73.9870422709,37.7118374678,2.98427949019e-12
-74.4562729135,46.1642286674,0.0
-74.5914564332,47.5521027333,2.05735853116e-12
-73.3222863635,40.2945399913,3.89165560655e-12
-74.1202889817,37.8234066497,6.73513136254e-13
-73.8800075623,43.4557009803,2.21966928142e-12
-73.1048230349,40.8375094563,1.54646951121e-12
-74.6433299379,44.8110859236,2.21579398708e-12
-73.4694475223,40.0843719454,3.05475022568e-12
-73.9219776026,43.2194587135,1.81497722314e-12
-73.1339997821,39.2444099986,2.6418130447e-12
-74.3663243673,46.2002393056,0.0
-74.2922400488,40.2400928722,3.47215414814e-12
-73.0537179823,43.5743673987,1.42034191936e-12
-73.8244667085,44.8034104871,5.11590769747e-12
-73.7809383343,39.0143002591,0.0
-73.0471245359,45.1077995093,3.46328841231e-12
-73.5889530962,42.0331732595,1.70530256582e-12
-73.2993353702,40.3838255882,2.22837753787e-12
-73.9774943828,43.5535163715,4.68958205602e-12
-74.4658959705,46.1601422384,2.81749697307e-12
-74.7478616119,45.9792285936,1.70530256582e-12
-74.3046756871,44.1914940922,0.0
-73.7585686339,43.8384558059,1.27897692437e-12
-75.322490905,50.473635758,1.38933691597e-12
-74.0394035165,42.6864898307,3.41060513165e-12
-74.600183914,47.2065480383,1.03080093251e-12
-73.4636625159,40.5331802412,0.0
-74.1230013555,38.774646245,4.73646059369e-12
-73.30167779,39.613218065,5.11590769747e-12
-74.2347038591,40.9329573268,2.98427949019e-12
-73.1984817349,40.671999615,4.31202629764e-12
-75.2808176514,50.4718188337,1.38934506198e-12
-74.7926239806,45.1173612636,1.41343549896e-12
-74.7848921386,48.9915221421,2.7919922609e-12
-74.7102208583,42.8738043046,1.27897692437e-12
-74.2846134437,44.4045376773,3.46457639871e-12
-74.3151589263,44.9909909037,1.04433501805e-12
-74.2842714125,47.035026129,1.27897692437e-12
-74.1242053093,46.3529494594,3.60799281217e-12
-74.1603722486,42.9919054414,2.22099197477e-12
-73.9853557665,41.4980459386,4.3108221192e-12
-74.2238719232,42.3783665394,1.81790618468e-12
-73.9929950171,36.817002052,3.89717474746e-12
-74.1506378938,44.7573357824,1.41505058463e-12
-74.152590323,43.7211564926,2.13162820728e-12
-73.6926252582,43.1227233363,4.26325641456e-12
-73.9467441091,44.3833545964,8.52651282912e-13
-73.8194119606,39.8697245506,4.26325641456e-13
-74.2447374131,39.6399306757,4.26325641456e-13
-73.5241352352,39.5528078938,2.23070582327e-12
-73.4839632146,39.3676600532,1.27897692437e-12
-73.4729702684,39.4912022494,6.85287432873e-12
-73.991890051,40.9624169915,4.26325641456e-12
-73.7672822899,42.6507647071,4.26325641456e-13
-75.0102368656,49.7609086671,1.01508069769e-12
-74.4433017721,45.2315033794,3.8369307731e-12
-73.5256915748,38.0786736317,1.08512335362e-12
-72.848086913,41.7268755766,4.26325641456e-13
-73.3375042673,44.7671702585,3.41060513165e-12
-74.5033476141,44.8559119543,2.6283955739e-12
-73.816142815,46.5799439169,1.80319897073e-12
-73.510112805,46.4002014322,3.46092107363e-12
-72.8205976814,43.2497544664,1.19532626091e-11
-74.0296722421,43.075075606,5.57711969371e-12
-74.3003429914,36.8733922787,1.09190692602e-12
-72.9398139048,43.1264701187,1.05559329452e-12
-73.8183697366,38.3582507901,3.89474873242e-12
-74.2972425158,46.5847036657,4.26325641456e-13
-74.1447165872,38.9649304906,8.52651282912e-13
-74.3522185578,47.3200388235,1.27897692437e-12
-74.493824008,46.6576256991,2.13162820728e-12
-73.1996163404,40.8446291902,0.0
-73.7134884934,40.9058340988,1.4321530774e-12
-75.0283067672,46.2814836972,1.4082024076e-12
-73.2506397206,40.0166751869,2.98427949019e-12
-73.869698288,44.1932701165,8.52651282912e-13
-73.6849251325,42.3826824513,1.27897692437e-12
-73.2883496114,41.6103107803,1.27897692437e-12
-74.4674139241,40.5123847408,2.22801609975e-12
-74.9945141284,48.6853621396,7.0613507144e-13
-73.4534474456,45.1295193219,3.8369307731e-12
-74.3417257998,37.4385020509,1.44710924538e-12
-73.3454318214,42.4997860968,6.85011686008e-12
-73.3032141665,40.5167754401,1.07106307273e-12
-73.8697609231,46.0163791072,4.3041803452e-12
-74.0247566754,42.3998911012,6.85020901318e-12
-74.0029371503,43.6438121547,1.42003205472e-12
-73.1364190247,43.7124764048,6.16310574734e-13
-74.3593008302,47.2235469893,8.52651282912e-13
-74.4486670983,47.2169086479,1.70530256582e-12
-73.6399434998,37.9924597712,2.23503446919e-12
-74.5478380056,46.1004787351,1.27897692437e-12
-73.6840747583,44.1475915522,2.98427949019e-12
-73.7564565529,45.2805934195,1.0425742088e-12
-73.7051566349,43.8921449361,2.21842280863e-12
-74.3458394935,42.0300402758,2.13162820728e-12
-74.3242309146,47.1265349718,5.14869500826e-12
-74.1841009363,45.252878404,7.36241793143e-13
-74.8231648517,47.7722021176,2.42020312042e-12
-73.3879549302,43.7895820337,4.26325641456e-13
-74.6956658456,43.4785370432,2.63171644554e-12
-73.8373801155,43.3482829215,6.2004337704e-13
-73.0357406618,40.5511876275,1.43370586756e-12
-73.8034561047,39.9573181969,1.70530256582e-12
-74.2152943779,41.9683061589,4.31013446782e-12
-74.6313492189,47.4117186789,4.26325641456e-13
-74.0582379461,46.8296868958,1.70530256582e-12
-73.5940457333,45.4662491342,3.2150099515e-12
-74.1274412267,44.9050965035,2.13162820728e-12
-73.9813651352,41.6807348721,3.8369307731e-12
-73.8624579132,40.2160843147,6.51097141357e-13
-73.4638069794,41.8916212349,1.06296074311e-12
-74.717468872,47.9563703805,0.0
-73.9082925228,39.4770776813,1.82789766183e-12
-74.0045166893,44.5983655163,2.13162820728e-12
-74.1105315233,47.7262185212,1.27897692437e-12
-74.2978352408,46.5160027322,2.21090901061e-12
-73.8907287914,46.4417910036,0.0
-73.3520968942,42.3728786982,1.81792525655e-12
-74.5946739365,47.4707256038,1.80007007477e-12
-73.8175827015,41.0991385298,7.71106388511e-13
-74.240897331,43.8092984077,7.48575228342e-13
-73.7031300308,46.2753817106,4.26325641456e-13
-72.4872806209,43.3969426632,3.8369307731e-12
-73.1049350383,44.908260849,7.39205461746e-13
-73.0264557634,42.8462526766,0.0
-73.869724134,45.9422709047,4.72691578534e-12
-73.58663558,45.8304547181,0.0
-73.559841908,41.9166001762,4.68958205602e-12
-72.7792034819,42.8317846213,2.98427949019e-12
-73.8821838434,38.0300808023,8.52651282912e-13
-74.3002595385,45.9604737097,8.29306527838e-12
-74.315055985,46.2457558344,1.7397131297e-12
-72.8572866025,42.3542545109,4.68958205602e-12
-73.9129381553,37.038363167,6.00723992612e-12
-73.5169599689,44.500305505,4.26325641456e-13
-74.6379017583,45.0075207498,6.02836359138e-13
-73.6201459064,40.8714436186,2.55795384874e-12
-73.7764407022,44.3237429818,7.44204773707e-13
-73.950127971,48.1962014319,2.98427949019e-12
-74.5733497854,48.617708471,2.20489534439e-12
-74.3037018462,38.3659945731,1.70530256582e-12
-74.2437381198,44.5442633547,4.72879154422e-12
-73.9872574799,43.4103645438,3.46639505438e-12
-74.3857275846,40.3807611113,2.98427949019e-12
-74.8645381155,43.4810378036,3.62812828412e-12
-74.4014319642,45.244471143,1.27897692437e-12
-74.4392343446,35.820596023,6.12663817791e-12
-72.9480853978,40.5950272728,2.6386187277e-12
-73.255874643,41.0680850833,3.89040867029e-12
-72.6732201314,42.8729192229,6.24877906263e-13
-74.2495323698,45.0420619804,1.27814205431e-12
-73.2533773985,44.3872910698,1.29107619688e-12
-73.9569154135,40.2341978444,3.25587582852e-12
-73.8834431154,37.3240108554,4.26325641456e-13
-73.4136647124,41.8470707802,5.57851087958e-12
-74.0388805236,40.9760334661,3.41060513165e-12
-73.7729279574,37.6573431913,0.0
-74.5169726053,42.6077423449,8.52651282912e-13
-72.6108405692,44.0052661786,8.52651282912e-13
-74.3364827809,48.4469896276,1.27897692437e-12
-73.2241583774,44.5056943184,3.46439118746e-12
-73.3728993898,39.4602361122,1.70530256582e-12
-74.9485790951,46.5495262477,1.03482814282e-12
-73.9238340932,38.6090488238,2.13162820728e-12
-73.2726323713,39.2422278379,2.98427949019e-12
-74.1673575291,36.3469262316,0.0
-74.3412243615,38.3488948938,3.4755392142e-12
-74.3051062017,39.036410928,1.70530256582e-12
-73.5573750086,38.6715622729,1.08174398294e-12
-74.8456619217,47.3702730113,2.13162820728e-12
-74.0195642412,43.528248375,7.50950859861e-13
-74.8607321641,45.1567311873,5.42459003428e-12
-74.8175884441,47.5985891702,2.80454011875e-12
-73.4232806719,39.9380488612,0.0
-74.0973102391,45.2515344199,8.52651282912e-13
-74.2780638781,44.4170755594,1.70530256582e-12
-73.0492943905,44.0322492622,8.52651282912e-13
-73.2971900301,40.4530183066,1.82455959354e-12
-74.0152455473,44.6943994823,1.27897692437e-12
-74.0947977974,41.085765007,0.0
-74.5811060923,47.0158197118,6.4997191394e-12
-73.4786356218,40.2272326667,5.1571600286e-12
-73.9170863259,40.391388587,1.27897692437e-12
-73.0479633604,43.1432222515,2.13162820728e-12
-73.5630486511,44.1273584421,8.12327585614e-12
-74.1263052914,36.6630342949,0.0
-74.0359499577,37.6904959016,6.00657548912e-12
-73.0917459633,42.6535925381,4.26325641456e-13
-73.564465234,38.9600905976,3.8369307731e-12
-73.4747938202,43.0323873939,1.70530256582e-12
-74.3509384153,44.1296474703,1.27897692437e-12
-74.3538036764,45.6723460587,4.3046871995e-12
-74.3651530171,42.5755848723,2.55795384874e-12
-74.6165421158,47.7727726612,1.71735188024e-12
-73.7680349583,42.9473856981,6.24123402436e-13
-74.3462034515,43.8760353127,3.41060513165e-12
-73.9576161747,40.9524007398,7.72301170436e-13
-73.9075479569,43.0189783361,1.42281615852e-12
-73.5263460492,43.2981807458,4.26325641456e-13
-73.0950206897,44.1472977308,3.41060513165e-12
-74.0047670933,40.7472839212,2.22735488311e-12
-73.0697547116,43.2873906147,7.27406363721e-12
-74.4722983468,48.4002187293,0.0
-73.9297873017,39.8025267639,6.85259111709e-12
-74.8857789537,43.8852953304,4.26325641456e-13
-73.8905113131,38.9215722999,4.26325641456e-13
-73.690684742,38.3439493309,3.89477140425e-12
-73.5772548321,46.0478769993,1.27897692437e-12
-73.2786372904,43.7041639226,2.21895987047e-12
-73.9361544732,42.6219495396,6.00144510537e-12
-73.8922940057,41.0416275926,2.13162820728e-12
-74.7877159529,46.6920679446,5.66432233709e-12
-74.6152043144,46.3522911608,1.27897692437e-12
-72.8611047531,41.4466041871,4.26325641456e-13
-74.2439069464,38.2956775541,7.93445662735e-13
-73.6865010127,46.0804923489,3.8369307731e-12
-73.8291437429,43.3610481307,4.26325641456e-13
-73.0929616097,41.6669372685,1.82037389975e-12
-74.356712216,42.7315573739,4.26325641456e-13
-74.0693314682,43.5642021126,4.26325641456e-13
-73.2738379688,39.6481931936,5.96855898038e-12
-73.602158058,38.7245165159,3.47487085592e-12
-74.4165866499,45.8304933928,3.0428431933e-12
-73.4519169896,42.4625246009,1.0595644048e-12
-72.6615102065,41.8637633308,1.06312601659e-12
-73.4390407359,42.983704958,6.23755028495e-13
-74.3211967567,48.4087374935,2.61982522839e-12
-74.0777557684,42.4629324436,1.05956197231e-12
-74.605908748,46.2400713014,2.55795384874e-12
-72.8565326975,41.7292168545,1.82015826939e-12
-74.8465172851,48.2108665252,3.87877404511e-12
-74.6229277629,47.7503685164,8.60325917194e-12
-74.6727554126,45.7232793828,5.11590769747e-12
-73.9455411842,44.6947496797,4.30612767412e-12
-74.2493897973,37.7931848187,8.52651282912e-13
-74.8195664478,45.3020161925,0.0
-73.9895088156,45.3307884504,3.46287990792e-12
-73.9600033219,45.7489864161,7.31954921933e-13
-73.1563279606,44.7108135591,2.21608106426e-12
-73.5661947509,41.6494443434,2.63610558243e-12
-74.2420413262,44.9490935557,1.0445895157e-12
-73.9280111692,39.4443992005,3.41060513165e-12
-73.4909776649,40.0898938784,1.07355485984e-12
-73.0090969085,45.2457612336,3.04406189258e-12
-74.1889513981,45.1400001493,1.27897692437e-12
-73.6322066125,46.1196635173,4.26325641456e-13
-73.4053848411,38.2441214214,2.23434050603e-12
-73.6854140204,42.9581156953,1.05660230386e-12
-74.3004162694,44.0928072785,3.46514699902e-12
-73.9728368108,37.2124528495,7.27927783926e-12
-73.4784416043,39.7643823963,7.78501363477e-12
-73.938770687,38.3195556197,0.0
-74.2560409002,37.1323386738,6.00714443921e-12
-74.4683066064,46.9845688998,2.81007290516e-12
-73.6807243313,41.9647403401,3.41060513165e-12
-74.338056668,43.4773655096,1.42077456864e-12
-73.7190438161,46.3787657759,2.21130228613e-12
-74.0722657543,44.0495175412,7.46537955536e-13
-75.0419609632,48.3487930452,1.02378019307e-12
-73.0225200131,41.9978866544,0.0
-74.6472462748,47.7052882297,2.20750313155e-12
-74.6413558805,44.0739480898,2.98427949019e-12
-74.9011451276,48.4436251996,0.0
-74.1301191513,48.3538267418,1.79697108477e-12
-74.0920808667,44.9179657978,6.50789838589e-12
-74.6045076269,42.7578762988,3.63317203071e-12
-73.5434913084,40.4214850928,2.63903084783e-12
-74.1881982906,47.2768323904,4.41745903068e-12
-73.969574942,44.9065429778,1.04484791714e-12
-72.8258869813,40.6499967279,2.55795384874e-12
-73.5665094359,41.3690303425,1.06605378779e-12
