-71.0174536417,42.1225677098,1.06158894824e-12
-71.8715291197,44.6354112592,3.88460692071e-12
-71.4709023749,46.0327566811,1.45898466277e-12
-71.0568648092,41.4573667435,4.26325641456e-13
-71.9313378756,50.1330583927,5.77969333874e-12
-70.6958924847,44.4572505453,1.41639524885e-12
-71.2612875668,39.7431612383,2.64063708722e-12
-71.589917752,40.6895377205,8.52651282912e-13
-71.505141931,45.5063903435,8.52651282912e-13
-70.8380463328,45.14038144,0.0
-71.0750451784,37.8637329392,2.13162820728e-12
-70.6204958188,42.5159542749,2.55795384874e-12
-70.9490511856,43.4321341872,3.46635527059e-12
-71.557603317,44.7338719631,1.27897692437e-12
-71.0842038515,42.6691966484,1.42437057622e-12
-71.9388869508,46.6524184851,8.52651282912e-13
-71.4922998249,43.4983023828,1.30842118046e-12
-70.1563671078,42.5110253269,4.26325641456e-12
-71.4508766465,48.1231635918,3.45777150055e-12
-71.4684371058,41.7832771045,1.70530256582e-12
-70.9184049555,46.518311647,5.57320383316e-12
-71.3374336764,47.8489065379,7.13562211103e-13
-70.2732749346,45.9651907729,4.26325641456e-12
-71.1266020198,42.1022450431,3.41060513165e-12
-71.6605096826,48.1524521215,7.10873075534e-13
-71.8707085688,48.9518655358,7.03757871721e-13
-71.3029770182,43.657851753,8.52651282912e-13
-72.001043305,47.687400565,4.30172203731e-12
-71.2824759502,41.1688589462,2.55795384874e-12
-71.5805937534,36.5535710823,6.84935078185e-13
-70.299940885,41.7487896156,6.00236360441e-12
-71.7871900779,48.0057490704,6.42027935875e-12
-71.2783475952,44.6457324727,3.04531218317e-12
-71.0339078359,46.2639956574,5.24999109451e-12
-71.015505835,41.4426534241,8.52651282912e-13
-72.1463767868,48.9746108679,3.18729776143e-12
-71.3234966112,42.0506297382,8.52651282912e-13
-71.4868728119,46.5592846743,2.2107849847e-12
-70.8041752588,42.2359141953,5.15471019467e-12
-71.5337205365,37.241387515,2.23709505179e-12
-71.5666246598,44.3634061013,1.8109778819e-12
-70.3989853798,41.7947034316,2.55795384874e-12
-71.580013338,49.4154396015,6.07079110054e-12
-72.0849893174,43.5949935542,8.52651282912e-13
-70.9670969289,38.1588780472,1.27897692437e-12
-70.9247996052,43.1947293115,6.00084118718e-12
-71.3111333144,45.0649630169,4.26325641456e-13
-70.6101896128,39.9607639609,2.22956464373e-12
-71.4340060917,43.6867809854,2.55795384874e-12
-70.4854321116,39.3306286637,2.87802565068e-12
-69.8667955568,41.9865841404,1.42739455359e-12
-70.3253369072,43.1112932104,4.73071189303e-12
-71.3960994061,43.1376982404,1.31538467798e-12
-71.5549363313,47.1242790958,0.0
-71.4993747197,43.7268474203,5.15287959542e-12
-71.0566987809,39.6805036055,2.55795384874e-12
-71.642442711,37.8223306796,1.44548093876e-12
-70.7658390689,39.8324136796,1.07505196704e-12
-70.9446815876,41.9286178308,0.0
-71.2112142709,38.4418493911,7.92307228876e-13
-71.3240506485,47.8227039858,7.33742257209e-12
-71.4998232104,38.7664933302,1.27897692437e-12
-70.7566887231,46.7523807704,3.88114971782e-12
-70.835960107,42.5894826746,2.55795384874e-12
-71.8501818231,43.8005352382,3.41060513165e-12
-70.3485230034,42.486828272,7.5967682826e-13
-71.4598199635,47.9185430086,1.27897692437e-12
-70.4511793045,41.3690435947,3.8369307731e-12
-71.6232144434,48.1545324303,5.65779050015e-12
-71.8466034879,35.5037048618,4.26325641456e-13
-70.9967731855,40.3803518846,2.63912846129e-12
-71.350977688,39.5114419053,1.82778058028e-12
-70.3913669326,42.2958681991,5.11590769747e-12
-71.0747223721,47.5880907093,2.20783849676e-12
-71.6922748596,46.9538879818,2.55795384874e-12
-70.1228783489,40.8312580652,8.52651282912e-13
-71.675453886,37.5194707698,5.11590769747e-12
-71.9654076136,46.3935999341,2.81539549789e-12
-71.6854278481,44.9500463905,2.82837262666e-12
-70.2740118157,42.3448024633,8.52651282912e-13
-70.5908444458,40.3750395399,2.55795384874e-12
-71.1784327915,43.4888626206,2.2195746295e-12
-70.926550965,40.8645406417,6.8212102633e-12
-71.3005819056,45.5314657515,1.0410466099e-12
-71.0331215635,45.3397419099,3.04386602324e-12
-70.9511994425,47.2878600519,0.0
-71.118603898,38.6335045985,1.27897692437e-12
-71.4017519646,40.0022862746,2.55795384874e-12
-71.031330609,46.1171313241,2.0749456484e-12
-69.9865614804,44.9834450301,8.52651282912e-13
-71.34260127,44.5993568802,0.0
-71.125015707,41.4346640104,2.13162820728e-12
-71.385143791,38.0468705362,1.27897692437e-12
-71.6318096737,46.9266253676,2.42902341235e-12
-71.1957911186,40.8876969035,2.98427949019e-12
-71.0955523049,38.1732597016,0.0
-71.3901468146,48.2084898301,3.03789472815e-12
-71.0045868356,41.4727163117,2.22530669523e-12
-72.0052217546,48.7619431067,3.18897518507e-12
-69.9236064926,43.3600565918,0.0
-71.1861334539,40.9880802894,2.22667602059e-12
-70.4504376399,42.7830241238,3.41060513165e-12
-71.8459154528,44.6278125415,1.41563115057e-12
-70.8118715884,38.3725387621,2.23398574039e-12
-70.668075662,42.4084045381,2.98427949019e-12
-71.1971854533,45.1449037474,2.98427949019e-12
-70.7653507367,39.3919184942,1.27897692437e-12
-71.6608254002,48.8786358239,7.04411579958e-13
-71.3792325235,45.4703479673,4.26325641456e-13
-71.2525598584,39.0581837779,2.13162820728e-12
-71.2445870753,40.345006589,1.82493030277e-12
-70.6884866502,44.7963267501,7.27274832106e-12
-71.4737397789,45.1179360659,2.13162820728e-12
-70.4710977701,41.7871202694,0.0
-71.8376252094,49.5465344479,0.0
-70.306397315,43.1933770989,0.0
-71.5623039331,46.2805281722,2.62495562864e-12
-70.7211721016,41.3905817984,8.52651282912e-13
-71.1191893882,47.5774664544,2.55795384874e-12
-70.3432272546,40.4464520445,5.15689390114e-12
-70.7487697727,41.9571868082,7.27521964369e-12
-70.6806389518,42.2792787321,1.70530256582e-12
-70.3769356658,44.908897704,1.41437090408e-12
-69.8170127577,43.0307670418,1.70530256582e-12
-71.7689664511,36.099021349,8.10182014382e-13
-70.6002362494,45.0719216276,7.37799471467e-13
-71.8183686955,46.212477356,0.0
-71.4551980221,41.4173903061,8.52651282912e-13
-72.0718081188,45.1419205584,1.41332525809e-12
-71.7129655872,43.0902651897,2.63265061888e-12
-70.9569211689,43.4786530379,3.04774115753e-12
-70.7594050458,43.7682797708,2.63101866659e-12
-71.5792250814,40.2931069638,3.41060513165e-12
-71.453892377,38.9235442528,5.54223333893e-12
-70.976827256,41.1132362369,4.26325641456e-13
-71.567532678,43.7122285406,4.30757438969e-12
-71.1522515425,47.8030051796,0.0
-71.5189510815,43.6622746959,2.98427949019e-12
-70.6233335315,46.4705116465,2.62449693737e-12
-71.794166069,37.3874635031,3.27746807904e-12
-71.0259943574,38.6430710936,4.46647393036e-12
-71.6632616199,44.8279280706,8.52651282912e-13
-70.2283407277,41.1988628876,2.13162820728e-12
-70.3575034687,44.6206464395,0.0
-70.958834654,44.49784382,4.68958205602e-12
-72.1149189252,47.8356240872,1.79878904461e-12
-71.7213298713,43.7906035804,4.26325641456e-13
-70.9080677604,39.478479443,2.98427949019e-12
-72.0833622331,48.4689140294,4.98683910106e-12
-71.4572247871,45.8506993666,1.41014053111e-12
-70.3350247044,44.0735295908,1.81199273925e-12
-71.6480085158,39.4183671892,0.0
-70.432091387,42.5556818121,6.2808035404e-13
-70.2824771463,41.7606427454,4.31043830203e-12
-70.5527287531,43.9871310228,4.72953870597e-12
-71.13370342,38.1575012975,1.44405295946e-12
-71.7207397019,41.0955108932,2.63742772526e-12
-71.5473783895,46.859982554,4.26325641456e-13
-71.94952773,45.5517835773,7.33661791099e-13
-71.421872847,36.8478842118,1.09204918647e-12
-70.9556818338,43.397524935,0.0
-71.6241421552,42.9394484708,5.57727360446e-12
-71.692100134,49.6119800606,1.01599867899e-12
-71.1654420916,38.0938416899,4.26325641456e-13
-71.5640241303,44.3424347624,0.0
-70.8494220322,45.9258336396,0.0
-70.8426057018,45.4744003736,7.34330555874e-13
-71.6515086296,47.659314082,1.40199644648e-12
-71.1325725605,38.1569555474,1.70530256582e-12
-70.3934675749,43.1995165328,0.0
-70.4037120231,42.5733339267,2.13162820728e-12
-71.0343028224,47.8165201127,1.40128811701e-12
-70.4161271909,43.5221501503,2.21947960838e-12
-70.471992236,40.8940442523,6.10617805473e-12
-70.5468653887,40.8856968911,4.26325641456e-13
-71.0753241941,47.6325653837,2.13162820728e-12
-71.1050288426,40.4745038816,4.26325641456e-12
-71.1694595162,38.2056728676,5.701929696e-12
-70.2314414714,40.9509410029,6.85154167608e-12
-71.0917134737,37.8761204586,1.27897692437e-12
-70.6381099443,43.8315299851,1.27897692437e-12
-71.0268839391,44.7837932188,2.55795384874e-12
-71.4211231034,45.3747825303,1.41227960277e-12
-71.668466125,44.141348368,1.70530256582e-12
-70.7427911552,43.4749306284,3.8369307731e-12
-70.6901495302,40.1198267505,2.63974609355e-12
-70.7780542424,43.858957221,4.72971051879e-12
-70.5793591462,47.3347928693,1.80054742551e-12
-71.406808479,48.0114442335,4.68958205602e-12
-70.3714547235,40.4218000842,1.07161848989e-12
-71.9856538208,43.2350687786,0.0
-70.6131396709,44.8389889401,3.88427443518e-12
-70.5240150109,41.29947342,1.70530256582e-12
-71.5270453805,38.6777735249,1.08170843791e-12
-70.9262486328,42.6270769741,5.11590769747e-12
-69.9709456242,44.2641391244,2.62982340776e-12
-70.9940082989,44.0543076052,2.13162820728e-12
-71.3090163379,40.8402767225,3.8369307731e-12
-71.278533557,37.6154406177,4.3164255204e-12
-71.762084685,44.9707873471,6.64601003096e-12
-71.3885276332,46.4046376214,4.01307888325e-12
-72.1642009354,43.4443053765,1.81419241831e-12
-71.4287059576,45.6547065506,2.21337733053e-12
-71.2454899887,39.4099483268,0.0
-71.4083576826,39.2746376037,2.98427949019e-12
-71.3197490298,37.3191022653,3.89638841684e-12
-70.5945567454,45.7343701817,4.83827854527e-12
-70.6825142828,40.8670846904,1.70530256582e-12
-70.6738871148,44.8262543683,1.70530256582e-12
-71.2235286323,44.8789696108,5.67243525331e-12
-71.9571862149,47.9487297923,4.26325641456e-13
-71.3258780481,47.0857116988,4.26325641456e-13
-70.8043425693,45.9371006146,1.40975193709e-12
-70.4464424983,41.5446394456,1.53492511576e-12
-71.7520170207,47.2428507207,5.78858448434e-13
-71.6566624278,45.8012374381,2.21295741253e-12
-71.6866918114,46.5095065472,5.86823783555e-13
-70.772907811,43.9393429507,1.27897692437e-12
-70.9021781585,41.1359648914,5.57931347888e-12
-70.5015655632,40.3407251115,0.0
-71.5200518245,45.6629660549,7.32699918361e-13
-71.6929080154,38.1928531564,8.52651282912e-13
-71.6238805543,43.1941553543,4.26325641456e-12
-71.0618541233,40.2607959297,3.41060513165e-12
-70.2322830255,41.0556120016,2.22648544877e-12
-71.2749219193,38.9790322695,0.0
-71.604704201,46.2823637038,1.70530256582e-12
-70.6632687602,43.6527724923,7.49899357658e-13
-71.4565165717,45.4780442969,2.55795384874e-12
-70.4455438451,44.6970993905,2.98427949019e-12
-71.5303460339,46.9525052884,2.06471843949e-12
-71.1254504251,48.6112732862,2.20491371382e-12
-71.4726922029,37.3401447634,2.64625685434e-12
-71.2773151145,48.2028082282,5.14737442922e-12
-71.6115324985,46.3380826336,1.40794765501e-12
-70.9791135384,39.7548708447,4.26325641456e-13
-71.5698719888,46.9580347888,4.68958205602e-12
-71.7184826565,47.4274256724,4.3021039163e-12
-71.5952430416,42.0007405809,4.31008698925e-12
-71.3736068724,47.1331558337,0.0
-70.7923786526,43.3122521458,1.42151052515e-12
-71.6176636042,46.1355931857,1.27897692437e-12
-70.3632133639,41.8297818943,2.98427949019e-12
-71.4959488044,46.8643468318,2.20991092696e-12
-71.5798912777,41.6429006508,1.27897692437e-12
-71.4892636459,36.8103304832,1.27897692437e-12
-71.9923260638,45.5838794288,4.26325641456e-13
-71.8035001328,35.8908216557,6.90763126617e-13
-70.6440537016,38.6534723234,5.54223333893e-12
-71.6030515379,42.9025286689,1.70530256582e-12
-71.761657332,46.5307567101,4.26325641456e-13
-72.0860228744,44.1250596127,8.52651282912e-13
-70.1328715036,41.0586565033,8.52651282912e-13
-71.7760740758,39.9259518878,1.70530256582e-12
-71.0748476442,44.343544038,2.62963189466e-12
-70.8516968749,39.2574577712,6.60216656097e-13
-71.3320582259,41.4019167087,7.24753590475e-12
-70.589509024,47.1997152779,5.79329608631e-13
-71.5425059475,43.3461939477,1.70530256582e-12
-70.7108985594,42.4972795717,1.05935708549e-12
-71.5439493357,46.592114691,7.24616480496e-13
-70.2617285916,41.9120510758,4.26325641456e-13
-72.0172102172,44.9048407183,2.55795384874e-12
-71.8624714138,46.7852477141,5.40743319111e-12
-71.3082848827,43.8810893736,2.98427949019e-12
-70.7140618202,42.2767536222,4.731827306e-12
-71.4904894585,47.5288739904,2.20800797592e-12
-71.499540547,40.8019314364,3.41060513165e-12
-71.09928936,44.7752948301,2.45138166469e-12
-70.4009715487,43.9925809777,3.22661954354e-12
-71.3682214944,45.2693951919,2.62739733354e-12
-71.0277189156,43.6626379007,1.27897692437e-12
-71.6255049872,37.807391383,1.08666048613e-12
-71.0086511029,42.9139648744,0.0
-72.1926491379,47.350472582,4.26325641456e-13
-70.8573014909,44.4984398391,1.70530256582e-12
-71.7682971657,43.8267300563,4.26325641456e-13
-71.7114157442,44.1845541463,2.55795384874e-12
-70.8870931706,39.0399149662,1.70530256582e-12
-70.9556734808,44.3452292283,5.57567619351e-12
-70.0725485631,41.5688665994,4.26325641456e-13
-70.8358727157,41.471147172,1.27897692437e-12
-70.8765497243,41.9621193347,1.27897692437e-12
-71.019140156,48.2745481627,1.79724909362e-12
-70.2995898183,43.1988735914,2.63238942064e-12
-71.1367638284,44.2312021435,5.15225898215e-12
-70.9884256201,46.0062217794,2.07630075075e-12
-70.4506296155,42.1021181265,1.42688367475e-12
-71.4146812727,40.407293202,8.52651282912e-13
-70.8165043063,42.6340885412,7.67386154621e-12
-71.0924950715,47.0868094951,1.16112260336e-12
-71.9260935756,49.2758953043,2.03614006912e-12
-70.9980929272,45.6060549952,1.04059203505e-12
-70.5929461932,42.6960016986,3.41060513165e-12
-70.6307559049,42.9664253508,4.73090571725e-12
-70.9769951845,40.2283066481,0.0
-70.0445856034,42.3022110637,3.8369307731e-12
-71.1971114702,40.5850628706,1.82410599474e-12
-70.9900154188,39.5292799184,7.83745077353e-13
-70.7997721834,41.359519487,4.3110244067e-12
-70.4055566696,39.8856859159,2.98427949019e-12
-70.7485520532,47.0421200331,1.70530256582e-12
-71.6221061958,36.0279090548,7.94780800959e-12
-71.4540013581,42.1480504434,7.62488496648e-13
-71.1143105304,40.5676183725,3.41060513165e-12
-70.90343029,39.2194760988,3.05651473679e-12
-69.9132483599,44.5375999704,2.2165768568e-12
-70.9490695719,47.9700852034,1.40059621697e-12
-70.8694976806,40.4056278167,2.14342601493e-12
-71.60643176,44.4616024336,2.55795384874e-12
-71.2874700134,39.161066196,2.13162820728e-12
-70.9236765397,42.5560472014,0.0
-70.9968870929,43.2314084889,4.68958205602e-12
-70.676504749,46.1102143378,1.70530256582e-12
-71.2877660692,39.7627218366,1.27897692437e-12
-70.1805217804,43.7741312811,3.8369307731e-12
-70.6725794241,45.9459011549,4.83716938226e-12
-70.9718787138,40.4417184832,6.48924066248e-13
-70.8334159341,38.5241227235,2.55795384874e-12
-70.4149539731,44.8716786811,8.52651282912e-13
-71.7605179048,46.8122972998,2.13162820728e-12
-71.1830604674,42.275173909,5.54223333893e-12
-72.126277464,44.6253009482,2.55795384874e-12
-71.7371602241,44.7177607416,4.26325641456e-13
-70.8622387592,43.6895574147,1.70530256582e-12
-71.5239430926,45.5927734214,8.52651282912e-13
-71.0150364004,44.514296678,4.26325641456e-13
-71.6488576616,47.3902838222,1.27897692437e-12
-70.7903855144,45.0573550318,7.37924719822e-13
-69.842453874,42.913956936,0.0
-70.8678782468,46.4423075034,1.27897692437e-12
-70.1975712652,42.5171372677,1.81742373938e-12
-70.4445263815,40.5991232,2.55795384874e-12
-71.9850488216,49.2051436191,2.98427949019e-12
-71.2521735813,42.9188221235,5.96855898038e-12
-70.7564917029,40.7718678504,4.26325641456e-13
-70.793610208,46.6360905577,2.98427949019e-12
-71.5597279763,37.3252945066,4.72365513005e-12
-71.5592184696,46.5555543037,4.83397296786e-12
-71.8776042712,44.7389522366,4.26325641456e-13
-71.9424738674,47.4334568906,1.40301410178e-12
-70.6459862646,43.6897269286,7.67386154621e-12
-72.0678442216,46.4383651785,7.25959509048e-13
-71.6957970983,47.842848794,3.03865398468e-12
-70.0374993986,42.4783495592,5.54223333893e-12
-71.5613691424,45.8955302391,1.27897692437e-12
-70.6780628319,42.153553227,1.27897692437e-12
-70.0502157405,42.5646547282,1.51805802379e-12
-70.411823533,43.9504972571,8.52651282912e-13
-72.2645410664,50.2395183478,4.26325641456e-13
-71.3734598092,42.0301284237,5.15496220096e-12
-71.595703105,48.508587032,1.79642852043e-12
-71.6828064017,43.6211522823,3.04744488676e-12
-72.0140934634,45.9243082802,8.52651282912e-13
-71.6231685318,47.2311625595,4.725188337e-12
-69.9118280252,43.5893263062,7.50435319959e-13
-70.3198278931,41.6306092776,1.42896608597e-12
-71.4632837724,43.277353014,2.220178159e-12
-71.3239396846,47.3316031807,1.27897692437e-12
-70.7962443003,41.6881074299,3.05145236735e-12
-71.8131266152,46.6271554432,1.27897692437e-12
-70.8248396726,46.4592202815,7.25777459731e-13
-71.1007050444,39.3961727561,0.0
-71.3913647647,43.5953323618,2.63143523415e-12
-70.984081461,43.5279908056,3.8369307731e-12
-70.6254860276,42.2707566167,4.73183531035e-12
-70.6255238504,41.289927599,7.67386154621e-12
-70.3932589149,39.7930898216,3.41060513165e-12
-70.9357637315,41.2855378326,6.4070835225e-13
-71.7610615823,46.5904240315,7.24631260123e-13
-71.1381466608,45.7899098946,0.0
-70.5028743298,44.6260053796,0.0
-70.4734247304,41.1857055984,6.8212102633e-12
-71.0617898569,38.351763446,1.27897692437e-12
-70.5369584354,45.2373878268,7.36375262674e-13
-70.1777497616,40.8903812603,1.43222083089e-12
-71.2930487919,46.0047989579,8.52651282912e-13
-70.7950863249,42.7540419802,1.81659936554e-12
-71.7090068187,47.7976426331,6.07749582404e-12
-70.1827714545,42.1830484158,7.62198660078e-13
-70.8191817516,42.7149728701,0.0
-69.8784768022,42.7293512844,1.81668532692e-12
-70.892364333,41.6884045599,3.88940502997e-12
-71.5457591473,37.7022742964,4.26325641456e-13
-71.4720794298,42.2308150408,4.26325641456e-13
-71.2500867991,37.3486556639,6.00692430361e-12
-70.6970973578,43.4608883332,0.0
-70.595531037,43.6795172255,2.21903026513e-12
-70.5833496508,40.862977524,1.43234096263e-12
-71.4455089273,47.6112259401,3.03913536043e-12
-71.7499392139,48.3847490562,1.39872819207e-12
-71.0960033127,42.1547404785,6.85043503304e-12
-71.0375592001,42.3808981073,3.05001936758e-12
-72.2974296316,48.3167706942,2.62004640114e-12
-70.603235354,45.3178381576,4.26325641456e-12
-70.605879427,40.9752672626,6.8212102633e-12
-70.2712419938,43.0632165359,4.26785803784e-12
-70.2772289041,41.4984253474,5.15561236691e-12
-70.6940678819,47.4615900129,7.16982897975e-13
-70.751569563,44.1916631909,5.11590769747e-12
-71.6402302927,41.287021883,1.70530256582e-12
-70.0663436294,42.0864160548,4.26325641456e-13
-70.7317517722,39.5056028827,8.52651282912e-12
-71.0099437559,41.4681152634,2.13162820728e-12
-71.4244958263,45.9007559646,2.13162820728e-12
-71.0362532183,39.2618548778,3.41060513165e-12
-70.2873287477,42.1966184626,6.8212102633e-12
-71.4881942186,39.5124562596,1.43822611095e-12
-71.6759188875,42.5495897081,0.0
-71.1860963285,42.6974676044,1.70530256582e-12
-71.7089007496,48.1857060671,4.26325641456e-13
-71.0007599934,44.6376798447,2.55795384874e-12
-70.0414056278,45.0918472163,7.37628110562e-13
-71.0553663132,44.424140814,1.41654351976e-12
-70.0634021387,42.4247441157,3.63548997523e-12
-70.662353696,46.3697442031,0.0
-71.8208719072,48.4330319666,4.68958205602e-12
-71.2881568545,46.1197044473,1.27897692437e-12
-71.8513213406,43.7010241517,2.98427949019e-12
-71.039558594,44.8565367896,1.41460575616e-12
-72.0712310582,46.0729208302,3.88225887548e-12
-70.4993334942,40.1255382582,8.52651282912e-13
-71.9616914715,47.4350428896,3.45902788496e-12
-70.7326022897,40.1506640632,4.45806446795e-12
-70.6860131301,41.8831360553,2.98427949019e-12
-72.0316280179,41.7239824666,1.34227218955e-12
-71.2761377224,45.9380721267,0.0
-71.0845581619,37.9587805286,2.23512721006e-12
-71.073770002,44.6828385764,5.99926893217e-12
-70.5214336725,44.7505434147,1.27897692437e-12
-71.4903490602,37.6519029589,1.59684704018e-12
-70.2690617234,41.1423190107,2.55795384874e-12
-71.4278815642,40.2013252746,1.43523312456e-12
-71.3875220696,40.6367803798,4.04927980387e-12
-70.4530817993,40.8339169873,5.54223333893e-12
-71.0127438795,43.5574020893,4.68958205602e-12
-71.0990056694,47.134614689,4.26325641456e-13
-69.9840572875,43.118625051,8.52651282912e-13
-70.46107521,40.0607872963,7.79501932799e-13
-71.70078511,43.9348386048,0.0
-71.7653149492,45.5266496828,1.70530256582e-12
-70.6629505497,46.8284452874,1.27897692437e-12
-70.8980055049,43.0744450327,1.8154829988e-12
-70.1437134191,42.3297354251,0.0
-71.2165315205,41.3433329359,8.52651282912e-13
-70.784839137,40.1702560237,3.05457442242e-12
-71.4445974895,45.8644296014,1.80571233683e-12
-71.9374774026,38.2467302434,0.0
-71.6812124098,37.3685078149,5.54223333893e-12
-70.8186378906,44.0542500016,0.0
-71.480250532,40.7957360657,1.27897692437e-12
-70.2521391741,42.3961244923,0.0
-70.5466857824,41.0910838868,5.57936404518e-12
-70.6596651436,40.1534784361,4.31277937546e-12
-71.4323746717,46.5658669948,2.13162820728e-12
-71.7078821771,42.7209705191,4.44352722813e-12
-69.9364070341,42.79314218,6.25685046277e-13
-70.4155176353,41.1923029459,4.26325641456e-12
-71.3394021245,42.6252459213,5.57762994025e-12
-70.5492155281,40.6760661112,1.70530256582e-12
-71.4595353035,46.8077307717,7.22729519221e-13
-71.5465775006,36.6301747233,3.67492174637e-12
-72.1525492458,48.7900326076,1.20165672598e-12
-71.0785312776,38.8161945975,1.44123078881e-12
-70.3219082234,44.4664290835,2.98427949019e-12
-70.7429452739,46.2116843398,8.12164819195e-12
-70.3067700196,40.5438547957,0.0
-70.3578867336,42.6324143108,0.0
-72.1186040902,50.6195853622,6.88775236068e-13
-70.3237291829,41.3555025532,3.8369307731e-12
-71.4646561506,42.7166834263,2.98427949019e-12
-70.7643710799,38.2313252949,4.31554768297e-12
-70.927139968,40.679205928,1.27897692437e-12
-72.0433282846,43.3378612684,2.13162820728e-12
-70.7463971073,39.3148116272,3.89322622859e-12
-70.5860374398,39.0832104175,3.8369307731e-12
-71.1089045322,45.6725384409,3.88291281725e-12
-71.7770809269,44.473586285,1.41632208776e-12
-70.7407391585,40.2824930719,2.13162820728e-12
-71.3299957866,45.1802854354,6.01015404039e-13
-70.6931935133,43.3451618617,1.42136388691e-12
-70.7144760288,43.928644609,4.26325641456e-13
-70.7223600827,39.994076534,1.27897692437e-12
-71.7210664597,47.733526364,3.87955053126e-12
-71.9305589057,41.7632723004,3.41060513165e-12
-71.10980901,37.3235588714,3.41060513165e-12
-70.3083872368,45.2675999699,3.04401637805e-12
-70.8789274898,46.3246644443,5.8169315545e-12
-71.7313324815,44.5763602878,4.26325641456e-13
-71.8148399434,49.1087880483,8.52651282912e-13
-71.6197222092,43.7123651493,8.52651282912e-13
-71.967525579,49.3432105151,1.01765519364e-12
-72.0141767254,44.2625285903,4.30676432476e-12
-71.5435178924,46.0205239905,7.27168050165e-12
-70.6697558339,47.2415348593,5.24527278267e-12
-71.2612947562,43.6995519325,5.96855898038e-12
-70.2433017652,41.6154051076,3.41060513165e-12
-71.1282922541,37.8758668023,2.64501470848e-12
-70.9657489335,42.9585730582,1.70530256582e-12
-70.6823788828,39.7527822208,1.07551406849e-12
-70.2443806817,40.9314121363,1.27897692437e-12
-70.1762741663,41.4263418058,1.0657153499e-12
-71.1862173054,40.1784868345,6.51458260889e-13
-70.5014603278,41.6392643814,4.26325641456e-12
-71.8903040281,35.7376150488,8.12866639199e-13
-71.0558445414,41.0207903098,5.54223333893e-12
-70.2705291943,44.7488212764,1.04580515826e-12
-71.2985910974,41.3220084601,4.68958205602e-12
-71.9637810271,48.7385587971,1.41132192818e-12
-71.339917295,38.4299697605,6.39488462184e-12
-71.0367826609,39.1098359471,1.07922884969e-12
-71.3046941589,40.2068752296,1.37037381643e-12
-71.6749752964,45.438755301,4.26325641456e-13
-70.5253954931,40.9743053782,7.72122988328e-13
-70.799181055,42.4456397459,5.15445317077e-12
-71.0528946668,46.4602918642,2.55795384874e-12
-71.4315268879,48.4049588024,0.0
-70.9865101693,40.6900101626,2.55795384874e-12
-69.7446527085,43.4286275629,7.51790847584e-13
-71.0357792374,40.4666974212,8.52651282912e-13
-71.3149469634,37.6043659034,1.44640653517e-12
-70.423702684,42.2930969126,1.42603833078e-12
-71.3974746718,46.5711954472,3.20628229924e-12
-71.3456970564,42.0573581028,0.0
-70.9400544027,42.4745721555,2.13162820728e-12
-71.161483726,42.279696034,4.73182337863e-12
-72.119324326,49.5335881296,8.52651282912e-13
-71.2971170132,39.8889786162,2.55795384874e-12
-71.3720154091,47.540794075,1.79982404387e-12
-71.4455633049,41.8080014282,1.42818343701e-12
-71.306899639,43.6174141727,6.84908410631e-12
-70.7714465927,40.2862984601,8.52651282912e-13
-70.9653288594,38.0714081069,1.70530256582e-12
-71.5160487604,41.5750821084,4.26325641456e-13
-71.0171968291,42.8945881706,1.70530256582e-12
-70.6788100578,42.2327683328,3.8369307731e-12
-71.3597931538,46.273516298,7.27397138044e-13
-71.615241529,42.3594189783,2.98427949019e-12
-71.1452018017,38.1615589281,8.52651282912e-13
-70.8081078626,46.2881669878,1.03642729622e-12
-71.4900141608,41.7826295783,6.35803336396e-13
-71.6000792513,46.479186331,4.26325641456e-13
-70.8554134841,40.9231060133,2.55795384874e-12
-71.8495858717,46.7829873984,1.27897692437e-12
-70.085523565,41.3703108367,6.39875261722e-13
-71.2416043098,45.3586940673,1.70530256582e-12
-70.0406822457,45.3603600631,1.70530256582e-12
-71.6239721594,47.8045505212,1.40134204825e-12
-71.5496622189,41.5867533825,1.06476706171e-12
-71.1742486631,38.5916285675,4.0618491246e-12
-71.7367303213,39.5424503883,7.83640389178e-13
-70.3399396264,43.8929906128,6.39488462184e-12
-70.8995713438,37.6780230513,5.16022455967e-12
-71.3029082557,43.5737250931,2.98427949019e-12
-70.8235928496,39.3563490177,6.42877945228e-12
-71.5181128374,48.2069042405,4.00170450501e-12
-70.6604983779,41.2378243172,1.27897692437e-12
-71.0723365991,38.5564654468,1.27897692437e-12
-72.1047492591,43.2491162315,1.81487374686e-12
-71.4890565526,47.9299273917,0.0
-70.4586986695,43.5002057945,0.0
-71.9426454128,44.6942623024,0.0
-70.2994691816,44.7816450128,2.13162820728e-12
-72.0130622665,37.337963258,6.00693519576e-12
-71.9894414627,48.1542042569,7.10857532552e-13
-71.0391508891,41.5774820149,1.27897692437e-12
-70.9986013368,44.7611168041,8.52651282912e-13
-71.4215953153,42.4983046867,2.63407254241e-12
-70.9887530877,43.5453786253,4.26325641456e-13
-71.7517092714,49.0303015885,2.13162820728e-12
-71.3066089477,47.8860536324,5.7179409236e-13
-70.9017735993,40.2348867777,2.98427949019e-12
-71.4574757062,38.8190453322,0.0
-70.6957127029,45.8057793001,5.57401421515e-12
-71.1448221765,46.8138991506,2.21005545326e-12
-71.5586817337,42.2565063941,5.11590769747e-12
-70.7488326974,40.3610361953,2.22844157579e-12
-71.3502306358,41.7308045363,4.26325641456e-12
-70.9009819421,39.9270070782,5.15752391519e-12
-70.9743158893,46.1932023361,3.88206246008e-12
-70.0555110484,43.0874634108,2.13162820728e-12
-70.8482323191,42.137920415,4.73201256488e-12
-71.4127534144,44.0238857055,4.68958205602e-12
-71.5659617427,41.3645522253,2.13162820728e-12
-71.7269286255,41.0182876137,5.15619814257e-12
-71.0164400465,40.8124588276,3.05325678628e-12
-71.3868755572,44.3823054269,7.77004042543e-12
-71.4270231505,40.2394200083,7.50596403218e-12
-71.019346417,42.4552623995,6.29090060292e-13
-70.5705353871,41.5485883807,6.00257376331e-12
-71.3982815059,47.9566941248,8.52651282912e-13
-70.5974505575,42.927538906,1.70530256582e-12
-71.3124248534,42.4948920331,4.26325641456e-13
-71.2596162246,39.6340218842,1.56582374348e-12
-70.2684541741,43.5893340272,4.26325641456e-13
-71.3466928043,40.7360951198,5.96855898038e-12
-70.0018605665,42.3092905299,3.8369307731e-12
-70.9297307476,44.2999231517,0.0
-71.4148878945,46.8209672191,1.80235224876e-12
-70.7709599595,41.2958261861,3.8369307731e-12
-70.625839218,41.3551873426,0.0
-71.9201689871,37.633478897,4.31639988103e-12
-71.1969874391,46.4150080458,3.2075165979e-12
-71.5007018946,44.08322148,7.6982653216e-12
-71.1112445488,44.172460685,8.52651282912e-13
-70.742545464,38.9231036182,3.47451665313e-12
-71.1601481843,48.1135200905,2.62053542591e-12
-71.6323084379,45.0416769966,3.04448720644e-12
-70.2230470908,43.2781213336,4.30821282767e-12
-71.4214611529,49.6683123603,1.39295213325e-12
-71.1049195065,41.3328319487,2.22570233298e-12
-70.3498415214,41.6996392799,4.26325641456e-13
-71.1460390715,38.7164108758,2.55795384874e-12
-70.8287242891,40.5674158957,1.07076668966e-12
-71.2930121565,45.9674626762,2.21248103271e-12
-71.5764730705,46.9106453142,7.21827435382e-13
-70.5917294208,42.9257171342,0.0
-71.2257601615,40.5674081817,7.75422944409e-13
-71.2055138234,39.6795182199,4.26325641456e-13
-71.088895937,40.3858760402,7.76888350355e-13
-70.7379940596,47.2323336992,1.70530256582e-12
-70.4386793561,39.5928862869,1.07644062451e-12
-70.8794678607,38.7370494463,8.52651282912e-13
-70.7339405315,42.2070373037,3.63700269659e-12
-71.9080379595,49.6179372799,3.58509209658e-12
-71.5896574598,47.197939019,2.55795384874e-12
-71.0973549259,41.6777408221,5.54223333893e-12
-72.2491666284,51.0097287718,5.36478316314e-13
-70.4807508436,43.0974047353,4.3084784151e-12
-70.945655742,44.2276652516,7.4502313073e-13
-71.2898711357,45.4732957479,1.27897692437e-12
-70.2140852062,43.9629187666,2.21822053748e-12
-71.4454755324,46.2146697282,3.042042588e-12
-71.5208570925,44.8440126662,1.27897692437e-12
-70.9527680104,41.2425817407,5.11590769747e-12
-71.271189561,44.2674641753,2.55795384874e-12
-69.917177573,42.2220039832,2.13162820728e-12
-71.6677785217,48.0068056921,7.12164262466e-13
-71.4314453145,44.5480301575,1.04702245852e-12
-70.8193522393,44.6038118,1.70530256582e-12
-71.7713053671,43.4067690484,6.00061739852e-12
-71.7717390642,41.9473917453,3.88898515242e-12
-71.1797923023,39.0695945397,1.0794603729e-12
-72.0155129575,47.0756388353,4.72539656044e-12
-71.1283785481,40.5587191573,4.73411195303e-12
-70.1696848915,41.4226013497,1.42988253451e-12
-70.3809370801,41.1071820257,2.55795384874e-12
-71.1322319499,41.5305911152,7.67577835636e-13
-71.8566006678,48.4213655563,3.03745309642e-12
-70.5840062265,42.8812891214,0.0
-70.7708745403,42.7456873465,4.03613257296e-12
-70.8566989658,43.070138628,1.27897692437e-12
-71.7530512325,44.8451978149,1.41465660897e-12
-71.3434551171,40.0073272347,8.52651282912e-13
-70.7307666158,46.1024663362,1.80487629301e-12
-71.4516742091,39.435831698,8.97702530324e-12
-71.7767095804,44.5959322356,1.04673218975e-12
-70.7417835715,42.3405886692,1.42582795213e-12
-71.488587438,39.3356743244,4.26325641456e-13
-70.9942858841,39.3311653904,5.96855898038e-12
-72.2427329517,50.6571749886,4.26325641456e-13
-70.4170982911,41.5072276321,2.13162820728e-12
-70.6172589233,43.2176181675,0.0
-71.255010384,42.5161254641,1.81742725819e-12
-71.6015660025,45.1706055225,2.21476435633e-12
-71.2255059782,41.513690693,3.46985048854e-12
-71.6331417293,40.9245113978,2.22685533675e-12
-70.7010596992,46.1049708887,5.14995159249e-12
-70.8721919073,41.0185966153,2.98427949019e-12
-71.4437436847,44.9463671802,3.04468581564e-12
-71.6915916946,49.2369768883,1.7938778144e-12
-70.5155692042,40.2049598888,2.55795384874e-12
-71.7804544229,45.5799794654,1.70530256582e-12
-70.8286803423,39.3417749213,8.12698404921e-12
-71.8884585917,47.9700720878,2.13162820728e-12
-71.2352874053,41.1512208654,5.15603609888e-12
-71.0450412746,44.2494309451,1.81137700962e-12
-70.5747963521,39.6845352557,4.26325641456e-13
-70.797590789,40.0325285065,2.98427949019e-12
-71.3634130924,41.8639176726,0.0
-70.8653260756,46.7618864466,4.26325641456e-13
-72.0562442435,49.5999694658,3.03501459889e-12
-72.2712266097,48.7562871541,2.13162820728e-12
-70.8101820283,40.4958783001,3.89133159178e-12
-70.8949884588,42.680465677,2.13162820728e-12
-70.4801220708,40.9439701236,1.06855774842e-12
-71.3439024665,37.1575854913,2.23732394631e-12
-71.6952935849,39.3335696193,3.47378276714e-12
-70.0873807763,45.0782536308,2.55795384874e-12
-71.4108444282,48.6076281254,6.38038566391e-12
-71.0077820327,42.0069448677,4.31007790651e-12
-71.224715243,41.7579042602,1.42840456397e-12
-71.1619415759,45.9398965374,2.81947872223e-12
-71.1991114777,44.5605288015,8.52651282912e-13
-70.4002211572,43.4540735238,0.0
-71.8311081525,46.0626495468,2.62548173685e-12
-70.9230667252,44.5537563654,3.41060513165e-12
-71.8183279144,47.7957913451,4.82747683206e-12
-71.7784134239,44.1118589614,2.63019060695e-12
-71.3044257752,42.7159634138,4.26325641456e-13
-70.8796897574,40.4708527083,4.31231871062e-12
-70.7063160299,46.0209277266,1.03806055602e-12
-70.6602740988,46.7326875395,3.8369307731e-12
-70.4398169328,42.6957826802,2.55795384874e-12
-70.0042293755,41.6572325201,1.42884868812e-12
-71.382506489,41.145520069,7.70728175061e-13
-71.3804315048,41.9817340377,1.27897692437e-12
-70.9828912553,42.6273007338,0.0
-71.0193092891,40.225641354,5.15716195914e-12
-70.7852074135,43.0199055043,4.26325641456e-13
-71.8428470039,40.7416907777,7.74012081602e-13
-71.6183206971,45.9674501192,0.0
-71.7713225305,46.0812089287,1.03769231338e-12
-70.7431392739,40.8671762785,1.70530256582e-12
-70.5720703539,42.7393810073,7.57572056841e-13
-71.2061386787,47.7087624761,2.55795384874e-12
-71.5072701528,46.3606717761,6.42189984676e-12
-70.6797024664,45.5327775954,7.3382609892e-13
-71.8614814545,47.4987596122,4.26325641456e-13
-69.9776124305,43.2380241423,1.27897692437e-12
-71.4005890469,45.2330494384,1.04286347727e-12
-72.1104909725,44.2452722131,5.15224166263e-12
-71.3025253149,43.9995869263,3.88564490348e-12
-70.8368125291,46.6598621792,7.2402402895e-13
-71.8258528518,43.9519050027,5.15260271772e-12
-70.3015325769,45.1185188577,0.0
-71.2797925352,42.8854216829,1.42341004781e-12
-71.9477794866,49.0960616103,2.61817452237e-12
-71.4344219731,46.2658016471,2.62499118658e-12
-71.0763019312,42.2311457739,2.63471321738e-12
-70.8029489539,45.2351701271,2.62747997255e-12
-71.7627108617,40.7867181993,1.82341242765e-12
-71.0371099613,46.387639371,2.21127685662e-12
-71.5814672976,38.5294196971,1.08255662491e-12
-71.5240949196,36.5165958769,0.0
-70.7304980924,38.6549787551,1.83068784162e-12
-71.2159235457,45.8436319085,1.27897692437e-12
-70.4104303556,43.4170264024,6.8212102633e-12
-71.6368413293,36.3923972565,3.4789824084e-12
-71.701585982,47.6368698571,1.02815847388e-12
-71.7742552543,39.3660152573,4.26325641456e-13
-71.4101359147,37.7755598531,9.47552380533e-12
-71.8581435638,48.8997399313,4.26325641456e-13
-71.3491424764,48.2903894414,3.19269716305e-12
-70.20847417,43.2250725856,0.0
-71.6480462397,37.5238012356,0.0
-71.3496834312,42.9994985708,4.26325641456e-13
-71.6649723354,40.1302789531,3.47235196948e-12
-71.3002876765,47.8207150627,5.57172539035e-12
-71.4648800476,44.7902273173,1.70530256582e-12
-70.6267621112,39.6207689905,1.31356409965e-12
-72.016632623,44.8491608163,8.52651282912e-13
-70.8704241162,43.2949177535,2.22012805511e-12
-70.5516502278,44.3420705978,5.11590769747e-12
-70.8202677875,42.6302750442,5.11590769747e-12
-70.9945399802,39.0830604405,6.00514359216e-12
-70.3208714318,40.0756513761,3.4724503244e-12
-71.4786548094,45.4791658232,5.99842676505e-12
-70.8637733025,38.8751451638,3.05721400495e-12
-70.7182476673,45.3867575862,1.04192800999e-12
-71.9081002096,41.6397385974,3.41060513165e-12
-70.9458914496,39.9361402675,1.70530256582e-12
-70.3253999091,45.2923427959,4.26325641456e-13
-72.2328357252,47.8561854008,3.03862627673e-12
-71.3882948196,48.8523966129,1.79522390804e-12
-71.7090717211,45.1388440323,4.72799378269e-12
-70.5877849279,40.2554277759,6.50718951686e-13
-71.1664325888,38.2303900291,4.46875682912e-12
-71.1044558246,42.4671959071,2.63414718052e-12
-71.0840114793,41.3036431092,0.0
-71.2869607446,42.6695189167,4.26325641456e-13
-71.1923963846,44.791725126,6.39488462184e-12
-71.3814310472,45.7399959106,3.88280262863e-12
-70.9200409733,38.1236108355,1.70530256582e-12
-71.2575237417,43.8160238384,7.24753590475e-12
-71.0545380104,42.992866484,0.0
-70.4353509515,41.7617728784,1.27897692437e-12
-70.7890099938,39.0900474884,4.73604754465e-12
-71.1425520008,42.5516511313,2.98427949019e-12
-70.9298464226,43.1510691846,1.05544574922e-12
-70.7788002498,42.545969335,5.96855898038e-12
-72.1099938722,49.9024310602,0.0
-71.1677848511,39.3989748862,2.23113519214e-12
-70.0882403821,41.6052459823,2.13162820728e-12
-72.033344867,45.7709802981,2.6261860882e-12
-70.8638546218,44.2459337696,0.0
-70.9653192209,41.3921841208,2.22553450444e-12
-70.5071850302,40.4547380385,2.13162820728e-12
-71.8488156264,47.2947906939,1.23265323886e-12
-71.110142288,44.8104702148,1.41481234254e-12
-71.4236867445,45.0492223578,5.67167351986e-12
-70.6771964987,41.8077312404,2.55795384874e-12
-71.5436945136,47.380156328,1.70530256582e-12
-71.4142758523,37.9190061723,2.17205752856e-12
-71.6375964226,45.541757409,3.46249341255e-12
-71.6974309893,46.1538874337,2.62526141912e-12
-71.0598183268,43.6595948106,1.41996161757e-12
-71.8533488228,44.7518088292,2.62864683898e-12
-71.4171793511,41.3884780268,1.27897692437e-12
-71.7232808323,39.302363101,3.26301000799e-12
-72.0258862976,50.1783273243,3.78360223751e-12
-70.5389117869,41.1260635983,8.52651282912e-13
-71.8566010742,47.622448887,3.45868547508e-12
-70.2830074733,44.8353928209,1.41470058065e-12
-70.4252297205,40.0415631235,3.05483781684e-12
-71.3309405404,44.7303936213,3.88445180063e-12
-71.7741131593,44.4328634707,6.08853769271e-13
-70.9989266428,42.4121192849,1.27897692437e-12
-70.6059399155,39.154399739,4.26325641456e-13
-70.7084418206,39.7630026383,1.70530256582e-12
-71.6294913283,42.5420836173,6.28217195416e-13
-69.7562359177,42.4271725417,4.26325641456e-13
-71.0320964663,44.6326235215,2.13162820728e-12
-71.3509184441,45.7024928398,3.88286388774e-12
-70.9078698995,44.3507767835,1.4168719883e-12
-71.6784334028,40.8807809618,6.00327339039e-12
-70.820400983,42.7759045368,6.25859287909e-13
-70.3044863638,43.5880126446,7.27380182271e-12
-71.1283241437,41.7121622424,7.66086041746e-13
-70.1052274695,41.4656461134,0.0
-71.4905831838,43.1222839618,1.42235648475e-12
-71.0133957574,39.9836062005,0.0
-71.7899632323,47.2946987802,1.27897692437e-12
-71.5997744662,43.343642559,1.42137065713e-12
-72.0492794973,46.0938351547,3.88222472153e-12
-71.0550243436,46.2375184945,1.80440189949e-12
-71.2886663106,39.6265551828,3.47325753355e-12
-71.2490896546,44.6097239223,3.88464886977e-12
-71.7560983424,43.3940780624,2.21984514269e-12
-71.3624991357,37.762349808,2.64527847053e-12
-70.6905210043,38.8133472329,3.41060513165e-12
-71.7860327516,42.2631949383,6.31015892395e-13
-71.3598254289,41.2933706137,3.41060513165e-12
-70.7307879713,39.4976210078,4.4617198372e-12
-70.2637528656,42.0724971693,4.26325641456e-12
-70.7997214366,39.1847807134,5.11590769747e-12
-70.6377765049,41.5839422105,2.55795384874e-12
-70.9641842793,44.2519321063,2.62985284691e-12
-70.9555667385,39.4388040105,3.8369307731e-12
-70.5074212505,42.3140133916,6.3050703225e-13
-71.6351994836,44.8715367691,4.43124179296e-12
-70.8726283492,41.6383644856,5.96855898038e-12
-70.7087617683,40.1591973343,4.05223325754e-12
-71.1479989197,41.238926065,4.26325641456e-13
-71.8931887119,49.3054086285,3.58727692266e-12
-71.7816233829,43.5579470422,3.41060513165e-12
-70.4897459829,40.1186110518,4.26325641456e-13
-70.8764665443,44.0728935154,5.15245383113e-12
-71.0975855947,42.456963619,8.10018718767e-12
-71.2171925165,39.4846877945,2.55795384874e-12
-70.5813321147,45.0032756529,3.8840060889e-12
-70.313223315,44.1382335031,4.26325641456e-12
-70.7955292055,44.5192008327,1.41611777486e-12
-71.7892666121,44.2746506854,3.04608502897e-12
-71.031942162,47.9739421669,2.62087142094e-12
-70.8345232446,45.0774870719,2.215031084e-12
-71.3593626145,43.8239318485,4.26325641456e-13
-70.7650118269,43.1955460918,4.26325641456e-13
-70.9207529963,46.0097459654,5.66737501757e-12
-69.8127580364,43.3027565996,3.46659167496e-12
-71.0167368426,38.6498400084,2.64320877631e-12
-70.8535792674,42.2622298513,2.55795384874e-12
-71.3130990319,40.0349358169,1.82599279489e-12
-71.4339048641,43.7125528745,4.43787181846e-12
-71.0013910381,40.1943968969,2.22890951888e-12
-70.3943565892,41.0739961569,6.00307120285e-12
-71.2769259905,47.8420455916,0.0
-70.6537498359,46.845132611,0.0
-71.2883974737,40.4362891991,2.6389957097e-12
-70.9233077468,44.2891073756,1.04858989031e-12
-70.7590797835,40.9883156501,8.52651282912e-13
-71.4408259981,45.0028051708,0.0
-70.2697517399,41.7996748043,7.24753590475e-12
-71.1958281991,48.0107036604,8.54557173168e-12
-71.3847300943,43.8418650516,8.12349868659e-12
-71.4018259837,44.1752316042,7.45469332971e-13
-70.6470978155,43.810698219,0.0
-71.560629444,46.5541810979,1.27897692437e-12
-70.0887796558,42.5228400892,3.04972526502e-12
-71.0291912681,47.51849357,3.45887539179e-12
-70.6689943548,46.7328898129,8.12124157436e-12
-70.0599595355,43.8956011851,5.11590769747e-12
-69.9544143658,41.5699065898,4.26325641456e-13
-70.5976997502,44.2796091817,4.30673917101e-12
-70.8833824895,41.3992369608,1.70530256582e-12
-72.0729196018,44.7762644616,1.70530256582e-12
-71.3203988933,45.6068629863,8.52651282912e-13
-71.0371394107,44.7610093862,0.0
-71.5227726015,41.7103462106,2.55795384874e-12
-71.0437638821,39.6056377964,1.07636679788e-12
-70.2418906456,42.096909015,2.22353763654e-12
-71.3200705731,36.8930910636,1.27897692437e-12
-71.7359469981,46.661754247,8.52651282912e-13
-70.7303648309,38.5520066743,3.89444130092e-12
-71.424214034,43.6125098559,2.63139386802e-12
-71.5886851518,45.4369565228,5.57443389529e-12
-71.7712454744,41.9407886084,3.88899586337e-12
-70.5645867676,46.7218293918,5.5729725197e-12
-70.3864299938,44.2317094268,5.96855898038e-12
-71.7168036917,46.6515992182,3.60589448258e-12
-71.531329568,40.3173492599,5.96855898038e-12
-71.7901607497,47.6425304978,8.52651282912e-13
-70.3035321056,43.4064123656,1.3101996308e-12
-71.6200515444,42.9385625392,5.15384839293e-12
-71.0421607282,42.0827157815,3.88876557935e-12
-70.9706226371,44.9884546216,2.98427949019e-12
-71.7580368771,48.8566779321,3.18822786143e-12
-71.0172493721,41.6621425469,5.57871984458e-12
-71.6341060029,46.6354755149,8.52651282912e-13
-70.9129044351,37.754908188,5.16013306883e-12
-72.0604341106,49.223905342,3.41060513165e-12
-70.9658975173,41.3010430748,4.26325641456e-12
-71.809621623,50.1212375015,6.93270434097e-13
-71.0400848403,39.0081942911,1.07981340314e-12
-70.9173258754,41.4604907742,2.55795384874e-12
-71.7799092171,45.8226306295,2.44051638338e-12
-70.0789422219,44.4581177108,4.68958205602e-12
-71.1858130331,44.1971871716,5.99978239597e-12
-71.0498323426,37.4522635329,4.26325641456e-13
-70.0823947722,41.6630204068,0.0
-70.8569299751,39.5376840328,4.26325641456e-13
-71.6079122665,45.604244204,1.41124856699e-12
-71.6796142173,48.1746413023,0.0
-71.2293419564,45.2717549795,1.04262798964e-12
-71.3397897451,42.2144371506,2.22320392146e-12
-71.7234882963,46.9282080621,2.16502020035e-12
-71.144896059,46.9046803483,8.52651282912e-13
-70.8082787676,40.3868662317,4.26325641456e-13
-71.1954043214,43.8102284852,1.27897692437e-12
-70.5424186541,41.8295682934,8.97535351198e-12
-70.3182784316,44.2720815155,1.81129770008e-12
-70.7139517711,39.928331622,5.5806697811e-12
-71.2768163696,49.1483022176,3.45590527672e-12
-71.46184447,46.8662913137,5.82960436189e-13
-70.4122409301,45.26526666,0.0
-71.0539860698,40.4238197002,2.13162820728e-12
-70.48464956,43.4960000992,0.0
-71.1736936682,47.4473279586,1.0293228056e-12
-71.4355521284,47.953376528,2.13162820728e-12
-69.7847343126,42.4643131939,4.73157688003e-12
-71.9253713138,44.5377540632,8.52651282912e-13
-71.0484761932,41.6102459394,0.0
-70.9663272979,42.1913356949,1.06117991218e-12
-71.6627997138,47.1987821676,1.03084858775e-12
-71.6219713549,36.5450963836,2.98427949019e-12
-70.9605990829,40.1390461407,1.70530256582e-12
-71.9768123534,46.5274777249,1.40709502655e-12
-70.4371125753,43.0154306141,3.88724922201e-12
-71.7141488839,36.053196982,1.70530256582e-12
-69.9832042826,43.0980098843,1.27897692437e-12
-70.9712840577,37.8017561377,2.89113682539e-12
-71.11062035,45.4728485372,4.26325641456e-13
-71.7064001165,46.1816652075,8.52651282912e-13
-70.7633124499,45.7796541843,4.26325641456e-13
-71.8213610077,39.1546213495,5.69780726303e-12
-70.164406038,41.5282290964,1.53519443102e-12
-70.2151402977,42.785679206,5.11590769747e-12
-70.9634670427,40.4552663429,5.54223333893e-12
-70.8392092558,38.5172354925,1.44251422093e-12
-71.0074381858,41.9910552345,2.47998106637e-12
-71.524905378,37.7909687506,1.27897692437e-12
-71.2424897299,44.9039706471,2.13162820728e-12
-70.6318212927,40.2567347912,3.89171640206e-12
-71.2105924965,41.5278296871,1.42941909061e-12
-70.8626480345,44.1897786984,1.8115858536e-12
-72.2552780131,49.1194170467,4.26325641456e-13
-70.9514507311,46.6236689621,8.52651282912e-13
-70.7996168844,39.0459905245,2.23211836312e-12
-71.5280965073,44.455989919,1.81065357312e-12
-71.5414593629,47.8941175957,1.27897692437e-12
-71.0408385047,47.9509995658,4.26325641456e-13
-71.8308504,48.6582201772,5.14681710666e-12
-71.8701075419,48.43066409,8.52651282912e-13
-72.1572635785,48.4202995577,1.79673801882e-12
-70.2745172048,43.0382935182,0.0
-70.8207839669,43.6513913874,0.0
-70.6501767922,39.790620485,8.52651282912e-13
-71.1667541312,47.636442693,1.79948822598e-12
-71.9215194327,45.7931819068,5.94511455721e-13
-70.9478032563,40.4536719856,3.8369307731e-12
-69.9978057879,41.1564917179,6.8212102633e-12
-71.2490151126,47.5846388884,4.30187295152e-12
-71.2952268598,41.8811507836,0.0
-71.5180186896,49.4718445673,5.54071252621e-13
-70.9775878749,40.7058621507,3.05347585419e-12
-71.0862258278,43.9217673887,0.0
-71.3069759711,37.6043372096,6.75507397396e-13
-70.3370752273,39.9937319209,4.86816299689e-12
-72.2726374256,50.0023887366,4.26325641456e-13
-71.2205607162,40.9660734607,8.52651282912e-13
-71.529041123,41.7030399502,3.46950668282e-12
-71.4542469928,44.421148039,8.52651282912e-13
-71.8401821164,47.9862180447,3.038356178e-12
-71.0238098637,42.6918660498,7.27458174406e-12
-71.2176739646,37.613111357,8.52651282912e-13
-71.0062116858,46.3208657741,2.6248582332e-12
-71.1123832102,43.2088905287,3.88693414842e-12
-72.0402193189,35.3712224906,2.65075935168e-12
-71.4013613534,46.2528220376,5.01205728463e-12
-71.0819255172,40.9522378005,3.05296931982e-12
