-71.6863788677,42.8333860387,2.06052609147e-12
-56.8505006216,33.918355919,4.38495050235e-12
-54.623591983,31.8571278386,1.12564696493e-12
-72.0381584148,43.1533815115,1.05543187839e-12
-64.9999578492,39.9780183562,5.24036540466e-12
-85.7097821745,48.232688174,707.521365364
-454.750110855,45.6170633997,218.702630483
-61.4399724392,38.7403489411,2.09766106552e-12
-74.5743868602,44.2357250987,1.5528613304e-11
-76.2554310307,44.6656336971,9.57338025657e-12
-68.8064543315,42.8273561965,6.25339036241e-13
-56.1211321046,33.2104290302,1.74220714278e-12
-68.961864125,41.5156542423,5.91548682882e-12
-86.924213177,45.3883605736,196.782700557
-70.0633937378,42.6966819701,4.32216485239e-12
-73.6375881675,43.9887411957,6.1346238088e-13
-75.7874224436,44.7388715241,7.4065782696e-13
-67.1212177569,41.9271015369,1.27897692437e-12
-71.1524548599,43.9102922153,8.31009504103e-12
-75.3257144326,44.8133713116,1.52556967744e-11
-62.5228512087,39.2204346011,2.87285564703e-12
-72.7507350704,43.8342307456,7.48364068341e-13
-67.7020191373,41.7159439294,3.83027464298e-12
-52.9961587783,29.931940619,8.32539646951e-12
-66.6825812808,40.9390781536,1.81527782563e-12
-65.5260125493,41.1748279102,2.87244446585e-12
-69.7896665749,42.0657216522,1.52633946094e-12
-57.2010707891,34.5888439018,2.00416674336e-12
-591.313982033,114.694413605,2141.6059791
-60.3462188871,37.1420156291,5.45202721142e-12
-56.3012133637,34.1584449615,5.86834794597e-12
-88.909042059,44.9039838966,38.6967537839
-60.0532458993,37.155501759,0.0
-74.5477518292,44.5411455736,1.2154491588e-12
-65.6214801254,41.1965308654,1.48761124901e-11
-72.567771689,43.6646388444,1.53908787464e-11
-75.9034447994,44.7130712148,5.85515264915e-12
-65.1651918945,40.6897758776,1.4426746072e-11
-65.8236474873,41.3325888537,7.69200021358e-12
-78.7569662007,45.0933866871,8.00877637402e-12
-61.0132832357,37.5544349398,1.1166242207e-11
-53.5641556236,30.2124674233,4.42812894947e-12
-52.382109635,28.9379238512,7.77879255498e-12
-62.6443017792,38.5158346302,7.88421758339e-12
-59.5338181393,36.8144659806,6.69510434805e-12
-74.3167443588,43.6869070841,0.0
-61.4318939149,38.2468494924,3.46930676705e-12
-80.897943329,45.1814752447,2.42808421948e-11
-64.5426531365,40.0887291308,1.40321751396e-11
-56.5026975706,34.7794754089,1.37014116755e-11
-72.2626348724,44.4156900073,1.49127329346e-11
-57.2730779881,35.5046121031,4.36557221028e-12
-79.7932178992,45.4508074237,3.02099851795e-12
-78.1424067609,44.4670744043,1.82549173452e-12
-68.2677408724,42.71407182,9.39795924978e-12
-71.4531080952,43.8520104672,4.49012277277e-12
-62.3297357705,39.8874166185,2.07629616199e-12
-74.9747165892,44.5160439342,6.44271696485e-12
-138.865522193,51.6852039317,1103.49892903
-98.4781976425,45.2625684835,215.650408153
-66.3600801808,41.1030501358,5.94350683783e-12
-82.6552909445,45.057517519,63.2799264378
-71.9840270016,43.6094688256,1.77773994871e-12
-72.5346278996,43.8709290122,2.77147272435e-12
-74.0646877636,43.4605666441,1.7798615093e-12
-64.9310039003,39.852404469,1.82661703796e-12
-86.1102731682,49.2635224227,903.442176636
-76.4097830496,45.1148820744,8.10741552252e-12
-426.417951167,47.183681237,3793.49352895
-77.4841586243,44.5437058188,3.86399566898e-12
-228.986323673,134.950859108,2589.42436589
-70.2788633468,42.4813159197,3.8681151016e-12
-69.1731894364,42.8311497122,3.0272217383e-12
-87.3566799,44.9686594588,3.94771134809
-73.1716296085,44.3721452933,1.04808749406e-12
-74.4389805602,44.1033828637,1.49216056568e-12
-70.2630152232,43.0897645205,1.28896167992e-11
-61.8566086739,38.1387840508,1.90239987832e-11
-71.6542500435,43.2929317279,5.97841011853e-12
-62.631520656,39.0404989249,5.23652274889e-12
-73.3725863115,43.8974388228,1.84321577316e-12
-80.4476548169,44.805472534,6.06459347504e-12
-69.8831715261,43.4379254496,2.04374101117e-12
-71.1099435825,42.4414152672,8.28529107053e-12
-57.7452728168,44.3858995009,1169.56532175
-63.9150905027,39.293669175,2.1396430211e-11
-75.0661169651,44.173734636,1.34034178631e-11
-81.5497936388,45.2083749544,81.8577593915
-88.6611340581,44.7906926058,56.4064626396
-76.9465868984,44.1530369743,2.48390683894e-12
-70.7726885421,43.346821716,2.04628074951e-12
-63.1651071152,39.726067219,6.50888963758e-12
-75.5642835607,44.7897960849,5.84841502626e-12
-64.2510808143,40.6892957498,0.0
-66.2559232341,42.0389504576,3.0535643043e-12
-70.397087125,42.5861810067,9.58986471076e-12
-67.4997866217,41.5550121504,1.7527104964e-11
-69.1080991019,41.9626706078,0.0
-78.2953618671,44.2283281677,5.17678443732e-12
-127.068614773,128.258041794,2077.53828867
-143.790643912,52.6516115497,1237.8769061
-545.253444653,115.645421547,2105.99237085
-86.542998091,45.1417659856,1.43270201198e-06
-65.3239555534,40.7273093059,1.27897692437e-12
-75.0334711114,44.0628759847,4.47550933587e-12
-73.6289192935,43.6633631837,1.49961969972e-12
-59.7916724939,37.697990782,5.43639354068e-12
-57.8358640564,35.9954924874,1.1191555479e-12
-63.9977784106,40.1983869054,3.36603942184e-12
-70.2136511513,43.2665852505,6.20877302721e-13
-66.0787222726,40.8908545167,3.86400745521e-12
-70.8780418666,43.7978609376,7.96535211447e-12
-72.4383944515,43.7549478604,4.39462522246e-12
-72.7488878667,43.3769969156,2.51539145425e-12
-72.9210690455,43.9597827399,7.56394918507e-12
-57.7543613096,35.7539256818,4.53733035004e-12
-76.1886590374,45.0873826298,3.71124695718e-12
-65.5956918136,41.0809672506,2.1355038258e-12
-71.0770160326,43.3017350632,3.93666673148e-12
-77.4829254949,45.1582436085,1.47411362889e-12
-68.7940872621,43.2896132954,6.88662613611e-12
-63.7105281518,39.6426243568,3.28287297017e-13
-80.2701363664,44.6625125646,3.73730243737e-12
-73.6134988931,43.8551525163,8.53188074338e-12
-77.5293125413,44.517118371,1.39149162218e-11
-68.7163924461,42.9039027817,1.06742954739e-11
-71.5704557639,43.257952219,1.08114954854e-11
-69.1915424081,42.6997536947,1.32378470656e-12
-74.1689459182,44.1472127304,5.76441592496e-12
-71.2370934255,44.1907899112,0.0
-67.0908334008,41.2703094809,3.84854630339e-12
-57.7549800675,35.1650402078,4.40522988796e-12
-69.658663493,43.0033849374,8.40906030768e-12
-71.5416847347,44.2507584986,6.10747894545e-13
-67.6894118864,41.7093431136,1.90958850527e-12
-86.5478840798,45.3914158227,12.5092005519
-74.4616207898,44.6645862781,1.0151514802e-11
-71.2974569522,43.8119552044,4.06655281394e-12
-57.3790764862,35.5982440328,8.79158971746e-12
-62.4442480702,38.5882615466,1.44220968302e-12
-71.1300058071,44.1592097584,8.49360709457e-12
-67.1433178133,41.5691591813,2.8542535755e-12
-68.2211314742,42.5224635602,2.06909596142e-12
-65.052721702,40.5526479274,8.52651282912e-13
-57.5020356785,35.1384650586,2.91339210381e-12
-69.2955187879,42.8577815474,8.52651282912e-13
-82.019812683,44.9023368336,4.85031119535e-12
-330.836696598,66.8227208208,4320.74864292
-73.6356308968,44.2047012889,7.45218586186e-13
-66.6412454823,41.7192067172,7.02925822863e-12
-73.1242168427,43.7780571913,2.54788470841e-11
-64.0748715812,39.3987964704,2.90705825271e-12
-55.7384443444,32.9059529858,7.35335496987e-12
-86.1396928873,45.4877551645,205.320457305
-60.6134302338,44.3299061354,1037.42746074
-56.9170567061,35.4413624491,7.60658692266e-12
-76.3727650935,44.2774009644,5.0484635912e-12
-75.4878237667,44.6932383007,6.19481465234e-12
-65.9113487352,41.074860432,3.62679405227e-12
-68.8434174433,41.3583323883,4.26325641456e-13
-81.4804568928,44.681306997,7.41150729209e-13
-78.4694024483,44.9419562631,3.01762990403e-12
-56.6121034565,34.4020065434,4.61295304254e-12
-82.6716273564,45.1766167404,2.22430887763e-11
-79.0810734891,44.8678913283,5.50516752668e-12
-64.8768338773,41.0384315535,3.85800505168e-12
-89.5008948294,45.1304514678,9.07195508139
-67.6111809938,41.5911248705,8.75981386759e-12
-72.181759212,43.4189366044,5.82892031694e-12
-81.7406217807,44.5634540653,6.07491671693e-13
-65.1146631963,40.4774559263,4.26325641456e-13
-75.3539135526,44.7197261864,5.60070675109e-12
-66.0734763401,41.0854678404,3.33949286927e-12
-75.3895296176,44.256545392,2.02075987999e-12
-61.5896942432,38.3957670882,1.56346777176e-11
-73.1802725684,44.1157427162,4.04946590581e-12
-73.494014315,43.6849292717,6.99362518308e-12
-79.2639948344,44.3674556584,1.29146593373e-12
-84.8517340844,51.2227881185,1072.99705884
-54.355784957,31.0247534846,1.17875637971e-11
-63.4253481002,39.4853301564,8.62503677715e-12
-69.5742383033,42.9696606069,1.51423455363e-11
-78.2509033327,45.0157573364,9.28913077844e-12
-72.4427180109,43.8922818799,3.78406470305e-12
-206.557038674,74.6142263961,2631.33385525
-67.877014653,42.5915580521,5.84156910711e-12
-67.7467386518,41.934679136,3.05700951817e-12
-60.811755982,38.1344901872,6.87698360679e-12
-70.82243538,43.3393324081,8.01770520045e-12
-64.2045516906,41.0011460621,1.28698580491e-12
-68.2606294491,41.8587411975,3.31608440302e-12
-64.0754438781,39.4718273904,8.86520945305e-12
-79.2410142775,44.7336529698,5.01163939164e-12
-78.7113826835,44.7901075236,9.23560439616e-12
-85.2633939397,45.853561266,287.460075405
-62.6851438466,39.2087675376,1.078659162e-12
-70.186749915,42.5749651771,3.03577254535e-12
-73.9958084827,43.6988208405,1.24643340131e-11
-69.4922194041,42.0841567416,1.06181730748e-12
-73.8108651957,44.3777524164,2.23123294649e-12
-66.3439659161,41.1839267696,7.70414788248e-13
-78.8390603437,44.584668229,4.2508907258e-12
-57.5498915849,34.9319861403,6.399531772e-12
-80.5215756947,44.653710243,1.21309685798e-12
-77.1700285572,44.0585242903,1.8870118836e-12
-76.9269922226,44.4624617721,3.86879424767e-12
-73.3238497174,43.5727610988,7.50575182193e-13
-64.9846970446,40.4406072473,4.65868190184e-12
-75.8691955765,44.0358923473,2.02698239392e-12
-69.3551571804,43.1517147328,6.57557399205e-12
-74.4928816651,44.8456089297,4.26325641456e-13
-65.681732164,40.9904449322,3.85995831667e-12
-71.9492427323,42.7745023177,0.0
-71.4598554635,43.4664316422,9.65582290141e-12
-78.8652127879,45.1647506242,1.16196059465e-11
-70.4808210365,43.302271061,4.26325641456e-13
-76.0903962625,45.1048363098,3.45868159723e-12
-58.0287053789,35.7341254944,4.85883138799e-12
-57.0905982311,34.5807782918,5.20024156768e-12
-65.1252104158,40.5436061623,8.53176858796e-12
-74.9737757446,44.8707133938,1.82554549401e-11
-68.0367475885,42.468710814,1.14885133339e-11
-78.2259138023,44.3769124252,6.15372125083e-12
-71.9906491409,43.762429492,4.80883646067e-12
-58.4097388063,36.3271588202,6.9068147761e-12
-84.9231897861,47.4597949206,706.296911
-58.7945931922,35.8189410199,7.68418254682e-12
-81.5780982165,45.0248873883,1.20530712149e-12
-66.2496033191,41.0933840851,1.06767881883e-12
-84.2303976241,88.2478976084,3234.09418672
-81.9771468608,44.954839703,8.54373971589e-12
-268.132203638,126.345888336,1307.68864251
-64.589556914,41.0419333338,4.62943494878e-12
-78.0664144642,44.7783373528,0.0
-78.4469072776,45.4126602433,1.02555417938e-11
-61.5077494962,39.0413117585,2.91392926717e-12
-57.0881523068,35.0741490241,6.97817541506e-13
-64.6776722307,41.185202252,2.10545443591e-12
-79.6056041992,44.7360381043,1.10349234424e-11
-67.3706672654,42.3873024313,2.07280787637e-12
-57.691346983,35.0939409596,8.19100342328e-12
-66.694827419,41.1773714848,1.28669620911e-11
-68.2339973944,41.6049335623,7.03949478599e-12
-66.7541479896,41.0814946586,3.94938644394e-12
-79.669125826,45.1263577848,1.76993504214e-11
-67.5160662592,42.3968627647,5.6496581645e-12
-69.5456229015,42.4430673354,3.57851472407e-12
-68.1385693599,42.4110818264,1.81779247833e-12
-64.3733517188,41.1106241683,1.28273603179e-11
-61.6535106558,38.6798493803,1.26309087035e-11
-68.9473703605,41.7840623119,4.76604866669e-12
-125.260377547,46.8880006739,1012.61230188
-60.9119554893,37.9649284444,1.98110700359e-12
-77.9061793839,45.3949317568,3.11278261959e-12
-71.0735803367,42.3691145455,1.07453328164e-11
-61.8552495726,39.4463562415,1.32066871977e-12
-82.9089249272,44.9659937603,4.29087127073e-11
-62.4754081041,39.7162649718,1.06991366007e-11
-78.0652628911,45.0109926197,7.38323218266e-13
-62.8043916299,39.268198472,3.42520720028e-12
-69.0975142329,42.6790961573,8.09240587339e-12
-69.2684289796,42.0008466116,1.94812548303e-12
-64.1120313271,39.8416252091,4.93313239312e-12
-71.8632412977,43.0799365379,1.40433369111e-11
-76.5391583177,43.7871296886,0.0
-74.3500233632,44.7328808137,4.01451491054e-12
-81.7411571441,44.8024499671,7.96819344752e-12
-67.3827235894,41.4474187574,1.18402668653e-11
-59.7434397203,37.3208160048,5.30890292223e-12
-64.7010938726,39.8170427291,1.27897692437e-12
-68.9974537966,42.6371318099,1.51685018044e-12
-73.9593832132,43.8776945783,1.17094468867e-11
-72.7279287755,42.8341147975,1.51356129717e-12
-60.7496378059,37.8170431684,8.04116776286e-12
-71.3483661794,43.9971899438,7.56015415636e-12
-61.1650401219,38.2815390205,1.27199496462e-11
-74.4879679369,43.8204225768,0.0
-73.7628984328,43.1233987727,2.63131988034e-12
-64.2404247075,40.4212119979,7.76603436249e-13
-75.0180583771,44.5535561256,9.59007604954e-12
-58.9651893851,37.1033352217,1.44852482233e-12
-66.2206440732,41.3809179139,7.68804518608e-13
-59.3652806186,37.0109817433,6.44809912125e-12
-67.3575327704,41.3331843357,3.84597574983e-12
-72.8656584397,43.4139846001,1.34022792737e-11
-59.8269370254,37.2455636998,2.65601137213e-12
-56.7626567155,34.6489513241,1.27897692437e-12
-71.8376842368,43.0790718339,4.54324487066e-12
-55.4390969009,32.6421169836,3.03039591983e-12
-63.3420330418,40.387880153,9.58798982325e-12
-62.1278826887,38.8846733283,1.10162281913e-11
-57.9717442579,35.5107854579,6.27170193367e-12
-68.4702516405,41.7422829082,1.53167636248e-12
-76.4966380076,44.7935886675,2.45759488899e-12
-68.6887557421,42.453416287,5.57003873875e-12
-811.336188142,45.0578151664,137.629507638
-63.7395807387,40.4002093539,1.27897692437e-12
-260.028131128,134.040181247,871.576045122
-65.3034726457,40.659470726,5.20032594934e-12
-55.7487961238,33.5271916835,2.04249031303e-11
-69.363013165,42.3915970632,6.29729207565e-13
-63.7126241006,39.9642582816,6.75116886424e-12
-82.985926817,44.8181222961,0.0
-63.3122442776,39.5084465356,3.64791389746e-12
-77.5952937279,44.8818289892,1.28131953291e-12
-65.3122844073,40.5280802592,6.48089653933e-13
-73.406026927,43.5833744051,1.42411122525e-11
-69.2228616029,42.3690058984,6.40705197008e-12
-66.0468996841,41.0570711286,8.52651282912e-13
-87.6735937911,44.886259419,90.8969635073
-81.3250989709,45.1419784611,6.02928779302e-12
-63.0474579429,38.866027981,7.86593755311e-12
-73.2921424797,43.6550534642,1.82753357711e-11
-72.6042111033,43.3019019916,9.33275535458e-12
-61.0710435252,38.0388291031,5.86602504342e-12
-61.7699128349,38.3502743911,8.24188846252e-12
-72.5519700124,43.7982507521,2.0336608917e-12
-73.8933901954,44.3901014025,5.16408387185e-12
-85.4483036582,45.6384486432,289.279093254
-73.9797386729,44.2643281775,1.88077679264e-12
-82.9019125415,44.7008594574,1.21510543362e-11
-63.0758150484,39.2137668111,9.92318023173e-12
-61.301122188,38.7887387645,2.09676773581e-12
-76.5757289324,44.7205350571,6.71866369828e-12
-70.0316331883,43.5727636221,1.30697805295e-12
-60.3518241361,37.5921159133,4.89544239096e-12
-15.0297300877,120.899888345,2322.80088319
-58.8440264369,36.3289194042,1.48244577393e-11
-56.2652775671,33.5034920133,1.01062058779e-11
-66.1058237213,40.8592461321,2.57892350889e-12
-93.1082202653,45.0344450253,136.376891935
-60.6694255003,37.1683579173,3.73222403135e-12
-91.2674059081,44.9724688825,17.8820778382
-66.50938036,40.7313008408,5.19607859652e-12
-78.4026925347,45.4350094961,1.19664125346e-12
-65.5174657925,40.4126578245,1.76330513052e-11
-71.4818803446,42.8643180725,1.5130562271e-12
-82.514225433,44.7736307204,2.43053682013e-11
-75.2265964398,43.9114176658,9.10274535116e-12
-74.8048590563,44.0586068399,4.26325641456e-13
-66.1200249048,40.8462611763,3.86581849749e-12
-74.2378736203,44.3335116367,9.62276783379e-12
-80.4968960794,45.4800222275,1.86114293351e-11
-76.7671986105,44.523352273,0.0
-241.782217745,93.2430093208,2892.80786765
-68.3072630904,42.502822037,3.79771878006e-12
-78.4393695398,45.107256244,2.2079782011e-11
-56.0795697155,33.6443814237,1.74184383809e-12
-77.2725962519,44.9851850229,7.38544949098e-13
-65.6133255803,40.7025148939,4.23674810356e-12
-85.2669066892,45.702310319,312.387437085
-55.8642917008,32.8101883154,1.79806849394e-11
-62.9095389802,39.1333015486,1.28054877064e-11
-59.4932896563,37.0786678827,2.65946363906e-12
-63.738572788,40.2567944139,4.1809256863e-12
-78.8530399226,44.4034522639,1.48705020845e-12
-62.9435709131,39.005758853,5.06925663852e-12
-77.5562685763,45.0789721002,9.190848283e-12
-76.3671053611,45.2369695733,0.0
-297.014067313,73.6484311478,3760.41931612
-81.7109744196,45.5002182238,2.4041621168e-11
-68.4587133881,42.8134028634,2.0420316404e-11
-67.5675395937,42.903924765,9.59666811218e-12
-66.0199451264,40.608641647,3.35380406267e-12
-72.7774666305,44.0766535455,8.10333783867e-12
-63.0972425271,39.9589574557,2.6207393226e-12
-87.6463980197,44.5396064427,134.900837616
-83.5932850388,75.3488910884,2793.40758755
-59.7362450836,37.2820195143,2.40513470927e-12
-75.7453241645,44.753619983,4.01333486862e-12
-75.2841491036,44.3563724536,2.0179379762e-12
-77.1577145572,44.123488362,4.36849506632e-12
-68.4656934655,41.8954350572,3.05830482496e-12
-75.2938174469,44.0474638106,4.47657917786e-12
-72.3666232549,43.0857348082,0.0
-72.7315460743,43.3705598062,5.03661946235e-12
-67.6576360699,42.2277538716,7.93448854496e-12
-72.6414565449,43.5154389231,1.02078864902e-11
-85.7234332686,57.1604591035,1611.38002262
-77.1492324178,44.1537220423,3.08834069612e-12
-68.6366100752,41.5832196139,7.99624297684e-12
-69.832040133,42.8248778552,1.53561635391e-11
-69.4877196836,42.4994827057,2.06972766126e-12
-68.1048284186,41.6659774462,7.43597181322e-12
-65.344578231,40.6512894704,1.07027544335e-12
-64.2650498978,39.4422457483,1.8357911101e-12
-82.9282414361,45.223909591,3.60962797203e-11
-87.6395426029,44.8266147163,72.4741016941
-106.797046215,45.9219303227,435.219960101
-77.2710247919,44.5683119046,3.15461989213e-12
-85.5358284103,48.9122530264,873.587295105
-57.2379315673,34.3203067393,2.76463908404e-12
-82.9180264074,44.6970759133,2.97475589843e-11
-79.5751337052,45.2726231549,2.49682973656e-11
-81.1161050477,45.622738992,0.0
-63.6611297902,40.4041321587,9.29889340692e-12
-76.5252396416,44.8478217541,9.90434150587e-12
-70.0323075682,43.3640345344,8.18320470732e-12
-61.340607612,38.2987226143,1.48718352331e-11
-69.6988321365,43.1220265341,3.36433698892e-12
-79.8607242962,45.2075527682,5.5557662166e-12
-65.6890114032,40.5239356419,3.48390380399e-12
-83.026962977,45.7787852912,6.90654046093e-11
-58.5543850098,36.0848230906,1.58787028255e-11
-87.4817257726,44.9267962327,87.8048161021
-81.4097709034,45.0392441932,1.88519207289e-11
-56.0314810878,33.0818772441,5.00577877994e-12
-132.317968542,49.9376962037,978.63848345
-68.3262330293,42.3558669241,1.22621240221e-11
-66.6198676211,42.0369688233,4.83148737076e-12
-448.762125598,46.7142460809,527.025214534
-96.5175008913,45.2937890254,148.733509941
-73.5387549187,43.6441829819,1.43615142549e-11
-69.3701207167,42.1041303536,4.26325641456e-13
-62.8383712807,39.5517525385,1.87534163062e-11
-73.7460760488,43.8505383785,0.0
-75.336116962,43.9385373082,7.47479936263e-13
-56.4714081796,34.3839344937,6.20896670905e-12
-57.95752206,35.5832793006,3.09005892355e-12
-57.1499617506,34.8224553777,1.06012849745e-11
-73.6067142169,44.7376153304,3.85251768078e-12
-82.5795556363,45.2561728714,103.989642242
-75.139452017,44.2083395045,6.47293928538e-12
-54.3591102426,31.444869437,1.95263902347e-12
-64.4430550697,40.2249421865,6.51012021691e-13
-56.3773072339,33.6742175921,3.47171698053e-12
-56.8819372329,34.0528666158,8.97767991021e-12
-72.8390944791,43.1598324423,2.79736140779e-12
-76.0009830027,44.5473865841,6.31134337488e-12
-71.7522913684,43.3029915734,1.42155178366e-12
-74.2490937506,43.5290238741,3.20641693563e-12
-102.627454698,46.0444072659,314.531321729
-121.887260842,48.0198214559,720.662836724
-53.9267068104,31.5966502651,9.20504320495e-12
-73.6805190091,44.1297674646,6.48063264268e-12
-60.7459045107,37.5718406476,7.15692301434e-12
-58.6075226885,35.9301310725,1.62287813115e-12
-69.3255108293,41.9055380361,1.33885647582e-12
-62.864500354,39.3070399929,7.56630689025e-12
-79.7558781529,45.2379046456,4.39314402479e-12
-70.7324816832,42.8291097629,8.81565333019e-12
-66.9187095218,41.075848151,5.39907344187e-12
-73.5159274284,44.1489267436,3.88725454011e-12
-74.4235327603,44.2237199357,7.45056714841e-13
-69.724963807,41.9042998989,1.06288550968e-12
-82.8664504157,45.3294029011,1.38134444339e-11
-67.8022862971,42.3202475414,0.0
-74.4742372001,43.7820037157,2.03411660565e-12
-70.3286906457,43.430718252,6.69955757044e-12
-60.2133267803,37.3372237146,1.15534106835e-11
-60.6400401029,37.7864337337,4.02133236052e-12
-90.276791195,44.7990299356,3.09270586476
-74.6758259989,43.895259068,6.50353632101e-12
-56.5741380749,34.2814520681,8.29547370688e-12
-70.4757910496,42.9321002177,1.0860228575e-11
-69.3318980713,42.2247951967,1.33282322593e-12
-74.953140278,44.2255185343,9.32244677162e-12
-76.2525356909,44.4179012881,4.34750017748e-12
-66.0063065966,40.5963038097,7.7518929546e-13
-66.6153836566,41.5486589547,3.83714785077e-12
-75.3022019917,43.9503714058,1.21517571517e-11
-84.8450869584,46.4565059736,380.911745891
-79.5470375554,45.1568993977,7.37068384799e-13
-80.6065298285,44.8207725343,1.03608189387e-11
-64.9014405829,40.510964096,4.43534544003e-12
-74.2273880507,43.7530828249,2.99620435814e-12
-63.2953607813,40.0315870035,5.45815210879e-12
-65.7693604181,40.3667614082,5.21758122474e-12
-279.77188373,95.7316091414,3206.49463059
-79.9777234453,44.7165359332,1.03792484487e-11
-72.5427139623,43.9302646527,1.51720269165e-11
-71.7167350071,43.1293495714,8.48436280481e-12
-68.9637759971,41.4937369449,1.10675552925e-11
-68.9804273035,42.6235140709,6.77538593506e-12
-66.7142595627,41.8320435132,3.06039558683e-12
-57.2024949844,34.674102079,1.68908339805e-11
-75.054966253,44.1239178547,6.94530735107e-12
-75.5099535283,44.6651509281,8.86697649922e-12
-67.067625916,41.5533381043,2.69094492768e-12
-74.0193587183,43.7988142291,9.70172031552e-12
-61.0855936224,37.7849756084,8.46747773335e-12
-71.3481326484,43.0211460483,1.43873108043e-11
-90.1408855256,45.2192205858,22.0152892396
-55.3546019966,32.4998298379,0.0
-79.419519427,45.4245995398,5.40272569925e-12
-71.9223247916,43.9035188682,2.60109243893e-12
-67.6027136539,42.502627211,1.51909075439e-12
-79.8568230583,45.5132938841,4.26845856929e-12
-76.2321103422,44.7685347688,5.59622667892e-12
-56.0066983682,33.4043128961,8.00769504423e-12
-70.9294144877,43.6100780992,6.17362629419e-13
-78.8427104591,44.7415930211,0.0
-74.8097269637,44.5544972992,1.23061785943e-11
-77.7680204696,44.4619876642,9.96740673236e-12
-64.6477086388,40.4625875203,9.31523544185e-12
-64.1063385653,39.9971371215,1.5600240746e-12
-72.5965928198,44.0559326115,2.59514130525e-12
-64.7822462498,40.8440905836,2.11459605376e-12
-59.0694976873,37.1175100251,1.44846507638e-12
-69.9078569074,42.0102458353,0.0
-77.5977664523,44.4019333976,1.19528794058e-11
-63.3781106583,39.3348602655,3.65390687783e-12
-64.28194527,40.4725859278,9.31426704325e-12
-75.7806537427,44.3964635042,2.46056099097e-11
94.6956043979,125.351623558,1357.39195174
-69.4893283308,42.430222822,4.48714625297e-12
-68.4602671365,41.6694729048,7.66437140033e-13
-81.5835096489,44.8401231528,7.30507772506e-12
-78.6763516707,44.7170097359,7.40845060589e-13
-73.5439897588,43.5144399615,1.58413748003e-11
-123.442888972,48.13258973,770.673665085
-406.520635853,108.173082107,4022.1588472
-62.7568864765,39.5056786439,1.30414991693e-12
-79.6506794777,44.9577841842,2.55962860045e-12
-85.3230090237,45.2105357717,36.2095634432
-284.522419518,79.8139002902,3923.57963579
-66.9873691011,41.2995202649,3.07788189171e-12
-73.1968877365,43.9111164949,1.44497606386e-11
-82.0898351237,45.4122365984,7.82788240421e-12
-68.201702923,41.6173130751,1.00813089507e-11
-57.2605966725,35.3491096249,5.45259327554e-12
-65.5451622799,41.290655297,7.93955037211e-12
-67.1287272583,41.8874629264,1.33069987446e-11
-79.363319678,45.2703897336,9.68582978694e-12
-69.0855702932,42.2469133035,4.26325641456e-13
-63.690144879,39.8068331024,9.09012706686e-12
-64.955442439,39.8158763669,5.2498234426e-12
-77.621215332,44.9034442834,1.85197485976e-11
-79.3257465613,44.7494443392,1.86599313267e-12
-65.3016609092,40.90839932,1.08030487848e-11
-137.438007434,48.0459191212,1275.29560869
-60.7255259693,37.2318743754,2.30426470668e-11
-74.6913581426,43.9498567661,7.47383919018e-13
-58.7646463683,36.7844786296,7.31891240136e-12
-70.4103562509,43.3736186592,1.31083366403e-12
-76.3402421493,43.9670952229,6.36938888443e-12
-153.51581161,131.147774787,2290.81138954
-71.0735453807,42.7030482112,5.62769041687e-12
-77.3764877275,44.6746817675,1.73164083496e-11
-129.888866079,49.3482015082,922.557664124
-63.8748261983,40.1375798735,2.22906894092e-12
-62.6691401299,39.4494976839,8.8605493826e-12
-272.54968596,103.576464844,2830.95307066
-65.3207033323,40.4591199683,5.94519757994e-12
-61.9424876426,38.6460575391,1.41949793777e-11
-64.4944920695,40.4647755736,1.03315626583e-11
-65.477072953,41.5226455828,6.14114419487e-12
-66.2039742287,41.3700026176,7.06047782303e-12
-70.7259871908,42.6925292664,0.0
-82.5345024242,45.4273626083,5.40246290457e-12
-75.4059552061,44.4940059196,1.82464928768e-12
-78.8201043737,44.6757654383,0.0
-77.099348603,44.1815606586,1.88328697809e-12
-74.6107441307,43.7126254361,1.30426258637e-12
-71.3047818936,43.0334211921,2.05498987657e-12
-54.5220635246,32.1054400346,1.08310566438e-11
-70.4707127382,42.9692055148,1.27897692437e-12
-64.0064753576,39.8916488122,2.14941588875e-12
-70.8120939074,43.7967107611,2.77418752318e-12
-81.9188531113,44.9325337764,7.95067025893e-12
-63.2299167507,39.9736247217,6.55081455891e-12
-68.3867358227,42.617377578,7.58589754451e-13
-59.9345163151,37.7101461651,7.97439229446e-12
-88.5374307345,44.6251891919,104.361571769
-83.0631825392,45.4841447748,1.46708849927e-10
-75.1285241766,44.4718470905,2.74938457422e-12
-74.6574880345,44.7726206988,7.40368689222e-13
-85.5586134645,52.2424626204,1169.20301232
-65.5808753676,41.0838303806,6.42684951397e-13
-58.5647158875,36.4617387063,2.00364878715e-11
-58.5114871815,36.4324895557,1.87568727673e-12
-58.4015822906,36.2235277668,2.27992008632e-11
-73.1261896768,43.9449347359,8.52059865768e-12
-82.8054807041,45.0313791881,24.4668083068
-56.8736021729,33.8128506812,9.42271039461e-12
-64.7878297041,40.9807607543,2.13668290767e-12
-85.5135169847,48.7612357901,850.49779786
-60.6835547717,37.6853134975,1.72721404041e-11
-65.132546672,40.526023057,7.7575739634e-13
-61.9673190154,39.3378965904,1.30595046567e-12
-61.4977657589,39.1776778339,1.41353965003e-11
-63.1868906484,39.8052295278,8.31135936765e-12
-55.051469935,32.0990799923,6.06114573455e-12
-81.1883751137,45.0981978487,4.2985820791e-12
-81.761003111,45.2248535408,1.44697095489e-11
-72.2768292086,42.7598296704,2.64527227544e-12
-454.121144371,45.8647187687,1049.12581343
-62.7633902912,39.4707758556,9.13167395629e-12
-69.2120748989,42.9111397781,7.56136422861e-13
-87.1894745835,44.7793297561,72.4188085196
-73.7559605413,43.8251369087,3.10515966519e-12
-57.4807557948,35.8535435537,0.0
-73.2198322003,44.3875140562,1.29107181482e-12
-64.5476881345,40.5565658522,1.03421660471e-11
-80.9514187726,45.3006437539,7.30968420219e-12
-69.0664646684,42.3994089615,2.28121095455e-12
-80.4054851063,44.4430154597,7.43187508801e-13
-72.9893533044,43.7048307976,9.27898769838e-12
-78.7065211418,45.5985023966,9.63065982241e-12
-80.0512066711,45.3132710643,7.35721214617e-13
-70.5278697803,42.9448631636,6.36085228529e-12
-62.2083391773,38.7627496495,9.15161643232e-13
-76.6766013231,45.2139692762,5.5551726882e-12
-69.6225220633,42.7380958182,3.78791393127e-12
-80.6831441611,45.1950091685,2.49322681593e-11
-85.6497076755,45.0669333519,15.2371578433
-77.9476997104,44.2504627333,5.05062901835e-12
-73.2594991723,43.3451286394,3.21548719177e-12
-61.0156243289,37.7488738361,9.29236968312e-12
-61.6818099247,38.8477347127,6.06683401607e-12
-59.1364696488,36.7221363278,2.13426328695e-12
-71.5910314659,42.9060765259,1.481559691e-11
-66.73652661,41.7888194718,3.60725001836e-12
-64.3279066682,40.1571246278,1.55745771299e-12
-88.0187946492,45.4391581447,432.604640916
-73.2409221544,43.5598761113,4.26325641456e-13
-68.456334937,42.3551238034,4.89875552639e-12
-56.2825173088,33.973693571,3.32310489833e-12
-64.7734634752,40.5559401953,6.54975358411e-12
-67.8815918734,41.7351388034,2.68412523916e-12
-66.9781527916,41.4323510806,7.68383296537e-13
-72.8621103994,44.1653417202,1.05114565689e-11
-64.8875446929,40.8984104325,9.51473399975e-12
-60.2208328598,37.2627510545,4.51865908194e-12
-64.2874601433,40.8941021789,0.0
-65.5746574632,41.4992546236,2.3035046681e-12
-71.4669446329,42.9007760242,1.7878091431e-12
-59.2379783071,37.2243387687,4.35977631089e-12
-79.8344243321,45.0514886373,1.04598556555e-11
-67.0771353372,41.8357230183,6.44946584495e-12
-72.3220568663,43.2686443693,1.05474013639e-12
-72.6933845436,43.4515628683,1.23797469435e-12
-78.5160993549,45.189785801,1.18009598057e-11
-74.6880021718,43.9365832737,5.59140501818e-12
-67.3352811049,41.6428738437,1.9585253399e-12
-68.3622211425,41.9839620741,1.42740614347e-12
-62.214777611,38.9852830679,1.33786554346e-11
-63.6491564282,39.5558760382,4.68818831903e-12
-92.3666570642,44.7186683109,21.0811527277
-64.1563614257,40.4687689141,3.35798378194e-12
-64.2831725602,39.7079507965,4.28928630893e-12
-62.883812539,39.3145053484,1.20009432917e-11
-63.029640548,38.8984101117,5.52941712403e-12
-69.9549415105,42.7824634,2.27163681967e-12
-65.1817116829,41.1637655851,0.0
-58.294788705,35.951504067,2.3697654812e-12
-59.8625966215,37.667635009,0.0
-71.4574229554,43.6394251547,6.52842289284e-12
-65.6443610935,40.6368947238,2.58378783421e-12
-77.7675672757,44.3087027716,4.35529967382e-12
-68.4680833141,42.0675487022,1.33579910384e-12
-54.5912366835,31.6468222725,5.15803602655e-12
-53.3535995727,30.7835280032,1.8423684163e-11
-65.9109869516,41.2150666049,5.73343938235e-12
-69.6099615471,43.0212631084,8.79231311264e-12
-81.6253989177,45.3667659068,1.9809774155e-11
-70.8345780783,42.8373551709,8.9882102268e-12
-67.2056079815,41.1407021715,3.45601007772e-12
-70.7516320903,42.6030076114,4.26325641456e-13
-63.6559733347,39.504456743,4.7036539568e-12
-63.0884198193,38.9383183564,6.55109993555e-12
-57.3140673423,34.8163147182,7.84843655956e-12
-80.475957378,45.1325437284,6.01519152952e-13
-82.5295197492,44.8920841019,87.7725578547
-63.0436549216,39.7285278843,0.0
-63.8848607569,39.8471581821,1.56242377237e-12
-79.4536070068,44.9836405767,1.27930148842e-12
-62.0684209254,39.2037834626,9.14413770058e-13
-61.1546340628,38.2100312706,5.02097784856e-12
-74.7859595447,44.2909774958,5.17186984324e-12
-57.1526376748,34.3159067316,4.90215146938e-12
-80.2324995582,45.2931914665,1.94249256085e-11
-78.0892895183,45.3348930612,1.84799184932e-12
-86.8506391947,44.875185352,7.59598120828
-88.1704076767,44.6950550803,111.776310534
-77.8782646104,44.6456003579,1.48619032032e-11
-67.7343668082,42.4625877032,4.14148267716e-12
-75.3456972756,44.3594928532,1.60761801336e-11
-96.9052158467,45.1013769631,177.455838733
-58.5765359162,36.49966734,8.97057752146e-12
-82.9712366937,45.1833272724,4.22068564642e-11
-74.7895982483,44.0229173652,2.50822270488e-12
-83.9059567225,45.1373832459,108.294687389
-75.5917082484,44.9953492452,2.44924711573e-12
-71.5059988832,43.5003371799,3.80762365437e-12
-70.4053250467,42.1647817364,9.25624083338e-12
-57.282425413,35.1618163802,1.32158995148e-11
-66.3251073699,41.5469094829,4.19140257327e-12
-82.7091005852,44.8538620824,1.0880123945e-11
-61.9241639282,39.4181981671,5.50835173987e-12
-76.7720833044,44.9991056774,2.44909142348e-12
-65.0347397158,41.0492131377,7.48798665399e-12
-66.8436945242,41.4232426183,6.39402649144e-12
-68.5773268119,42.6362586536,5.83847196567e-12
-65.2155533091,40.455702688,6.21060145622e-12
-72.7188590308,44.1674729578,6.4769419377e-12
-69.9725335573,43.4174863767,7.07035609893e-12
-69.025369936,42.7745809458,9.74432180141e-12
-61.8498183433,38.5690662182,9.15489091996e-13
-74.6633528054,44.5934266595,1.26134281585e-11
-87.0796834138,45.2330882002,10.3893983358
-77.1437377179,44.4595305016,5.62452796522e-12
-68.7014472233,41.7944249083,3.82704424488e-12
-82.3906821965,44.9633221265,7.20771056773e-11
-80.0017520433,45.1291101267,6.73957817172e-12
-418.847706509,128.150399971,3059.6437654
-79.0476232618,44.9345603409,6.1700508453e-12
-71.2453704747,43.8515372882,5.36103445353e-12
-61.9762426263,38.8025355412,1.70516425816e-11
-78.28885349,44.3148365963,4.27057471878e-12
-68.950476631,42.5855285122,1.12722690879e-11
-63.0016611615,39.5102226225,4.70337910167e-12
-70.6790362934,42.4905834107,1.26014324123e-11
-71.8976941906,43.9995940382,1.41844296369e-12
-63.2144007705,39.1550331136,3.42936297695e-12
-82.9985481828,45.1055930766,52.5877504236
-66.4119863079,41.3088984121,1.20792856049e-11
-71.8585820817,43.3584106392,8.45542052371e-12
-73.4849196363,43.5063115267,9.0279369489e-12
-64.4795967851,40.0847386754,6.7899499335e-12
-74.0149583871,44.1697893683,8.49227202508e-12
-62.2891171824,39.3479951745,0.0
-57.9684583751,35.2882242387,1.93764231179e-12
-73.0947091403,43.6228145726,7.50152482329e-13
-67.4333938727,42.1233362673,3.81346540043e-12
-70.682488172,43.575082599,9.46106460379e-12
-78.9454689361,44.3644306981,8.02691032906e-12
-60.9363565172,38.1735587371,9.26420256224e-12
-76.2327875639,44.7343820242,8.85726277016e-12
-560.386369964,72.663597039,2520.66779519
-64.7168843543,40.4493220095,3.35856423317e-12
-68.9274418701,41.8374910348,1.31013765468e-11
-61.2741712117,38.3960887365,1.05277690822e-11
-69.2832032513,42.5171744632,1.35454548273e-11
-69.1120321326,42.205628734,9.45556179761e-12
-61.1435605929,37.6041791344,9.05962051441e-12
-75.9156859519,45.0486061455,7.37999935454e-13
-57.9843359474,35.6303174887,4.39509353916e-12
-81.0689184464,44.9723882129,1.57354195529e-11
-75.7312418488,43.9560918811,6.13799728415e-13
-62.942542575,39.1577107191,3.39674160137e-12
-82.1169570886,45.7116855739,6.56304377803e-12
-54.8100789849,32.2808198131,6.47992152058e-12
-76.3425513736,44.511318742,5.61979500333e-12
-66.7028415282,41.9092217188,6.34546537445e-13
-66.726677041,41.2340620842,5.16620876796e-12
-86.3390927487,45.1305126411,1.58028128049e-10
-81.1061014314,45.3433240657,1.16703291214e-11
-76.3294837794,44.2789655722,6.83571946112e-12
-73.9157256721,43.1086060754,2.52617900914e-12
-71.9110543364,42.7438329494,6.9366043218e-12
-67.5191000643,42.1586761359,7.94113706533e-12
-86.7650706227,44.9608832584,11.0508104614
-76.4164441147,43.9763790302,5.91943916695e-12
-68.8947564738,41.836251671,6.4494239782e-12
-79.9666027674,45.0733527006,7.27585104761e-12
-76.2925668314,43.8006153719,1.497297504e-12
-81.6936372963,45.1108500118,1.44984724088e-11
-63.8980397156,39.9049766795,4.93024529119e-12
-78.7946464835,45.0388051767,3.71423530909e-12
-65.9478835147,41.09891624,6.4253739527e-13
-64.2149454948,40.0100775935,1.06289060506e-11
-79.1567157102,44.8673722305,2.73478035823e-11
-266.092477977,134.392961797,24.7734406564
-69.010787575,42.8694241171,6.01462262817e-12
-54.119346291,31.1413593008,1.85061625555e-12
-74.3840470057,44.4054433009,0.0
-82.3802605573,44.8351685858,9.68374909055e-12
-72.8715813048,44.3953246407,0.0
-75.89263549,44.4958415897,1.20485496325e-11
-77.96920976,44.7119415944,1.30699822169e-11
-68.3139197139,41.3375436497,1.23065517901e-11
-56.908149298,34.225138391,3.65775359843e-12
-60.4664599027,37.9440325861,9.34527758496e-12
-64.9338489901,39.6945312341,1.37968304023e-12
-74.801701644,43.9515241138,4.25545858876e-12
-67.3375108182,41.3541693323,5.38316416644e-12
-69.762219614,42.0141035133,0.0
-65.5355931822,40.2704289232,1.14391591561e-11
-276.296941712,94.7780970029,3221.37096647
-66.8062162817,41.2952375656,3.44897239804e-12
-66.2592293552,40.6930046011,4.26325641456e-13
-66.5728612811,41.2654664054,0.0
-66.1530815217,41.4161060489,5.37961461569e-12
-77.4090009121,44.9181825013,8.13338731772e-12
-59.8692810979,37.2253218997,6.78934359271e-13
-71.259238688,42.9482620001,4.68982776324e-12
-75.0136798135,44.286177749,4.26325641456e-13
-72.2030806694,43.1126297169,1.91538446509e-12
-73.7128977517,43.8739092213,1.30112343031e-12
-59.1879713658,37.230903578,6.53944357277e-12
-71.2810367735,42.8844945323,7.33175491338e-12
-71.0129361432,42.524168645,1.79313001756e-12
-78.714875428,44.7827092769,1.81559304875e-12
-64.6762408512,40.2136885418,6.46956841257e-12
-91.2719747618,44.8642045105,59.1385130427
-71.0547935203,43.4690175154,1.30898825897e-12
-75.3607017068,44.6533172554,1.28583726968e-12
-61.4659596665,38.5547048227,5.78847723437e-12
-72.2615703305,43.8193625118,1.38954609711e-11
-70.5431587391,43.1526490452,1.60378785331e-11
-74.8642202718,44.595074684,9.45982245988e-12
-69.6943023313,43.4167039514,5.24000232695e-12
-73.097741308,43.5383858214,1.85429409794e-12
-455.30031918,45.7712656294,376.713665208
-82.0481315223,45.3749220294,2.40529360423e-11
-76.4158533106,44.4750344224,5.73512490246e-12
-79.1647889405,45.2401971756,1.10151105933e-11
-60.6467914819,38.648859913,3.05198433149e-12
-60.3260806505,38.1623545063,0.0
-67.4764079393,41.5477987479,1.34557618376e-12
-82.9966694358,45.5824271085,1.07010511327e-10
-60.4784317904,38.2565476953,5.42056172092e-13
-66.2436524768,41.7150278391,1.33334432791e-11
-57.1114225368,34.8857563111,6.29310749265e-12
-58.988084376,36.4426961457,2.41838081645e-12
-85.2669266991,47.682369649,670.077248175
-73.7851724031,44.1390961441,6.07222368162e-12
-63.4346998379,39.4929340675,9.64686208365e-12
-56.252154607,33.6372867396,7.13199488595e-12
-68.7401034359,42.0409469997,4.58024742909e-12
-66.7166544411,40.7993196608,4.11807898083e-12
-81.5771025247,44.6814515504,1.58546899107e-11
-352.304899333,46.8695219078,3109.86513291
-85.9778788341,44.6978270108,180.878477575
-60.3578037571,37.2256824141,1.04067967696e-11
-75.4618682884,44.4364043095,4.34617715067e-12
-64.698692901,40.9103809963,1.28875654322e-12
-68.0839495442,41.4767916834,1.29556171735e-11
-57.3197288654,35.1161265546,3.24080687958e-12
-61.4871029175,37.9678703628,3.17473069718e-12
-72.6640747207,43.2092550417,1.05509663567e-12
-85.0541214612,44.6563070937,204.179550238
-85.1696252789,45.5444581985,1.68625190204
-62.6089149301,38.9101794161,1.04841572683e-11
-53.7991737564,31.2378043875,2.55977492694e-11
-81.4042355382,45.2230178351,4.8795862375e-12
-59.9529419064,36.8503176714,7.99251183792e-12
-77.9208472443,44.6432550089,7.98958503263e-12
-61.0877367459,38.1875806096,4.55271713106e-12
-69.1094927377,42.7916335481,2.06167940709e-12
-98.7428860703,45.3053272475,238.676273892
-62.8598023963,39.1953654796,3.71813204508e-12
-64.4415807221,40.2980684358,9.66760166784e-12
-70.7655259486,43.4479512238,1.85707292979e-12
-68.1277976409,41.620016884,4.08662663668e-12
-67.1940030715,42.445864243,4.56010514039e-12
-67.8050905727,42.5260302764,5.31545423127e-12
-89.0154282766,45.1200647782,0.274624423788
-72.4661441235,43.2433341511,3.94004743583e-12
-81.4896825149,44.9960091672,1.59584134237e-11
-70.4608058815,42.7787638499,1.27821268559e-11
-58.0457227351,35.7122795176,9.78692536785e-12
-75.682427037,44.4392699959,1.21757404217e-12
-79.5529674713,45.4046261568,5.45483565055e-12
-78.5822193983,45.1999407957,7.85690551405e-12
-71.2356172845,42.7316550697,1.51527310808e-12
-71.0040958427,43.2528064788,1.31316644282e-12
-71.099904659,43.5021537763,8.16779329918e-12
-55.4597978088,33.3977112689,6.44214479876e-12
-59.4755885695,36.9630968732,3.40643976825e-13
-76.5227825209,44.7664700192,1.05096979666e-11
-67.3960026314,41.9681980702,2.84011721315e-12
-68.6929361003,42.5496099942,5.45855175323e-12
-937.604805661,129.040142376,1064.50280694
-66.565551939,40.9303659661,6.44183466682e-13
-56.1674103302,33.8169052453,3.32559811615e-12
-67.8974711154,42.0288907424,5.34431959734e-12
-61.9757319912,38.9458032637,6.30265410227e-12
-59.2217961456,36.5021527592,1.36651306663e-11
-62.334428563,39.3925136022,6.5268242296e-12
-74.5894644992,44.6349096967,6.20078506532e-12
-60.3881318675,37.4463831925,2.72174216127e-12
-60.7657893519,37.4197809101,1.0888465029e-12
-56.4690794779,34.4948033619,5.85987447116e-12
-58.9798824944,37.3677122118,8.00602015309e-13
-78.5789425844,44.7898756938,5.13255768074e-12
-65.3521185557,41.4286472386,2.85920924477e-12
-77.2577957615,44.7316923798,1.32864605312e-11
-82.3651964697,44.9422914846,9.09290213855e-12
-75.7656582094,43.5809058695,1.50101283715e-12
-58.2783746769,36.2305818124,7.34137846917e-12
-86.3222433415,45.2105346922,24.0807762063
-58.2535437865,36.3593454204,1.08441227942e-11
-79.5054075435,45.2428766728,3.17065678395e-11
-76.2724014409,44.0207096616,7.46782598157e-13
-71.78974559,43.3406271749,9.49178532016e-12
-85.6990446496,45.5140461495,8.03885461797
-55.9289869731,33.5332087316,6.78212493638e-12
-76.6580735127,44.434515841,7.61065303343e-12
-66.7078560371,42.1763187492,6.61280284834e-12
-105.907800687,44.3857170363,246.005154478
-80.0999562233,44.9157881322,3.72179225991e-12
-60.0008944017,37.3165600841,1.10289829367e-12
-82.7170167721,44.728200908,1.58018334459e-11
-55.3061301507,32.4771299824,1.72381249923e-11
-73.1089526501,43.9716513838,7.66599260711e-12
-62.9715483838,39.7403308478,1.0662849244e-11
-82.76543188,45.3156502131,2.43593616798e-12
-56.2589938459,34.2720264918,1.62833453607e-11
-65.7041006877,40.9704291513,4.41188449827e-12
-70.059148958,42.6925233804,6.38114741663e-12
-60.4958951957,37.9072228036,1.37436486998e-11
-62.37278429,39.5458032998,4.97083590062e-12
-63.171094091,40.0026533605,7.77769216826e-12
-1563.02473148,49.0238224456,807.95552143
-59.2461177948,37.062988611,9.48812354717e-12
-75.1868792245,44.3828657026,1.26557142261e-11
-76.8568791784,44.3233288356,2.75486135988e-12
-534.441084943,63.2710380893,1981.62250249
-65.950128858,41.3140832069,4.20397252179e-12
-64.684500327,40.6042111467,7.75125338385e-13
-60.1625793545,37.7745480852,5.0371018468e-12
-59.6131704309,37.3114006067,1.10296268223e-12
-57.5173857981,34.904580854,2.45693306581e-12
-65.8545149827,41.0921906317,6.67858082489e-12
-75.0218180325,44.0330372841,2.02706277303e-12
-78.2097739801,45.37638962,9.23354667775e-12
-69.0306337241,43.2840031778,2.46676120977e-12
-70.0180532929,43.17770111,1.04393675176e-11
-56.0608809555,33.438919949,1.01089003098e-11
-57.0773861896,34.4528774957,1.35933855032e-11
-74.3760477273,43.6015537968,7.83851756842e-12
-73.3598185248,44.2879773156,5.17210530832e-12
-92.9159443488,45.2015976697,114.823348578
-74.5891244537,43.8663059715,2.24427694281e-12
-73.8636536099,43.7088317744,3.91300897324e-12
-72.8125350286,43.4534791515,1.90521470117e-12
-59.8234793729,37.1685539171,1.2523431492e-11
-68.2127114943,42.8641636036,1.78832735468e-12
-82.7058793026,45.2469853732,1.50138270372e-11
-61.0264997912,38.4959242985,4.26325641456e-13
-72.8373016381,43.0975479377,3.54947692506e-12
-76.1959857556,44.9891910104,4.24267865875e-12
-74.8573931784,44.4922471043,1.16011071989e-11
-71.7481897822,43.2314830353,4.84299138104e-12
-80.4786992919,45.0537012372,3.17372527009e-11
-69.547654503,42.058086078,9.69034505357e-12
-82.7396043078,45.1905159502,24.4070074805
-62.6273074997,39.6693883173,6.79869342151e-12
-68.0166448495,42.3088736596,5.32808806362e-12
-61.3738993939,38.4681237803,2.63041993363e-12
-61.7762359982,38.4535618982,1.84910566318e-12
-70.1447690103,43.1381265043,1.31537643295e-12
-67.334645714,40.9560479271,1.43193285481e-12
-66.348542036,41.1543377765,4.21256768313e-12
-64.0620136105,39.8615072079,5.46768054622e-12
-448.331587793,129.055511988,3003.33294741
-79.4076725019,45.6052411569,1.26691165533e-12
-62.8459864756,39.8061983432,1.11679552393e-11
-70.1056365119,43.3330872127,2.79107908757e-12
-56.8144712774,34.4486479863,8.52651282912e-13
-587.034157004,130.795614577,860.35605559
-57.177374142,34.6949182267,2.03214936123e-11
-78.2322293129,45.3878972418,4.26325641456e-13
-82.6975627909,44.750020693,1.7040668796e-11
-57.3584772584,34.3286706838,5.52905470655e-13
-75.2804933423,44.3995989023,5.03862841787e-12
-56.4455126016,34.5643747758,4.55647374558e-12
-80.8180377348,45.0956422895,1.45461034536e-11
-69.6226413342,42.3810991767,1.15008426271e-11
-79.4116217854,44.8826875851,4.31413968764e-12
-59.0798897809,36.4600765962,1.04608567497e-11
-66.5971427948,41.2003356229,1.28308849491e-12
-302.722814744,97.4546886752,3258.52208493
-55.3014457552,32.7456586679,1.21481581442e-11
-76.599407791,44.9674383417,3.27624614482e-12
-68.2697268949,42.9327532428,5.06351391581e-12
-98.0748867935,45.0507695434,172.034375179
-70.8532508909,42.3457652382,4.7294627138e-12
-60.9141074525,38.2855041903,1.58704956857e-12
-54.9001370344,32.6141554695,4.40049978817e-12
-63.3324099924,38.9288356307,6.54827901767e-12
-76.7008341504,44.6821284028,1.86805176912e-12
-69.5990145475,42.2622440227,1.52308452812e-12
-62.636400422,39.3384054408,4.44723550906e-12
-65.5297226155,40.225129959,1.50232614414e-11
-79.8675141186,44.5899481029,4.93198272567e-12
-61.2619056125,38.3123341158,5.41897377918e-13
-70.2812016188,42.5433483809,7.14816849924e-12
-72.9379135738,42.9221875866,2.63905229272e-12
-68.9396968984,43.047815062,1.91731134951e-12
-54.1107751636,31.2225255958,5.88890092251e-12
-66.7608322503,40.7075715014,5.93234624662e-12
-75.9589089944,43.8179790971,6.88726616793e-12
-70.2578306549,43.0824012267,5.6003275549e-12
-63.9599732798,39.7919055919,6.65638035584e-12
-71.2715858201,43.5680369967,1.90178293539e-12
-82.1260077717,45.7394482203,1.25258266938e-11
-65.7666641342,40.7861960738,5.92826997186e-12
-158.638242132,127.294473856,2224.77610215
-77.1377599128,44.5057107305,1.21618868192e-12
-70.6127794649,43.1171774105,1.71650716537e-11
-57.5748484945,35.8859768997,9.22946848867e-12
-256.492993407,134.196780378,1533.25065466
-179.301244468,50.2521322081,1828.6991566
-77.0051343741,44.9183809467,1.20754751607e-12
-72.7847594811,43.6834179221,2.60966035773e-12
-95.6525366412,45.5388285599,165.154535617
-72.6010025536,43.5585486753,6.12111841744e-12
