-61.1152403559,36.1027538584,4.17684467289e-12
-164.055618999,59.2397465578,1732.7006643
-127.017079624,48.7585119682,797.873888211
-47.7701835707,3.78444588115,491.493020108
-74.969307926,44.6950697189,1.07274253305e-11
-95.1264365957,45.239738612,78.5914178975
-60.039176014,35.4292137005,1.21706064499e-11
-73.9568230927,43.3723404837,2.14297186335e-11
-72.2859485106,42.6806261458,7.51315054e-12
-104.011648646,40.3232362748,829.276025239
-77.9736592916,43.9947107056,3.68040407791e-12
-69.6948922573,44.3579466648,7.43913205087e-13
-74.7989674537,44.8242791969,0.0
-56.2566393775,32.2925367559,1.37758744097e-11
-61.8921405341,39.3529616721,6.81497954755e-12
-49.057673947,16.6766037386,9.37430697808e-11
-77.6582648849,44.1096005624,1.95493792034e-11
-71.7358670914,43.5275875889,8.73046321095e-12
-72.0897807253,43.1849026324,3.45175636193e-11
-78.0965403307,44.6334159606,2.37136501865e-11
-94.4354498016,43.6252385262,23.950677934
-51.6008087219,24.992693228,1.06542588388e-11
-114.137099923,27.0689719852,7059.38406293
-54.6685529595,30.649535444,1.12476270351e-12
-81.2561288451,46.1444716907,0.0
-75.7004067847,42.9548704741,6.59449527738e-12
-68.645158494,42.7000877156,4.26325641456e-13
-65.4864200812,41.2305862157,1.41011117919e-11
-94.4135870333,43.1015524646,53.90008512
-107.060345555,46.9533705191,1253.07455112
-54.8961800454,346.511668584,6861.52187497
-67.4121890431,42.8326573818,2.27037849499e-12
-111.44208307,55.3303265948,1947.69020886
-104.065959645,42.2104592849,106.754756512
-74.0654737898,45.5346238353,1.57836898988e-11
-93.3540346562,38.7740564688,406.763783132
-99.2445004896,42.3270807036,230.159775673
-48.0114843807,17.007910133,1.02099531766e-10
-73.0933386473,44.4740508038,588.747174789
-68.283623332,44.0083082972,6.08327648394e-12
-81.3942984388,45.2853602381,3.11836037366e-12
-60.0471918574,37.3451774328,5.66346205077e-12
-46.9611815686,14.3339117046,743.037512503
-44.4832723562,33.1750521233,1721.14015306
-62.6114446853,38.4300340878,2.02474881729e-11
-60.9662813123,39.6096404525,8.85348398842e-12
-72.6734454047,44.7996701911,6.05019857213e-13
-52.6813150334,29.8247486537,4.45231986484e-12
-71.9341482276,43.3498845077,819.753541125
-79.66972757,44.1334572125,5.18421726433e-12
-79.8708750378,44.8887041116,392.524750258
-49.464064549,20.7998364209,4.07857230663e-11
-124.68912821,48.2049236944,785.214437916
132.991668026,-545.726553351,1825.21029779
-85.6696052154,44.5206473328,257.585126573
-162.810915093,48.3931290043,1378.32465396
-59.0923421143,35.7916810476,1.18471471824e-11
-700.198320862,109.879624419,8349.20410227
-75.6462296379,45.2128196457,478.901447112
-74.669317042,42.8333144162,1.38056031921e-11
-60.4949781875,39.4752347809,4.26325641456e-13
-81.2238549123,44.6797693541,8.24325023805e-11
-79.5737857553,44.9625468457,2.73120841703e-12
-71.117902937,41.8776319046,1.16041443738e-11
-179.10310427,62.3616149104,2039.04146086
-554.054071254,57.949645309,2940.66128231
-96.7255768558,42.5386590022,78.8327432271
907.20758414,44.2897850003,5402.90924126
-79.7685756231,43.8564615547,9.2224188244e-12
-60.4857324134,37.2348393535,5.84742150162e-12
-83.4729684806,40.5481550088,2097.39333151
-64.3105097896,39.0600613485,0.0
-55.4966047897,33.2725700369,1.79514300533e-11
-80.7222487663,45.0860747082,1.03137623902e-11
-60.9862433188,39.903099774,7.27348724002e-12
-59.4388257895,38.578920987,7.3897132829e-12
-394.496152068,50.5829582104,5064.44292961
-80.9802350896,45.2743215994,1.3262297491e-11
-67.3960512834,42.1810311553,5.86991669533e-12
-77.5950628763,44.4962348007,3.2445855365e-11
-71.6257391498,44.0690048129,3.50585404543e-12
-79.4960524962,43.2785635363,487.8710026
-58.6588995223,35.0652843993,4.74498888903e-12
-46.4304520375,47.5350684027,3882.1949767
-144.973269857,49.1191355559,1457.06510364
-59.4660799904,37.1138091722,9.63121690701e-12
-102.906663845,41.1939275396,674.458494515
-66.9906219089,41.7351834567,7.9042132199e-12
-84.7505547249,44.4755884367,321.559034573
-96.1185323032,43.5475149778,12.35343425
-79.8761099291,46.7446949927,0.0
-76.6190773396,44.9876191987,1.66356073231e-11
-73.7331759808,43.9460418532,1.76172479622e-11
-95.0833886874,39.4790644369,328.466401558
-85.0953785496,44.5650876315,260.194979679
-102.013200784,37.2507183412,683.866774452
-67.8906068434,43.4422025224,9.85453756989e-12
-65.6327158955,40.7410547724,2.32205171183e-12
-62.3003353519,41.1153903607,8.72987420229e-12
-58.2809006194,37.4051534683,8.00315676343e-13
-70.0850977741,43.9656785205,5.53600530093e-12
-75.6332581012,45.1396459676,3.00722119885e-12
-100.806403251,45.5308199932,214.671634123
-54.1944537806,28.870495736,5.93537799134e-12
-56.1601728122,33.9606927214,6.57418358888e-12
-64.2420590967,40.628412154,6.44382040332e-12
-96.3136983268,43.0373797389,30.3030094609
-69.4818292584,41.9607679599,2.8403812755e-12
-58.3523784971,35.2466076422,1.00322605402e-11
-97.2555187316,41.500936183,90.8710269996
-68.8727786112,42.9372624524,7.55917782953e-13
-57.8040209784,35.5476271717,1.39618267733e-11
-64.6857267699,39.1801621008,1.12407253271e-11
-65.8504487324,41.2151174795,7.70160146378e-13
-50.0914329263,20.4918295037,2.44523065881e-12
-104.770300217,39.4246981034,1200.28131978
-48.3447446544,11.4167200539,0.000365883061067
-82.389901884,46.0567346735,5.91693721062e-13
-89.0530862255,44.078882765,17.2646946329
-64.3118933193,38.9661876198,3.40233806163e-12
-49.2477607643,22.8732515165,2.73615024034e-11
-48.6178068799,19.3573268539,4.87145241425e-11
-59.345370567,35.5412392702,3.46900040489e-13
-58.7512088181,35.9336782844,7.90155233411e-12
-444.820341941,100.958795755,4285.46838786
-69.3562806931,42.5272371327,7.70768549355e-12
-74.3829928254,45.0488461025,494.027036337
-57.6417934957,36.860411416,4.53222242957e-12
-71.8714391083,44.0845718923,1.31164210768e-11
-67.6741343879,42.4083944326,4.81397986807e-12
-243.014230258,1239.36361473,1141.94405853
-59.6075893338,38.4666202451,9.46320840251e-12
-85.5876221015,52.8239134612,1160.02400215
-124.804591148,49.4771803315,807.401982105
-76.3736443771,43.1516467565,5.04890516694e-12
-64.686203563,40.2241674637,1.13841500936e-11
-78.3468964383,45.0241514709,398.342544219
-61.1985162479,38.1566020719,1.85306616832e-12
-60.6651571943,36.7149755902,3.50228760317e-12
-82.7066757827,45.1964450969,1.26249410484e-11
-56.9724339459,34.4997844971,1.68195217763e-11
-40.9251628825,44.2904623169,2546.71474119
-57.841395009,36.2564107359,7.6673247588e-12
-68.2049257463,43.3849004817,5.39622026743e-12
-55.4244800635,33.882132841,1.34112560772e-11
-71.3967863986,44.4797369755,7.42874016209e-13
-85.2925553912,47.6274494679,724.404497141
-105.745211513,46.7102298394,1104.79864035
-74.3238009722,45.5451865221,6.49631467369e-12
-80.1862142523,45.3457837156,155.853304026
-69.5098166694,44.1999345714,1.52737877641e-11
-57.5316651995,35.3761817105,3.53044139505e-12
-47.8637441126,16.9293977792,7.85237319852e-11
-387.506063145,117.451353853,4860.41855835
-57.5647994929,34.657231812,5.52024929096e-12
-67.5240577677,41.6367148729,7.66706407949e-13
-157.880602784,57.2480898978,1564.20732569
-54.3172016347,31.2096487316,1.41861777417e-11
-61.923964881,38.2987061468,4.73822940539e-12
-120.244674126,37.9942748348,553.015960601
-68.5116197675,43.5086372574,1.94928777331e-11
-74.1190784344,43.0927135179,7.66390717611e-12
-81.9045730514,44.5246910359,1.22769388197e-11
-249.72428403,53.1769534485,2161.04378039
-54.1151429478,-66.0503743152,4466.17130506
-49.7020310185,23.4030665042,2.31458910946e-12
-78.7385634248,45.5345428925,8.62913081899e-12
-49.8195905843,21.6131862239,2.06891894558e-11
-54.306923909,32.4278025066,2.330700034e-11
-87.1790148686,44.5873654297,16.7346849505
-71.7868652064,43.4939595998,1.30850529251e-12
-65.9081191596,40.0119008917,1.04767712151e-11
-52.7642458027,28.4852639455,3.14308000095e-11
-67.5117089987,40.8560242126,1.62347728402e-11
-81.271180355,44.9183474405,7.29528831233e-12
-74.1626963944,44.257626138,4.60232820119e-12
-79.9455044294,44.0665206561,5.57945720256e-12
-63.45030381,40.3949241947,8.52429955738e-12
-51.7864055299,26.8932119259,1.86716973039e-11
-72.38059703,42.8630047275,3.41877134653e-11
-72.5787915232,42.396135043,4.26325641456e-13
-83.6637522875,44.5402762801,251.722229719
-49.1760889814,2866.15712532,1271.57967845
-55.9441480666,33.4008999967,6.66435398771e-12
-68.8839777591,42.0314813652,5.88019979433e-12
-79.7104629016,45.0731120685,1.10462466552e-11
-48.3242351599,11.6132985773,0.0108522146236
-94.2702571098,38.64821072,332.529009188
-48.3136441565,19.6841763333,1.1780928938e-10
-101.344679874,39.9757634883,452.297525299
-102.889433298,72.8688980411,2770.88606276
-54.1333910867,30.446920425,3.2822256205e-11
-1706.95065839,133.888125104,1228.08564621
-54.5114950933,31.9021295275,1.08370762542e-11
-58.3087485041,35.7443541872,8.78519389611e-12
-80.0252761538,44.5460089392,7.91125493406e-12
-85.5134786133,52.7675446943,1203.4689669
-66.7670643999,41.0650083134,1.13407150215e-11
-85.1817312614,44.0242510828,375.963508689
-51.1908994394,24.8445906015,3.34836268816e-11
-97.1447938389,43.2178964962,17.3281931606
26.9326869097,132.644202212,3745.47950427
-98.1128097768,44.501416417,190.764224606
-57.8979512504,36.4398809791,3.98332367193e-12
-78.1022032259,44.9813830644,390.303184529
-63.3022190702,38.4911998312,1.13047430347e-11
-52.672904236,27.8422629627,3.71165048742e-12
-63.9758715912,40.8554632399,6.18471181232e-12
-70.450856905,45.0841445665,678.868563885
-357.217725384,46.6591802762,3176.25425223
-69.5248508579,41.8525911568,1.87867036715e-11
-80.1941355022,44.5968530529,2.75895336167e-11
-122.063133499,47.9601352974,794.508766775
-71.4162470483,43.2843721285,5.25022957511e-12
-86.7995591206,44.5629118028,133.719924633
-71.1657512589,43.5650824082,1.87559312628e-11
-58.6493096136,38.1922787585,6.94098993387e-12
-59.5250384145,37.4566267924,2.86647898125e-11
-58.8590531423,35.6110883059,4.31699542825e-12
-47.7189001168,3.4442236908,656.728421625
-61.6793193036,39.5481605122,3.28735289342e-13
-67.5230574745,42.4206640568,3.80113507128e-12
-75.9374132839,43.6192686973,5.02126622521e-12
-539.611364641,56.0198600345,1722.45238566
-153.278102865,55.8281473729,1499.13487587
-86.6931773083,43.1811370242,244.144538912
-80.7541778776,45.6642323432,7.85138374265e-12
-541.122829625,63.0673294642,2019.34632456
-67.7312473708,43.0843097955,7.31208172446e-12
-67.2822421408,42.2109531367,6.85770716148e-12
-73.0918384093,43.773147841,1.01718247846e-11
117.197545119,603.236409074,6687.67675991
-61.8096056518,38.8062386359,5.53313578225e-12
-111.76658371,46.1451437894,1180.7126086
-80.0800782368,44.7993072531,7.27279015708e-12
-79.3797286238,45.6917978876,244.020452461
-105.297908518,49.0266013387,1241.37033154
-76.6994356719,44.1535402699,2.16391353911e-11
-74.9695849618,45.0157057773,541.585201594
-79.4124989354,45.5288660624,0.0
-133.325529634,45.9973377703,805.388196986
-52.4041221351,29.2586007305,6.10348493624e-12
-55.5843936112,33.0721824835,7.56262075821e-12
-82.3041879837,44.2007948688,2.48195514618e-12
-57.7926080225,35.4195803439,5.49961821183e-13
-78.17461619,45.3046244372,3.02866308809e-12
-57.6075930955,35.7283072934,2.41612170179e-11
-83.2316964743,42.9010663527,402.289130154
-89.9474529531,43.1212972131,182.943450149
-264.274825351,129.061237529,2388.96393697
-83.069954448,45.3258363211,1.9801108853e-11
-59.0275827797,34.2607964247,6.97095015194e-12
-108.962453962,82.1700869307,3455.78052308
-53.9863016282,32.469470106,5.91009738795e-12
-84.9503249238,45.6613351914,68.6257489401
-110.277749636,59.7717438081,2140.29847245
-68.2095191164,42.0978868527,7.62903673902e-13
-76.855424679,43.647190064,6.30098460096e-12
-102.356189549,52.6917927155,1378.40106538
-57.1876513395,35.3059695212,1.34774479583e-12
-78.6541933571,45.7144780763,2.38140187775e-12
-120.462808364,47.9309794117,715.367368236
-77.4446992356,44.7794583614,4.26325641456e-13
-56.1197155684,34.5378114251,4.26325641456e-13
-53.1650724183,30.5995037927,2.15752089131e-11
-84.2529560783,-184.584530855,5194.83201179
-47.8580607336,9.54039316847,320.919654802
-59.8520378263,38.1441193942,5.80695079356e-12
-137.012301942,45.435077228,791.450612392
-76.235073028,43.3076695156,607.933998537
-53.6910614468,31.3463151114,1.39829141331e-11
-69.5897147504,43.751253176,9.07110952594e-12
-52.1804758479,27.171651676,1.42428938218e-11
-58.6613332678,36.813099717,2.4125581053e-12
-254.025365759,133.388839164,250.851918801
-292.778859393,81.5593771333,3860.5643804
-60.6008357387,38.0899269442,3.25517839432e-12
-50.9553130177,25.6679759062,1.23527191705e-11
-52.7497604331,29.6769859457,1.25693480375e-11
-69.9560335994,43.295492575,1.21212249709e-11
-74.2298958286,44.6708909332,6.06368707684e-13
-70.4610941698,42.2206182848,4.06338503143e-12
-74.0477433855,43.6866118994,5.37349975923e-12
-62.3820386876,39.6799867172,1.46077069092e-11
-327.759916546,55.7917603369,3734.3366407
-49.8180531022,20.5751402259,1.0400931712e-11
-73.4033160998,42.922950131,3.84203436781e-12
-83.8584141081,45.3424287996,152.26454222
-101.99161173,37.4550565812,639.908649254
-82.3380142927,44.1904981348,4.78412308273e-11
-80.8873615436,43.219589731,408.849174431
-68.4733014861,42.8402804693,2.53496061309e-12
-86.0692177452,42.2601060368,374.520280566
-66.5778603651,42.3325942729,1.26064170511e-12
-76.6115332478,44.2311984289,567.205120667
-87.7716054264,44.6687421003,67.0973399362
-92.6629122917,43.78432966,33.1279177507
-50.7119555842,26.5885059653,2.05915970311e-11
-62.1654707359,39.1070474667,1.77894637365e-11
-79.7165806494,45.5015681014,3.10734494997e-12
-54.268450655,33.4395054157,1.29828419585e-11
-59.6669652131,43.9922840147,1196.5813743
-66.1300766577,39.9098843647,1.68756535625e-11
-48.8112060975,16.0136495102,5.14049519569e-10
-46.3377061339,3.09131660149,852.363894627
-53.0972991127,29.7998416523,9.99308371452e-12
-70.4851041114,43.9093774754,1.30043197861e-12
-92.6225245679,43.4465957496,50.5618558231
-64.5347059065,39.8167638278,1.56290936425e-12
-62.4623761308,38.5769459394,8.66885398725e-12
-69.1154870981,42.6947916711,1.29667932548e-11
-48.291931193,16.9602189359,1.82310498521e-10
-119.093419475,47.305920042,634.291517256
-104.359591854,39.6344185795,1195.91100501
-77.9632012884,43.867481968,2.70074938706e-11
-104.825505558,46.7610254022,814.357925411
-117.13067904,77.4096366498,4186.56242683
-50.2928619227,24.0360558331,1.65662621286e-11
-56.3429123774,33.5682522868,1.33608878039e-11
-48.7017807466,13.0923882499,7.18061715872e-11
-108.551993134,45.6541211136,1195.22858328
-71.3240252182,43.927932074,1.20072855037e-11
-56.9146585431,34.6023810102,2.55118305429e-11
-54.641393148,31.9641001545,2.46296177802e-11
-146.469846327,208.438197551,11654.335825
-49.1532219577,5.35587478654,9.48214526321
-56.6768086043,32.2482571415,1.02947928161e-11
-103.998251081,45.020904782,147.011638089
-102.462534157,33.7530657661,1365.69065382
-416.760980586,109.609869807,3777.7626053
-84.1155166136,43.0784311044,341.01694095
-49.1794949214,16.2845451584,3.6679833169e-11
-80.9511851055,45.4962673105,4.86808983509e-11
-62.5338718675,39.5820930951,1.7193117544e-11
-100.808916503,50.5806278471,1182.85790823
-43.1405525345,35.5275844957,2037.03653322
-66.0616476347,41.0863118587,1.06772045199e-12
-63.3199508469,40.3158176922,3.1098110143e-12
-80.5992720171,45.5152425352,8.37542867094e-12
-64.736223245,41.0439836113,1.54311158614e-12
-94.122019444,44.5841771237,58.856182859
-61.6675118084,38.6518354427,4.46721156634e-12
-50.6663730511,22.6369956997,1.95504790576e-11
-48.4050198245,19.2710046883,4.28220871059e-12
-58.2922096557,37.5562338811,1.56619712547e-11
-67.2857782432,40.8536788406,7.73103467127e-13
-63.1505361375,39.1046519859,1.30686992719e-11
-38.0362345127,48.8815681697,3003.98782955
-75.502560785,44.8843326436,4.64992483088e-11
-64.2873025723,38.9302555903,9.42643268013e-12
-49.5078055966,18.0759325361,2.76466544495e-11
-760.231123817,-6156.56516375,11053.3226511
-83.0416134344,45.6060163842,6.03208586177e-11
-82.511433327,45.5541839493,4.01139000574e-11
-49.7160226913,21.5693710767,1.79096778995e-11
-82.7466938415,44.6409920637,198.814881813
-68.3315634499,41.69252238,1.71639244795e-11
-71.1596998279,43.4463636929,6.69807800396e-12
-60.5124790808,39.1331875884,1.07980203249e-12
-1327.6380241,84.4361375588,2838.27788417
-98.0549445413,43.5885793667,81.1063168339
-107.915836163,46.3301104832,2218.92527256
-77.0838639089,45.071766433,3.63802511205e-12
-81.1513990484,43.6084026069,1.85213948183e-12
-102.99361262,46.3394836943,321.637282216
-429.738287424,106.391247407,3920.6556556
-75.7551664031,44.5367839133,9.01694440251e-12
-124.261031882,39.1736449312,363.252953561
-91.2676865078,44.4369689086,130.467967954
-100.161357337,42.2155489337,277.854860257
-56.2095029539,34.3660322461,2.76402804362e-12
-50.9929881669,22.8511357904,1.69863549242e-11
-102.480076027,46.8761408009,1013.36640115
-81.8816387628,46.3534440526,4.60635879141e-11
-68.5741708187,40.9147416446,6.78680319403e-12
-76.5506676746,43.7992481504,2.60515526637e-12
-110.483938042,46.7323247984,504.27510011
-82.9306638341,44.2964843731,2.01963138979e-12
-86.854238073,44.155010265,0.59562469879
-69.623863507,43.2655278601,1.62116846217e-11
-65.8354455896,40.7480379729,2.83411896695e-11
-67.4676974578,41.4684079425,6.912790267e-12
-54.5544935458,30.1663748646,1.43949827045e-11
-307.810646831,55.9633846029,2233.48489545
-50.2565812272,21.813049207,1.90404208639e-11
-77.5627386378,45.506224903,2.39026042788e-12
343.131680806,2523.01870996,3906.39480039
-93.8720997453,38.220496649,420.671529746
-98.575802426,47.6197920404,839.482779976
-60.2951516039,36.5708662326,6.9548019791e-12
-251.790853667,44.5281018824,3213.30263238
-72.6672915836,43.8206965506,5.36336787593e-12
-58.3222878458,35.9311858183,3.63261997069e-12
147.449107949,-216.081395305,8221.39787481
34.6197320772,795.448460975,47565.5744145
-64.5877163884,41.4999658057,7.67829056864e-13
-62.632395954,38.9172945728,3.99345648711e-12
-74.0561706358,43.3965934392,1.69011701495e-11
-76.9610805444,45.3936113515,4.38211246483e-12
-54.0672617554,32.8159907599,4.39811732727e-12
-55.2061458567,31.7273424945,8.648609931e-12
-63.0665598534,39.7895979406,7.03504426295e-12
-48.8083641819,15.5173964443,9.41146434695e-10
-64.8793763954,41.0040148877,5.15149704356e-12
-97.067328831,46.4992628203,176.437655688
-75.9174518314,43.8974156554,2.03087696339e-12
-81.4034196619,46.4970910662,2.93478906204e-12
-51.5592087003,26.671452963,3.13634309886e-11
-78.9578633345,45.0219684745,1.77307915194e-11
-65.3863519727,40.1009231831,7.25466450782e-12
-84.1402044181,44.4020197646,290.196864919
-60.8437761129,38.5436015355,1.60527719136e-11
-70.6614937959,41.3472815659,1.01143116639e-11
-57.4759262624,111.335584793,3923.45035308
-78.016724811,43.6733190355,1.64872236329e-11
-73.5185736699,43.4774822811,2.28358819938e-11
-56.5466828981,32.183060946,7.37369065243e-12
-99.3455216206,43.703707821,74.7698145053
-45.5855899094,8.71790367521,1007.07874223
-48.4491600178,16.2551594181,2.22000747786e-10
-64.0764028729,40.7795070801,2.16211450469e-11
-82.9004430523,44.5307379758,2.74745047758e-10
-61.0663858395,36.8802761236,1.49590002526e-11
-72.0722292683,42.936542016,8.64636865863e-12
-60.9504810224,38.9085838685,2.44410840858e-11
-74.7328867293,44.5524850086,1.21654400078e-11
-62.495878629,39.0947514276,1.15037177057e-11
-101.601688541,47.7760954914,905.191125025
-67.0418755366,41.2545490332,4.86808163156e-12
-80.6384736127,43.7049203708,443.684587566
-82.9396758125,45.5413849493,2.51912078234e-10
1178.37401522,8574.55740893,72202.1480013
-108.320273148,42.03853475,304.855519427
-78.3578847045,46.1832268083,4.13235829647e-12
-364.236173452,133.005600004,3717.0306059
-54.2930513036,30.0535247315,2.05552465487e-12
-67.280941904,42.051154294,5.11714639392e-12
-19.7481993623,-6.14332591886,3418.72335487
-59.0075240354,36.3927493513,1.0528982159e-11
-76.8841363041,45.482052618,1.59131505317e-11
-52.1287057351,29.8608849167,9.29360540878e-13
-67.4696069627,40.5984054633,1.29481819277e-12
-58.1031408085,37.3243064474,1.59043271773e-11
-95.0482546201,44.0692081303,36.2750153958
-54.840415769,32.7835264221,9.7220303041e-12
-68.4354231771,41.7207101022,5.90149314873e-12
-75.5983551243,42.8835685276,1.10323842587e-11
-78.762661737,44.8622951173,1.28170635499e-12
-54.2455091016,29.9588158031,7.57027852098e-12
-51.3381534997,24.0496518309,1.74917835257e-12
-69.3181195647,42.3288256428,2.28296953002e-12
-87.557764879,44.7324841431,53.669003923
-70.48841795,43.083160694,1.28907875484e-11
-64.6343276192,39.6638625477,1.48236548533e-11
-81.9209559096,45.1439993744,6.22309097164e-11
-59.7079589865,38.2085651898,8.24955034571e-12
-83.4267424697,44.774579408,255.692012055
854.448841531,-5227.00668372,1006.74056583
-38.2012586194,70.4121881143,3996.34693739
-74.7834109371,45.4747534726,5.97899099299e-13
-52.8168366961,-58.4161421964,4041.05896462
-48.9161498259,11.9909480822,0.00813120097648
-68.2984070011,43.6479249068,4.27170791407e-12
-77.3818194299,45.543441392,2.76230638248e-11
-59.9250033248,37.2304829553,6.13578893619e-12
-81.2272668513,46.0424141444,1.82600684087e-12
-42.6677444664,-747.303436823,10981.9674331
-71.8685937687,43.653908809,0.0
-57.4061550296,35.2812189016,1.84933871481e-11
-63.7082376502,40.879952504,9.25635878144e-12
-71.9153960214,43.6570033427,1.11668544296e-11
-64.5487008908,40.8768755665,1.67166592104e-11
-63.2841932762,39.2706023434,1.83811650293e-12
-68.5872152246,41.5345437719,4.19207144664e-12
-55.0962188566,32.8433801877,2.06095578764e-11
-68.4828318595,40.4957397952,1.36508450066e-12
-287.687482973,88.1590724575,3206.07846564
-48.2853222362,14.9752752052,4.78568014888e-11
-65.1368937784,41.6633424519,7.66487541715e-12
-79.5426864725,45.511322627,1.81720491155e-11
-239.753923402,70.1607146403,2773.79576573
-92.3076624459,42.666136891,104.611876713
-97.022067806,44.7759705982,200.705225219
-76.6991068721,44.0366920659,2.016773829e-11
-56.7015385529,35.8762370215,7.82722404621e-12
-83.1569952033,44.2259999984,1.40837809991e-09
-69.4926854045,43.4831255405,4.6543079255e-12
-73.8568361207,43.5613582175,1.05298065967e-12
-102.048221878,37.8015528802,551.150140001
-56.9242668487,34.3757898178,7.66312114801e-12
-82.5774207799,43.7836944629,2.49894542054e-12
-80.3524534155,44.8968498317,9.81330427963e-12
-68.045706213,42.5132841588,1.79328347813e-12
-49.9998661702,25.5162429817,1.49261224108e-12
-88.4116800177,46.0556733331,6.444962873
-78.8468374109,44.9067174355,1.86117443221e-12
-69.6871898644,44.3422052585,6.61274731928e-12
-76.529262727,45.5070490331,5.52799635433e-12
-441.968171494,45.6817408962,250.320990435
-80.8146732473,45.9312400394,9.49816453783e-12
-173.696267497,62.5209311779,1925.71416185
-81.1669939359,46.2988371024,5.89094285509e-13
-66.5226099381,40.9029023012,1.36780692052e-11
-82.9450528433,45.6363372257,3.7932785206e-10
-65.0765660089,41.6027580371,9.97081009366e-12
-63.2278569643,38.5913552451,7.08978743199e-12
-76.0153400728,45.7176829394,4.25355017581e-12
-91.4329743523,38.917416103,395.40122932
-67.2800901485,42.0624699187,0.0
-50.7889660438,24.4346949606,1.00823885952e-11
-67.5271806,42.1802820977,1.12004480261e-11
-67.2032876182,43.0316770763,8.40599333747e-12
-97.9148296025,42.7317344933,413.497747643
-73.620300826,44.8508480915,8.26411939835e-12
-63.7163142905,40.4479971165,6.21109888136e-12
-50.8578512515,25.4894719547,1.24647670529e-11
-67.197631061,42.6267519135,0.0
-40.4840718795,44.012903841,2587.7440703
-77.686130443,45.1854488283,3.03489761818e-12
-205.219704248,73.9377385767,2552.34237299
-82.910347061,46.4666054589,0.0
-53.2119533576,29.6101570801,3.51290074347e-12
-56.5349853328,33.6448354231,2.51097978623e-11
-69.3259870153,42.8448305763,1.4992810215e-11
-64.9024989784,39.828771572,1.1177346484e-11
-82.3228399139,45.4754139487,1.98039965954e-11
-100.612814806,43.7197789944,95.7077042165
-78.6838710027,43.8315840292,2.08324800119e-11
-70.7797497677,43.9381375233,3.32569184825e-12
-91.6823026811,45.0888236631,5379.15636236
-56.9087745089,32.904896508,6.59756466984e-12
-107.669390125,54.9064391434,1750.1116549
-60.2292624522,39.3311764436,4.65634446023e-12
-65.4243638516,40.4591244542,8.26201838531e-12
-85.785249043,44.7428108793,242.988939173
-62.1560775189,38.5600681464,9.53847298984e-12
-69.2288013942,44.1327090172,1.25285686773e-11
-78.8640550643,43.9023248232,1.3005695016e-12
-52.6862010772,29.2606619479,7.44191429388e-12
-59.6259088349,37.8894272667,5.03285936464e-12
-60.6716301867,36.1636977864,1.87915425985e-12
-1778.25403719,61.6062507415,4181.27955393
172.635921207,685.314868646,6739.70409721
-137.17102612,50.4674092301,1038.01456953
-57.60384943,36.9349660056,8.03896617706e-13
-55.4236088675,32.2778275594,7.03028510098e-12
-101.155548555,41.5073285307,463.072935675
-42.5832355725,-1.69840403321,1733.40946355
-83.3329900361,44.681059313,250.974606434
-90.347807734,45.0107963953,61.4074980815
-69.1664883718,41.9234609505,6.34404977309e-13
-1005.24140137,120.00883975,2724.75692624
-92.0123242297,42.4626316523,133.288913957
-79.0478668853,44.6338766728,2.64365199866e-11
-56.7788380409,33.7742980272,3.38206990064e-11
-270.080159273,122.71432981,2500.67192234
-92.2203319928,43.7256435914,3.52502007359
-69.6964509368,42.0636344335,2.67174615102e-12
-62.8973391339,39.2100842309,8.62344776891e-12
-85.76894967,59.2171662403,1835.45948071
-52.4662797423,-46.973056836,3338.70700731
-79.0176612649,45.3948710774,9.81422572136e-12
-70.9355689007,43.9792619122,1.18383780872e-11
-48.0294496205,14.2645583673,1.98880983094e-06
-81.8686404935,45.3143079725,1.19919805996e-12
-149.321749488,55.6381884656,1406.6185038
-66.5249497737,41.8148842964,2.09636662916e-11
-85.3193461219,46.9296136625,670.5041888
-64.8863497941,39.805702451,4.4308376473e-12
-79.1996607854,43.2898552225,1.07640546785e-11
-58.335312139,35.013681173,2.98027231934e-12
-63.9477576307,39.378014407,1.14757867464e-11
-54.3926770063,31.3670680533,2.45521525776e-12
-67.5836507467,41.4697801455,1.18372225018e-11
-56.7829043676,35.8224339882,1.88353192026e-12
-49.1721859699,22.9535363245,1.33786882934e-12
-79.7074642756,45.567954394,8.45403824972e-12
-79.422075264,44.6810991652,1.47734199451e-11
-51.0926810115,26.7560596303,1.28784640621e-11
-68.0001977104,41.6005656186,1.95974985997e-12
480.807976463,2528.70551429,5055.69843222
-83.6704439284,43.9224809854,113.740033908
-252.666358315,138.399788695,2518.34518319
-310.775207053,81.4264368619,3966.59656379
-74.2689731325,44.9912418778,8.24588440534e-12
325.484133325,5550.78776595,13131.6342984
-46.863361403,113.899409248,2456.54756056
-53.8018538633,29.7845053665,7.40130367109e-12
-67.0691459816,41.5773272877,2.85396514138e-12
-50.995141408,23.485660201,2.7189357473e-11
-35.792238932,43.1740560213,2242.10333945
-392.763398696,129.03243874,3140.05861035
33.545521065,135.044427184,2939.92228631
-70.8718881467,41.6885424122,0.0
-420.570345359,111.643809717,3752.62117413
-89.0911615005,43.0199582078,221.302195604
-75.8258236259,44.889473588,1.05830991368e-11
-14346.8989652,362.087484701,32368.6056387
-68.4495296946,41.5172719637,7.23817805937e-12
-73.8633952706,43.7071698072,1.40803015672e-11
-62.9596465729,37.9226240945,8.74372770067e-12
-101.239384603,36.1780973248,737.621725931
-52.2123383682,29.2684725328,5.1987673247e-12
-10.88574424,-1109.90342666,7885.91290027
-77.6783457125,45.2673620494,4.39105909449e-12
-103.266179458,52.8045597263,1503.27542946
-60.5734288214,38.5421524621,1.00172115278e-11
-59.4780237118,36.1017254069,5.48092803559e-13
-47.0634432811,359.632332298,874.907780564
-51.334583378,24.2081462642,2.72991666042e-11
-51.9376205003,27.848568601,1.38357587816e-11
-422.784218871,111.200330006,3625.59446142
-82.3375634898,45.5462247137,7.17835517454e-12
-77.2174535486,43.7360601733,7.8228418758e-12
-52.916791204,27.9497081539,2.06304456007e-11
-55.1461909647,31.2582344123,7.54638151851e-12
-61.9399618249,37.8265123205,9.58577519861e-12
-52.9553986094,28.0254173518,1.13030405813e-12
-106.757337635,45.6145202288,394.267127446
-81.8616851371,44.1264382577,2.48499312655e-12
-80.9590514835,45.94309297,1.97923158782e-11
-19.0740089345,-914.634194761,4382.41312996
-63.0327934518,39.3127639052,4.17409660291e-12
-68.5521463381,41.9552096511,6.11266316878e-12
-166.579808099,128.379336462,2404.25099373
-68.6922884183,40.9562547912,0.0
-100.176539374,47.6483951296,906.211651029
-54.5442859271,31.9781631805,1.12549388491e-12
-73.2150887886,44.3545656248,5.16687655134e-12
-79.2414718824,44.7624392678,1.48091185664e-12
-52.4607901058,26.5139202245,8.01965773925e-12
-71.8348473836,42.8304236446,6.75604454309e-12
-83.8380994823,42.3172719471,446.328780581
-58.8244811073,35.7914633268,1.39440744871e-11
73.4531509302,51.0696106989,3057.70113538
-66.5110760707,41.3282371599,2.10160490604e-12
-73.3426257214,44.0347522474,630.871516278
-68.2681912652,43.3961985793,1.04095007134e-11
-83.3069086009,44.8576228122,270.876798777
-100.519472273,48.9348415222,1048.10636378
-54.7163281224,33.4485125376,1.46758033416e-11
-70.7360955139,41.6373780876,1.53340191537e-12
-90.8100062502,43.7443046829,60.1789715268
-75.1114158754,45.4662800429,5.64561020255e-12
-37.9304752231,60.9140877642,3549.58727181
-406.388532699,47.6830310566,4561.80069939
-73.0826802001,42.9891768592,6.91419059578e-12
-71.7811985678,41.4344202724,9.91299547138e-12
-63.0309052198,40.5618329408,5.67384213996e-12
-65.7932825651,41.5016720596,0.0
-78.6991947385,44.0509207629,7.4642234834e-12
-168.736547053,60.0072503211,1825.98370492
-63.5712925324,39.0827369049,5.39692386561e-13
-75.0558215579,44.0998063842,3.89013822179e-12
-60.0987097075,36.5807143707,1.34109949521e-11
-55.9492882292,35.3501417521,5.99720091012e-12
-80.2893203287,45.0921272035,6.62139811777e-12
-63.4247415587,39.2425723141,0.0
-66.0813909747,42.1807846362,4.34923265836e-12
-72.6993230209,43.8191501164,2.25883094403e-11
-78.6008874699,44.6499585316,3.6644103313e-12
-155.205549314,47.8467606855,1126.6225805
-48.8175687741,4.47618559303,37.8322106235
-79.7545714081,45.0103939218,1.20561224085e-12
-61.5973801527,36.5614987385,1.65781271111e-11
-61.2607883655,37.1868131691,1.01685106911e-11
-53.4244436349,30.2425169995,1.40213408267e-11
-113.764580979,58.7080592424,2155.61196129
-46.0138567734,44.4923501424,1691.70725647
-59.9157566821,38.4693609231,9.31393951899e-12
-93.0940233301,44.2529624943,244.11766525
-103.092818761,40.4780766136,720.946790252
-153.30684625,106.278643067,2569.02219893
-452.346191792,64.0286537579,1996.29030695
-99.3477181467,46.9662066516,793.402288889
-157.250490988,57.6456916441,1551.01917281
-78.8924042173,44.6018497483,6.89229239076e-12
-67.3550704603,41.145775424,6.42078777414e-13
-65.3026070451,40.5868639016,1.24042502075e-11
-82.8790886345,45.6395274542,2.45348606109e-11
-379.096269792,51.533392826,4351.47949522
-73.1933845019,44.5337930901,1.13401409472e-11
-47.6741559921,7.91460867365,212.718020438
-72.472701656,43.2134776234,1.7955669928e-11
-82.2244363103,45.5399300293,95.8607921833
-56.9137711063,33.6858450563,2.38252272413e-12
-53.2496903191,31.7558784783,1.01063403466e-11
-69.57325287,41.3912039516,1.34850397577e-12
-54.429455555,32.94426991,8.25597355936e-12
-51.1249745247,24.5316289501,1.59523088007e-11
-61.1453664877,37.9582908837,9.50320788148e-12
-90.451071207,89.9798607105,3109.66528389
-72.4996539779,43.7722032897,2.35987876131e-11
-38.7739202838,17.0841068942,2003.16482332
-54.8458775879,32.4260104387,6.31511966139e-11
-71.0658893317,43.9191148475,0.0
-87.7325125851,44.902593721,164.542980266
-65.6348177539,39.136861472,3.39735166075e-12
-73.754309957,43.3939258357,2.62088217247e-12
-75.6877339403,45.1718181869,2.60437189058e-11
-72.5149819606,43.4912498949,5.82255073796e-12
-67.5155608319,42.1396865421,1.57793249005e-11
-96.002693133,45.3097234555,190.42995827
-63.4831572849,39.9846830663,1.11602614033e-11
116.159787728,73.8338061335,4161.00254449
-54.0659678631,32.0590706824,2.02063631076e-12
-8.54570293815,43.6009903795,2937.33661496
-70.4432194368,42.4805942039,1.50669776194e-11
-3879.02798834,108.424135637,3779.79145164
-57.4517300942,35.1806399181,1.32146740545e-11
-107.573847623,54.4302896505,1718.20379915
-75.4151904529,43.2557605565,1.03743004352e-11
-62.117370388,40.184341945,6.98804758441e-12
-80.7646185802,44.3657042944,7.32704976327e-12
-72.4998772635,42.9328555232,2.15564394526e-11
-72.8647609203,42.474812815,1.12220233977e-11
-63.1082182253,39.7993387176,2.57226610069e-11
-69.6841961747,42.3359427454,1.05534897671e-11
-70.0166288569,44.2013527499,4.04463652766e-12
-77.7256041634,42.3481459784,661.02031216
-63.4769346663,40.4974369211,9.55102929183e-12
-89.7015831215,44.514913383,89.3381135427
-50.9898792909,44.0543940157,1556.70154094
-51.6557142194,26.9799366904,4.00264116472e-12
-110.197980763,45.1622478212,876.243677115
-83.9217870838,44.5657832733,106.962760944
-65.2802908953,39.0330379871,8.90236550616e-12
-65.2741098768,38.9196521175,0.0
-89.7518820547,43.2756789726,161.908008634
-620.205300237,110.121484619,2465.46119416
-59.618898443,37.5088135305,2.13769436057e-11
-64.774348269,40.3756493053,1.16545616771e-11
-83.0004386079,45.8202713926,1.96278682762e-11
-48.804052419,19.6098717217,5.7676238571e-11
-22.3577727595,4.97136285371,3394.51271276
-96.7626723559,45.7249105134,117.820884557
-75.1704058971,45.3509785593,9.34506369709e-12
-93.2443131257,44.1000142524,106.815089453
-57.1912013916,35.3927214016,1.3750874368e-11
-39.3232294866,54.7539714524,3177.64268861
-67.1513662316,41.3144773075,1.70196090245e-11
-99.8746193387,39.687036292,174.251093233
-49.1417894276,22.4008210553,4.95923930086e-11
-60.6176904042,37.6189622422,1.67417060486e-11
-65.0707183751,40.892061583,1.11442080389e-11
-61.0423513997,37.8575553279,1.9783506943e-11
-65.5742515669,40.1429444615,1.82623977559e-12
-75.9472513863,44.7678394469,6.28914523752e-12
-53.24002242,28.5808882036,2.74324281781e-11
-1520.39155333,100.385112778,3685.14208492
-50.4166204848,25.316979135,1.16181959529e-11
-81.7395949026,44.8917493721,315.529473222
-61.3144658663,37.96504485,5.54292896433e-12
-63.4874435423,40.8112058467,2.46995560624e-11
-401.635970027,46.1166451016,3494.18187489
-58.7649920711,37.3872055198,1.55036149939e-11
-95.4113888937,44.4410969809,105.747590311
-54.3703870669,31.1328051199,1.82253399218e-11
-69.2992186006,41.4249217399,1.96482300299e-12
-56.1930399869,32.1246603056,4.59452016994e-12
-53.0562478863,28.7121854502,1.50045031673e-11
-69.5813654142,43.7207748848,1.01791649985e-11
-333.708746865,106.768188903,3354.91393093
-62.853949607,40.289667889,1.835975327e-12
-53.9265351325,29.9469166202,2.25642006646e-12
-79.9852502571,45.3834046264,2.05215408049e-11
-69.2804847052,42.7471511219,1.55655244036e-11
-38.8204600605,61.6649130065,3517.79562696
-81.8498029714,44.7175910726,305.033271458
-66.172802065,40.3968862556,2.49609595762e-12
-52.574056966,26.8613058699,1.3230291439e-11
-56.3993400419,34.3896402806,1.90160800013e-12
-82.3080585859,46.4172639419,1.5336713705e-11
-57.6427261693,35.0599557228,1.49939269524e-11
-55.2742056656,33.0874132654,6.59355521964e-12
-74.2664581973,43.4354670896,2.59277261623e-11
-66.7365328525,42.8013491685,4.87045770629e-12
-82.6899487752,90.2603201194,3392.89719809
-50.5986364236,26.4224360445,1.91791770188e-11
-55.593716904,32.7019867442,9.72475323555e-12
-72.7418091287,43.8300370975,699.396438817
-58.0855882918,35.2452021231,1.46440225229e-11
-59.8027663406,36.4916728086,1.69897668702e-11
-61.0266668965,39.8709839484,2.00896054988e-12
-61.6991853101,39.1719429031,2.69717823905e-12
-34.8216909719,135.138083008,7732.08284944
-82.6901790831,45.5224953703,5.1518822257e-11
-78.0642213373,44.1365253647,3.76930264996e-12
-61.5416705705,38.8529509633,2.12577741143e-11
-64.3048328885,41.0159818978,2.18483350248e-11
-75.0710895,43.9872586334,1.03912982806e-11
87.2693434649,135.217246581,25.0951311108
-73.794713037,44.2640681894,5.17398137869e-12
-45.8491585861,16.0490156125,884.296098589
-52.5325533526,29.9182520105,5.35561557422e-12
-73.6810925347,42.0067471101,6.83264281521e-12
-68.2298439896,42.7781360284,7.8812628176e-12
-92.4820128202,68.927213237,2464.7621101
-63.4639110997,41.2451220808,3.45125682548e-12
-73.3003532235,44.4835890372,1.80485526098e-11
-52.7529588129,28.088768483,1.26279490359e-11
-49.7065668335,19.9685876599,4.12861766935e-12
-78.3387968237,43.7856632419,4.92445949076e-12
-37.7056680969,35.9400299438,2641.75303901
-52.0215009738,28.5342265772,1.33269002263e-12
-80.3125656337,46.2082523063,3.21563239144e-12
-55.9352092567,32.8578518746,2.53967567398e-11
-49.7483556684,3.90243377789,3.55293713826
-73.7937966369,44.0617580255,2.26363466739e-11
-106.326489025,51.145256082,1466.57889559
-63.5619844659,38.8520146074,1.97487398675e-12
-71.8837107536,44.5141119679,0.0
-49.817784631,19.738854653,7.13663806103e-12
-62.1119974566,38.6919117012,7.38365491055e-12
-68.8087203305,40.9025279185,7.72706632555e-13
-38.8735202137,57.1977365283,3322.02776038
-63.0322314912,37.9716074698,1.88434210815e-12
-37.8382471255,61.4333639494,3552.78526375
-98.1508567477,47.0903144165,798.196076264
-55.6968279022,32.7989770262,1.95018987725e-11
-106.772802501,50.4531200367,1411.03089409
-73.0972705995,43.5948442257,3.48374779842e-11
-101.062651153,41.8255717751,342.211443192
-73.4440386903,43.0790755877,2.52736273986e-12
-60.4608828301,37.7693398472,1.85820333159e-11
-104.15306896,49.3324834297,1281.88289888
-74.2457457708,43.5731994251,1.85322313003e-12
-99.315748157,45.5474230194,234.820571138
-65.3535942745,39.8832993158,8.04990072276e-12
-4525.40194435,157.178886433,2193.13630842
-66.0416408169,40.7547387393,1.39020031537e-11
-60.9985326027,38.5629224827,1.4245659644e-11
-91.7561493736,44.8716729595,72.0362022144
-121.442671631,43.134807494,441.291665901
-68.7988986991,42.5814321643,5.08497166627e-12
-68.6441035967,43.023145682,2.26559524885e-12
-68.7601533348,42.816471808,2.11711026688e-11
-81.8890692817,44.6375542613,5.84691134842e-11
-143.943663903,47.0682088226,2529.35548721
-54.6725678129,29.9627144632,1.1266571375e-11
-82.3723645012,38.9836633279,686.668890852
-43.8455326541,114.031410335,4289.32395805
-58.8654771076,35.4519301459,1.00234025898e-11
-52.5849951332,27.6843313967,1.115614321e-11
-80.842534078,44.780586498,2.18919436162e-11
-66.7565799713,40.6037977085,1.04072288477e-11
-74.9030223185,42.8050302784,7.698037091e-12
-1835.81503743,113.703329682,4114.04172532
-69.2702032922,42.7543135231,2.27234213601e-12
-76.0826392064,43.5043681915,9.5184554475e-12
-77.9598598951,44.3905952655,5.63082157767e-12
-100.398192296,-2.6814185726,6718.17867329
-121.580000558,47.9071685528,643.267412274
-49.6686215924,17.9197606907,7.06899242856e-11
-83.5408297771,63.2530894988,4398.95517106
-75.7293591102,45.0629595073,1.85637485003e-12
-98.9797277581,-330.0500224,7172.28116892
-66.7552484303,41.2162170159,1.80256255915e-11
-73.7529613313,44.4186414487,7.61255799663e-12
-65.3823862174,41.5092689877,1.07485385627e-11
-65.1332464731,40.5463494528,4.12770005069e-12
-80.7931395342,45.1239205838,2.17626105927e-11
-61.7785998982,37.7057968593,4.23317269215e-12
-79.9139950777,45.1294558094,1.03060474794e-11
-63.17190511,38.3314406883,1.1348493479e-11
-73.8719805904,43.0565958893,1.75821541735e-11
-54.2870616796,33.266152037,0.0
-128.016264178,45.9620324703,684.914926155
-269.814024527,90.9987023357,3190.37610167
-366.760116383,133.793315582,3598.32481163
-66.6140498741,40.4762490602,2.61576736485e-11
-70.7564885416,42.5170270824,1.89904495909e-11
-76.4638646873,45.4124721409,6.80140808215e-12
-35.7843435255,124.007075966,3624.24960324
-107.235713049,53.0892196344,1613.35399973
-64.1961777466,38.7390780534,2.62467797728e-12
-92.9789074601,43.6016855318,47.9427175417
-85.8439774865,47.568405098,659.633202339
-59.1720495811,35.2966875663,1.53075224997e-11
-64.8988997348,42.5453137121,2.35348921568e-11
-47.8762860966,2.72927683798,571.668744553
-91.8265134452,45.0876506031,42.6298631659
130.800680714,520.121452969,4464.37423646
200.20567871,122.744962004,4148.47911277
-67.3190374909,40.1268932709,6.47493637478e-12
-107.665011701,52.3502986566,1587.86078227
-78.4562965022,44.9356926804,4.99524368944e-12
-54.6725903013,30.4030631612,1.29101241433e-11
-60.3051566034,37.3076355001,1.86428616241e-12
-43.8330921536,-3.02025233965,1730.12894717
-437.047706827,-3252.33661418,6637.08922867
-50.0808651967,21.2800483809,2.69710329365e-11
-77.2210453562,44.9563842967,1.53767278299e-11
-75.8350077032,44.9611793396,1.59270938725e-11
-102.828427481,52.760129719,1383.47407063
-82.5089157383,44.7993861554,3.05500725738e-12
-91.740349089,43.52827406,58.5054414292
-150.48713982,54.4026973455,1431.94834538
-76.869413433,44.1208397041,2.15365799711e-11
-67.6467217991,41.7029363095,4.18295077204e-12
-76.7434073387,44.7352586344,2.43644689402e-11
-63.9946330823,42.1638161446,1.27504722182e-12
-101.148473806,41.6699640651,375.53134701
-53.2815883355,28.4963933753,3.82371653743e-11
-82.499337611,45.4719680948,1.07964375457e-11
-100.58008844,45.4102460872,257.988832136
-85.0759531348,44.5535419798,194.71180348
-60.8098372898,37.9568999596,8.205276743e-12
-55.8953716014,34.2291407949,7.52469697615e-12
-70.9177742677,43.2748123219,2.10488919442e-11
-74.7615178597,46.0845442789,1.25727836823e-11
-54.4057898164,31.3815075538,1.30647059006e-11
-57.212446754,34.1538128997,3.32023153048e-12
-78.5798328832,45.4229376901,1.19689720833e-12
-64.848500653,40.9972079866,3.85968311844e-12
-85.3183740133,43.8838855597,251.560428297
-48.7780111483,17.8128663909,6.64968785947e-11
104.766664175,821.479368056,17454.9380133
-66.2455697039,39.344440736,8.20568905881e-12
-51.8244175074,29.9618851999,1.56012261117e-11
-48.6500151225,14.8843138043,2.99808145284e-10
-68.8009913481,41.7150815738,3.32566814807e-11
-62.2447869939,38.769141902,1.08449756387e-12
-50.5694709746,23.7754834083,6.88996417254e-12
-276.418773037,-881.071632007,1381.86444092
-57.6811321592,35.7885938725,1.12165949163e-12
-69.2959292573,42.3925537714,1.11734830324e-11
-76.5993176307,43.8524112786,1.84460904452e-12
-108.184265721,48.9354754482,1445.47316038
-58.9061940867,36.8159571512,3.20457980988e-11
-55.9390928427,33.1831541876,1.20804756859e-11
-65.6264651412,39.9442907312,1.82895704612e-12
-74.4861421636,44.6160237586,4.57806021983e-12
-101.213116893,45.1475572724,174.478084658
-49.0216788407,19.6958054246,5.97173169514e-11
-59.1060178074,35.3534121618,1.29727153407e-11
-83.7810409915,44.5928213227,331.148682967
-94.4198451556,45.1865889632,135.860373782
-78.5980303758,45.2328823265,3.91068836873e-11
-68.3908312544,-580.281666448,13788.1710234
-72.1167842977,44.1232346914,7.7775262295e-12
-75.3214290181,45.5426413762,4.2019321952e-12
-73.3217472632,44.6582781537,547.037751895
-93.3368708509,38.0832706881,380.490245822
-77.2597105062,45.1280968432,3.45506760225e-11
-69.237602285,41.6226961723,1.02859042947e-11
-63.5140450252,39.3037168246,1.3050965309e-11
-56.982580973,34.2448068769,1.22849172242e-11
-104.348975711,48.7536460994,1224.23337546
-64.4817114763,41.4584635327,7.24329223e-12
-77.6156916007,43.8219578312,7.48468019996e-13
-50.0538021786,-28.6137993401,2246.50285311
-69.9782892454,41.8355604802,0.0
-53.362938539,30.1129932998,5.54043872031e-12
-84.7109401681,31.8663481932,2744.83358593
-106.255919621,46.7922082356,396.131634547
-92.1384883337,51.6634793376,1058.30277372
-87.9199561787,43.9651891669,4.41524586574
-53.8921364048,30.253966954,6.39488462184e-13
-77.255382805,46.001492026,7.2976401817e-13
-77.6469743263,43.43207789,554.067175743
-66.8474303837,40.1361965292,1.51280825954e-11
-53.9406787831,30.4888505091,1.99189481652e-11
-57.3743685108,33.9768688202,2.37061054197e-11
-69.0528348104,43.7056588599,1.25983904795e-11
-68.8933478278,43.8781144001,1.45983470872e-11
-55.0330166568,31.741912041,2.16224132986e-12
-62.7752267404,40.1272332041,4.92009404305e-12
-52.9742018824,28.2257589405,2.93876125899e-11
-94.2662642671,44.816417486,94.0603122333
-82.7807012751,44.8649322315,6.66134280491e-12
1532.08958643,134.749346953,144.074127124
-68.915361531,42.339278848,3.58309293109e-12
-68.7235832478,42.8718666804,9.92609592323e-12
-68.6945298607,42.5053932052,1.2996678202e-11
-67.1805897478,40.9111160451,7.29065428161e-12
-74.3271185164,43.8528240696,7.57288740404e-12
-82.1443334264,46.5278870873,4.19396562265e-12
-70.5682262394,42.937413501,1.72064499728e-11
-179.115244551,63.9575028775,2089.14910279
-79.4890798994,44.5991967936,1.59909898904e-11
-66.4566155174,41.7037540558,1.53231042472e-12
-53.9798306372,32.5152814197,1.18179663352e-11
-72.2318463659,42.7867386906,6.02166294665e-12
-52.3019919181,29.5059557886,2.03551797412e-11
-58.7951760793,35.6858945565,1.02666917132e-11
-65.5844147993,39.9400155456,2.75046837521e-12
-81.9331138351,46.0882817956,3.0772634499e-12
-53.2511408,29.5293626837,2.10925050642e-11
-110.598750887,109.658765809,5086.93101002
-50.1834907325,-16.8237775157,1542.91697603
-54.1604524823,31.0146645197,1.18068434098e-11
-48.5371526446,6.57577260157,31.9874278441
-97.3038606658,42.6962101806,5.245815202
-80.4666792587,45.6217910309,5.78798447407e-11
-93.5047955686,38.8735322837,392.559690272
-81.6122193841,45.5201470659,1.79225189912e-12
-53.6376199349,31.0930392171,1.62013061646e-11
-70.0006088367,42.0511297527,1.91030727e-11
-107.0954221,50.7783665257,1454.90569164
