-64.7111129675,40.1667746296,2.48524151976e-11
135.648668136,219.513405954,3476.99720508
-92.4929913769,35.1940071899,1077.62170245
-36.5757459363,62.4682525058,3631.96605417
-85.4051402029,48.1083933578,939.489783804
-102.106470212,43.333689766,217.646782287
-92.1429677813,81.4968334428,2996.69897127
-56.5393698723,33.1116510073,1.45703813782e-10
1587.45127181,513.927391433,9223.18949821
-178.667446351,47.3647967233,4160.68554075
4730.03516254,-418.336324276,11536.8480071
-60.5955057188,35.8684953572,1.9955595808e-12
-67.8103748937,39.4292394926,7.84539508103e-13
-73.5081845919,-574.270496603,7995.26790948
-108.015751396,45.6857683513,1089.08262823
-2059.8447074,371.930224461,33629.6772772
-56.5163726288,35.151772181,2.65479976813e-11
-75.6447847736,44.4406939666,2.15416207738e-11
-49.6238208623,-0.10524569348,0.0674153916585
-73.3227600267,47.1398439001,6.87351043789e-12
-61.9975945917,36.4214116716,2.14360194513e-09
-46.3707165621,20.1464969603,4.99596015472e-11
-80.8924331519,44.7208347624,421.538126396
-62.3085471122,371.290420121,3964.78645757
-65.7591989453,37.9745088174,3.18374570632e-12
-99.8771934099,39.5220388942,173.132203266
-53.1637498518,32.0375718853,4.80425954649e-12
-55.1405772835,28.778264202,3.16642610694e-11
419.939059361,744.133462518,5575.26808347
-49.1846166074,24.752989585,1.20736505974e-11
-301.111267552,169.284882664,2.96233226174
-52.644299489,17.570504339,5.00692978391e-11
-428.636191132,-349.484003453,9109.78622191
869.317919145,6973.59684208,4431.37798158
-70.8119202086,45.2867363954,4.05683115591e-11
731.938506254,130.652426975,7675.95385765
-58.1695616597,35.7222737565,4.82284581065e-10
-72.9191036693,46.8778211778,1.79972928352e-12
-356.908152434,114.968374207,3373.23990484
-82.8790084742,43.4549543619,615.33142293
-404.873136022,-5.10859426896,3106.44147621
-37.6263261859,-5.20718227234,2682.23075127
721.859046142,-571.672399919,34803.205549
-239.228306602,155.409492337,5922.20825146
70.9296549202,141.071702013,564.629244768
-102.972715097,35.1329944376,1232.93417836
7696.46595935,51949.421218,24845.1988393
-92.7736619461,29.8760477522,1533.62585567
-67.9571423248,43.4344843819,1.65981857929e-11
-77.1444616915,105.662342273,4232.1758634
-669.947777386,-563.849709948,1698.0400927
-907.102634361,-953.809025308,72674.107434
-603.735193554,-2112.30596327,6898.12923645
-1129.86577032,-716.452933115,1639.96387441
-29.1256703081,1908.2990152,7637.85431772
-66.0999622355,39.5602733414,5.50256636089e-12
-70.0750575542,-494.331579939,23368.8877147
-70.5255875833,46.5968529367,7.48143798888e-12
-343.112605559,1378.77875451,14434.917369
-80.1512308705,48.4828998091,7.07937607958e-13
-2067.73042425,-3814.44682921,11392.4152137
47.0702556672,40.2313356207,5778.75756151
88.4413976492,134.546921076,0.00767754265654
-35.1153022215,13.8593513085,2572.32782992
310.904520473,53.3192458731,2045.42468375
-83.7560226349,38.7338384466,783.108622268
-190.238741544,37.2201226937,1984.29871511
1521.73201663,7373.15020723,6490.99273702
4483.47118808,-578.061126496,4317.15337675
-49.1472724167,-1431.54267332,477.113363611
-35.510444011,58.8566893337,3597.43325311
-53.8855522543,21.5286703725,1.91977984893e-11
-297.815717656,147.441389141,1276.93638371
-46.9350700435,10.2551444744,0.000135679319737
-293.032241823,148.72502753,114.365215351
-43.7155835743,134.595802394,2614.43382158
-138.262856319,103.622591755,2720.63745314
-63.1021623465,39.7976802554,1319.40503794
-61.7355949915,42.1373473033,2.4784914714e-12
-55.4423688601,30.702923245,4.26325641456e-13
557.623699888,343.472745228,7606.72668571
-60.6198907104,34.6687516812,6.53985310469e-12
-70.1194466595,44.8108235815,1.60403127767e-11
124.777984093,-342.427654613,5398.73540353
160.566010106,5752.40828627,5946.45710722
-224.010569625,120.599526629,2309.47229185
-102.724662391,40.7357988417,719.735161623
1225.69717002,134.901412724,3260.21786749
-1003.46569541,-5260.69439306,1728.8216915
-80.2617019521,37.4355683625,891.268491754
-511.158145712,212.631414275,4165.51109216
-93.8126039431,44.4638574798,166.212744208
-817.182931534,523.378105864,6469.65198368
-74.9116972334,43.9156348442,3.7438101174e-11
-250.914054792,55.3837393967,2044.33033556
-60.1061687349,38.7102781286,1.6318473236e-11
1680.92492168,-2.973011782,6729.06164541
-96.6741333856,37.5435140008,415.061150284
-52.2613724013,1450.47948475,3316.70764759
-68.1058276945,40.6910735071,2.88503068544e-12
-281.362580977,158.885442257,3069.72308624
-78.24908502,42.5660631141,825.447768775
-78.6135407568,44.6693441292,3.20919245685e-11
-60.2200156013,39.0046053269,7.07742385787e-12
-76.799524656,43.8024641746,6.83077861675e-11
-449.365419563,43.9598065318,5352.27753733
-91.9029149743,49.6285948194,384.276593301
-70.1673689865,43.1747651532,6.43259837607e-11
-74.9623896176,40.8524959588,2923.32067588
-295.699347236,154.798510376,0.840357652255
508.479902701,-880.099838889,2703.03448817
-321.581748325,103.952900094,3430.69899343
-91.8288220145,42.3745456082,251.741025677
-50.3935371879,28.0261046655,2.60243669088e-12
-565.718437303,125.716681233,1280.23375996
854.502163129,5566.78764212,1460.80443719
-50.8358994999,21.9242117362,4.74471514391e-11
734.757150697,-1243.06378778,7737.66709057
-70.9559879674,42.6038020061,1.40870564008e-11
-53.321071007,36.0971823289,5.81882882478e-12
-1037.36664906,28.4647583548,10346.8931142
-69.4860713508,39.6714543782,9.16610080751e-12
-59.1960368416,38.1754161824,6.58116507353e-10
1206.85954863,6340.22497028,11301.0900916
-77.5025745095,43.4164676205,8.68132426641e-12
164.189661407,180.149205128,4763.56065263
-79.166768396,45.8056565562,3.8062049761e-11
242.065133817,1973.74701907,6029.30343483
-2287.96181083,617.63118776,13409.2480446
-1410.59908966,514.446510909,3862.73692998
-45.8304540973,19.6875070117,2.02264471682e-11
-54.727589565,37.1989446224,6.68355422002e-12
-87.6982580098,44.8088966587,54.4007785668
-437.15766798,407.01891251,2066.61230486
-96.3784734712,42.9171679059,45.5425937235
-301.468060458,163.776880155,221.447225164
-296.717578084,156.101758544,8.50002627991
-628.313214114,132.264027711,27.4099458805
-66.0840813125,42.9397267808,9.91761376366e-12
-750.266062237,124.00245944,3052.82138355
-336.939746405,148.955425921,4157.14145714
-59.5865624837,39.9622988302,5.37148657622e-13
956.434550757,639.854476337,5516.28039773
-62.4800482251,41.2350989148,7.69996953713e-13
-837.15083804,528.60948675,9175.69670789
-23.6428979203,37.3536810772,3005.36368911
-61.4952672239,38.3518170493,7.16396637771e-12
-79.8182535426,-174.416182654,6039.69664379
-317.551367014,-287.973717046,6255.24546386
-92.4707925029,42.5241768806,733.199874026
-50.2614889491,17.5103095258,2.17737500603e-11
-56.6432530372,31.7691774319,1.16794505011e-12
-50.1893509733,13.7518238423,3.50945344504e-08
-1984.28851947,-14186.8570971,7209.78570521
168.378546895,4352.57293748,56403.5200367
740.673655744,137.583682214,2962.40251159
286.223268819,-200.42334711,4858.67406954
-279.963255739,93.6024883514,3161.61985268
3286.16213347,-187.933048765,8613.45770439
-3897.69052105,183.230422161,1610.04271353
-58.5328348434,34.8563761235,5.51488668613e-13
219.143639493,1627.85067073,131963.865647
-407.065653003,-1164.84619401,5807.5280667
-50.7430059624,21.1500316146,2.70762988922e-11
93.4824162281,132.832751446,2.00905980844e-08
-625.269958087,-4840.60221753,3508.61685294
-97.7775228914,41.4549508088,52.8404012122
324.428365491,4012.80103985,25247.8058451
-1010.86208877,-8772.10738,6714.130498
-581.67622029,-709.180918148,6539.855945
153.429254871,1605.70536095,9663.41694072
-66.0060523823,38.2040641971,1.08952825116e-11
216.665728921,-1793.95986343,2827.94881589
-75.2097543231,43.8090080936,605.679258231
-48.4588094595,22.3032123553,2.41799646224e-10
-50.8718502673,28.5872804007,8.52167183473e-12
213.202024514,127.671489535,3852.19856956
-56.1343455209,859.496885678,11322.0854796
-55.3078193751,38.2781018413,9.55671743443e-12
253.90104741,253.681798956,7441.24472243
-1258.35184755,-403.595942194,11118.4384629
-53.8200918749,33.5264840684,1.17057612414e-11
-75.0539406788,43.708416229,1.42141551889e-11
2397.21746782,-979.520089172,6976.47876682
-87.7511993531,44.4959885228,23.1974231931
-54.2522103641,27.6612438656,3.04642439445e-11
-585.578225347,1864.35561938,4030.15212266
-103.439520131,39.6513046634,604.179451771
-42.9455506971,44.3644228281,1850.47116551
-59.5665779327,35.5812266861,1.93196908216e-12
-37.6471390984,98.4449412623,5552.25424556
-398.783414964,-8.33453954903,2817.53773369
19.0050117106,130.199750118,3930.31330001
-86.0843116193,24.0119971811,990.875675618
-386.591602333,-1015.14306729,62062.0298695
-3215.81541317,-213.268266707,6386.13407748
458.020276123,31.3863463231,5098.81899425
-73.2597304916,43.0104890087,1.05628855853e-12
-994.856104064,-712.339082137,8299.52971631
-150.075351443,45.2515860855,996.321443619
-540.121304759,-429.938723381,4901.17207521
85.5512857906,133.852803916,0.00226037120705
-49.5560814719,43.9070109269,1686.58984791
-1429.75353802,-983.934362701,25253.8139459
-79.3577439395,42.9686531436,3.16120963063e-11
-60.9555992794,35.1460806276,3.64427470109e-12
-69.9955611555,42.8300698346,1.12370922887e-11
-266.396160782,-529.833280784,1041.66692217
-998.006181888,134.614944479,14.2600933112
-62.3008999811,43.4635821137,2.51544167135e-12
1068.33516688,-10611.4777392,8142.74349221
-78.9302723559,41.8982917457,7.09739611497e-12
-379.839643031,62.899280915,7171.42307821
-2875.06435409,-17642.1553122,4565.44800366
-69.5907037375,40.8762759053,2.87857754834e-12
441.231138041,-2460.50996347,5728.62971061
1292.86657817,186.308009385,4693.25861973
-79.4227419379,44.1855929989,2.23431891148e-11
-112.977986146,55.6517739777,2084.25622589
1784.91592946,-835.402224879,8168.06149351
-60.4414808157,41.0460611774,1.35492740235e-12
-295.800582695,152.2793212,4.33068795298
285.752502588,700.770827341,7514.55883007
-48.3274968523,16.9315891628,1.62140102819e-08
-59.5029503927,36.1505962482,4.26325641456e-13
-59.0501486986,35.0448755608,3.17576432751e-11
655.134470278,1049.90988761,3417.83337263
41.5977993256,2327.25635694,2877.2132501
-297.975067057,159.20859698,0.000238026109846
-174.69034642,50.3657886617,1498.15177737
-96.5478429794,46.1540688625,682.422520269
-288.735602457,530.044835612,2662.10790689
-207.730081024,134.087133641,2101.39215722
-865.827026768,-1390.83463824,41321.1866402
-68.4356973902,44.050747403,1.2256423126e-12
61.1026064562,358.80725311,4815.7156525
-77.6310039479,46.6101460536,4.18787294133e-11
-81.5815732639,44.5119903849,2.43211531961e-12
-82.5290330661,41.1213971852,492.166703599
-159.181380096,-191.518469029,4139.3071292
-181.060551843,43.3374714424,1712.01317019
-81.5740030449,46.0093696037,2.92212311843e-10
-71.5995877198,42.5331309442,8.27521061952e-12
93.5935752193,133.851820211,0.000274048950669
-54.4209322521,29.9807646226,2.0861564287e-11
-49.4324774781,15.797109504,1.90423216263e-11
-680.737043942,-501.656748432,10959.9647595
-111.85417796,51.7596534476,1719.03101157
-57.2488731241,28.8654445414,6.68250761268e-12
-34.5308154615,-9.57208604201,5487.87343365
-1551.91171528,7934.10039359,6833.24239502
-301.191635049,168.929830002,48.501320395
-182.523021646,19.0607736446,1728.42013697
-46.4087682767,-704.857430115,2581.78411379
-1324.38985277,-3771.04056734,7245.50707729
-1252.84373901,1047.13529965,17965.6192087
-42.4894000869,10.3613022379,1470.9913553
-60.5287032727,37.8113390165,1.44552767316e-12
-32.7065976994,66.8992623526,4046.94077645
-76.1031976308,42.7163389514,2.11578214848e-10
-319.242548208,-267.585828766,5205.42668726
-59.2043747478,37.1316625322,3.59434656599e-11
-430.845804841,-544.70482643,6718.21970039
-68.1478074437,39.1912751256,1.57284755046e-12
-46.6334584671,24.2896713073,2.99116246413e-11
-63.3697754531,40.8210628946,2.98682673283e-10
-80.6501742699,41.1962560738,3.03975893554e-11
-97.5302148673,34.9216255489,439.9419443
-48.8405615875,-48.788602696,3824.71192294
-101.065678633,41.6050105858,353.775473384
-82.7754608574,44.5742438921,3.24520572395e-10
-39.1400225241,8.65621432333,1694.27111139
-49.4327977775,-0.356114145973,1320.51475109
13743.6192823,-91.6466964999,7049.73838471
443.767748604,-720.912599719,6013.09728193
732.279699753,10957.3646051,8420.02271685
-44.1659717622,30.0201066068,1505.73071691
-279.080398088,85.968136602,3233.5691195
-1071.60497819,192.396568903,5909.74895284
-73.1780203528,-474.734059827,8049.73151061
-79.2170082318,43.4593488713,1.18822518894e-11
-78.2259445246,45.8500220558,1.98247622977e-11
-62.5637121435,42.6238871067,1.62539056475e-12
-75.1189130097,41.9485535984,9.36631899513e-12
-304.229144829,100.160979951,3308.20479973
-298.831388115,211.45424905,2508.73621712
-121.487630631,66.5902059674,2758.59223335
-53.8272038804,31.3404030393,7.08278001319e-11
-55.4974923146,26.811639156,8.2083199583e-12
-156.471730707,-326.599066696,6508.13779396
-55.0897174488,31.7240801889,8.08664501183e-12
-843.401986447,-34.6302515021,9997.98622292
-53.9057594654,31.18200642,1.85956884961e-11
-301.570720085,169.436114418,101.656619939
-73.6952199841,45.0766720431,3.84680178141e-11
-102.132327143,50.6897395164,1227.09883243
-1606.8326365,-269.625464809,6345.18694394
-74.0038659669,46.5954333529,4.98774071322e-12
-54.8197216125,28.3688511701,1.1862310888e-11
-104.487295206,37.1472833154,1134.28108668
168.619939629,-170.903072821,7558.13592775
-382.213309984,111.467467842,3248.81631005
-54.5169036246,20.3729794596,5029.90196735
-49.5388418469,19.7209086075,6.21781750328e-11
-535.536738093,-776.811655495,10922.154381
418.671957656,-2686.98942254,9074.30195815
-56.5360968641,27.1042631003,2.85385015234e-12
8.75825195627,224.423970201,6745.10087659
1200.71805466,946.369482054,8342.22917622
-1597.73632303,-169.403650157,8239.86694676
-381.213460686,41.4757266597,3218.78893256
-71.9453372674,43.8795192321,644.104156065
-66.8414227843,41.5402459104,5.91381099181e-12
-75.0882023315,42.0815745231,837.630572001
-869.278658654,-515.650956122,9995.56243683
-55.3089933229,32.828334394,1.16940033459e-11
-79.169414275,43.6860718508,5.27129138703e-11
-63.8714342122,37.6012876683,0.0
-300.000269725,165.324221771,0.174188724401
1689.80326641,65.5042910794,3248.85187684
-74.4180069117,42.0408327675,5.84087841407e-12
-63.2623981786,45.0564591509,1011.43953745
-66.9241020783,43.1960536049,1.78362257704e-12
-101.816966487,40.9732653312,7.96459600387
-177.743354471,92.7575966621,3882.84602678
-52.7739638665,26.6812836777,2.15227463926e-11
-42.4877049166,18.3447568082,1649.01576744
3156.03839213,119.517479116,2866.87574472
-104.161859354,40.0046262765,926.107163396
-54.7179278954,33.6592981307,4.1188310921e-12
-104.243160102,77.3149589751,3907.3301206
-180.72852359,1736.29402508,12804.2462285
-53.8213835384,33.6544715407,3.14453755057e-11
-51.8700408881,33.4641290884,7.13645370623e-12
-372.393462476,384.178904562,3459.74308788
125.677129497,135.767456057,7183.8184755
-107.295710325,36.8228352303,1541.02555632
-54.2375299827,31.0200050474,2.7802065102e-11
-51.8722466042,33.6702211163,5.54653982793e-13
471.783108043,-376.257767165,5110.57982974
-63.0816822955,38.7642547415,6.03161853555e-12
-72.9703537231,41.2170584275,1.14244377216e-11
-2760.32936077,-328.317401096,9232.1235898
331.087811756,-31.6788515798,11253.5737667
-52.6781614359,31.5048980941,9.01201709265e-12
-91.6773386623,44.2434407395,106.603791389
-221.611760989,41.1314847286,2389.399226
-80.8483768653,38.9052841763,723.451816848
-55.2008114827,36.0916270157,4.9330856351e-12
-2810.66898699,-11818.952885,706012.045733
-86.0627152975,44.1009706429,409.285194124
-199.424901022,-500.875397138,11838.612023
-272.291669155,137.107155926,0.0389099468154
-286.523361083,150.065126275,2132.07713633
-203.73279784,-835.316103305,4226.08782674
-72.5481757178,43.7770224774,3.90903056283e-12
-64.2820046762,36.5686360028,3.4708916788e-12
-1770.22367076,-1646.46267894,87871.8699354
-525.9964059,-1315.79242395,5217.66181856
-80.2755301685,39.0630937138,724.528729148
-69.8912409714,43.0473871276,1052.86474636
-96.4827421448,37.0636885184,421.619287571
-88.9209542545,450.390606029,8234.96967052
-120.309547643,47.8512545247,677.703294962
-55.061321915,27.5961770776,1.37435243385e-11
-454.349995681,41.1250954401,219.352888706
-20.8211715068,462.420622743,7794.35293811
-306.143592335,141.03950061,1738.97007661
-289.425771104,142.099142549,1422.21474762
83.1200667628,134.20207847,6.32239161517e-06
-19285.0950867,-337.955314483,7936.76125785
-75.9023190691,42.6593390141,2.16578227713e-11
-62.3556546452,43.7906793602,4.00049642325e-12
-79.6363983553,44.8508949676,387.334531015
-107.912296118,54.9460681849,1755.57910691
-280.209824337,80.1348667845,3632.02097596
51.2798233334,-171.651817794,8382.85060749
401.009155945,-1546.0279998,37841.6681146
-300.173609485,149.1246951,1515.29560208
85.0549846505,135.07735127,0.0387278765327
-57.0994010987,36.4219685465,6.47152525215e-12
-289.30248652,80.3993589923,3066.59180297
-83.0390544071,32.3163823525,947.30920746
-90.8986551094,43.7804846736,64.0530841494
12289.6405761,1315.07831188,12616.169214
-60.1994163063,35.8676603938,8.06549219566e-11
-45.8092787244,18.0983081372,4.63448735916e-11
-66.473739165,43.4181280323,7.92559784124e-11
-163.190921259,39.9966417232,1257.88556042
247.35223086,72.1281135537,3738.19506205
-1135.27558391,-1578.34835989,73820.3507818
-114.252485571,21.9638692689,189.131502228
-317.35708356,538.840614199,3473.66845701
-73.0172871143,41.56732634,6.87306854731e-12
-404.850859988,1.19781471829,889.055104837
-307.221965376,53.8405895847,4047.81942304
509.234837892,-177.606411071,2307.72246685
-64.4423524325,45.8024137642,7.31491850844e-12
-72.4007616197,42.8600522394,8.0720130422e-12
-47.1265765445,7.51613090862,757.847058372
-6.75189376036,-3.82421316612,3436.67533692
-278.991518443,87.367853705,8232.47852578
-69.2183806994,43.3763796153,2.15700178839e-11
1054.79261108,589.641917439,5441.87419069
-3213.85997172,-14204.2136185,8251.07930969
74.3092041405,-10.3814059371,7707.90687808
-156.964185431,56.9233161113,1432.85541678
-64.0302847407,40.9955990488,5.65028453199e-12
-64.0467439342,40.9056884345,1.54536189425e-12
-50304.6824019,598.071260559,12685.3347203
-99.8452444617,50.1427112391,902.303863439
-100.701804288,35.5399544268,894.248976516
-84.1845976723,30.5227760953,996.428444874
-64.1817668835,37.7534142458,7.14695071212e-12
-1164.42793908,82.3682649692,4280.08351233
-83.3138827592,42.4874537871,43.6391919992
-234.395708272,18.0975446585,3238.05302057
-134.923633435,-1.33366727132,6414.75814678
-50.8599756526,33.1507519554,0.0
-74.6465543123,44.7997930285,1.9244149018e-11
712.620028022,-2648.75863643,16721.3849996
-51.3307178164,29.0610737944,3.28740788028e-11
-59.1317719116,114.379451346,3423.230142
-58.3234243089,37.9884303573,9.95242151774e-11
-78.7253839053,47.2471420259,3.05298905014e-11
-72.968277656,42.7040804101,3.10363925289e-11
-199.224012828,70.7299273636,2490.44828603
-81.0753755121,44.323130485,9.84337809531e-12
-1236.42208768,1303.3937294,5352.07814454
-71.50415077,44.3705130853,1.10491525546e-11
433.884778266,863.087390162,11227.2192052
-74.1093529546,42.7692191845,5.39125208556e-11
-543.66438081,-3622.07233609,19194.5567167
4176.23374868,-1308.94867782,6949.21247958
-134.818537203,29.4217658646,6582.53624844
-83.3890656563,42.9981256368,46.5332173694
-51.9387888362,28.3191769628,4.79142935716e-11
-123.914499606,26.4968983654,2355.78208582
-276.375912599,137.250388613,2324.01179511
-68.0392055764,45.41988736,5.96285686029e-12
-94.3766153715,46.0814925444,930.048318559
-99.1612428508,46.2053587856,163.177582206
-69.492036753,46.8932209883,4.26325641456e-13
-62.3396837935,43.2133483557,2.91302119293e-11
-1347.29302327,-149.445338594,2119.49580601
-2.49746812413,444.818317123,26448.1396784
-107.550614884,32.0594730921,2032.44708583
-55.3070990195,29.7165256896,5.24062969029e-12
87.3164256918,107.381974352,2668.30616195
-70.8386435185,39.7078915332,3.52032519517e-12
-89.047548873,35.2405466785,584.197868045
-66.1530430752,41.5283790278,0.0
-6216.42659228,336.223510656,2547.38844345
-418.804200916,561.213215451,5989.49647363
-78.8590852689,47.4705913314,1.3426694338e-11
-70.6470452246,43.2123983526,847.813756683
564.890858652,-220.729412636,9297.80160592
792.596845241,6808.53861787,6294.42626038
-18069.8555336,86.8140927367,8691.06993118
-84.3570913268,74.760371466,2968.96902329
-75.1017686421,43.5923147963,2.71723231635e-11
39.6668446675,1684.18776238,5574.15764933
-73.6827377453,45.6641927763,4.78611294894e-12
-41.0055732128,-13.8153041412,2064.59701829
-116.56819948,114.670943765,2539.20313948
-82.2844772355,43.1032776432,8.93534212986e-11
-326.269465277,140.127006866,3432.31698692
-61.5061957347,35.8540249736,1.08017313689e-11
-56.4076394219,37.735620962,1.21697417912e-11
-66.1925615356,38.6046730724,1.86671734911e-11
10149.2626986,10917.0794927,2890.54468729
-2.66835811582,2.87263453225,4135.72972975
-62.6075867305,34.5750455898,4.34590440598e-12
-223.257952196,-209.788539264,2677.4326718
-66.4636723262,40.3197554425,1.79978979488e-10
-82.0687760706,43.2142106016,8.99734149871e-11
-206.767305818,47.7762941918,5412.28811718
-48.8176818014,16.8815835936,2.51607638058e-10
-49.4975571979,20.4645965775,7.85508533825e-11
-199.856389857,128.755654453,1879.96897495
-49.7051492469,1425.3609173,3622.43915548
-54.9929293684,27.0296407895,5.15638284697e-11
-105.189625369,48.3949300047,1626.03263521
658.367432471,-396.092706521,13948.692478
-79.5467369616,48.6847958833,4.72812356874e-11
-99.5382681522,41.8507367573,232.559359554
-65.6433189348,39.1922198352,1.49050659109e-10
-41.6268602048,13.3729357731,1630.16047849
-82.9643841125,-225.72253378,11515.3493106
1737.16606345,-2753.5285917,9125.84668544
-101.726913929,45.3629483246,529.366083297
-77.3758948626,43.2603514035,5.04017254803e-12
-67.6941563448,45.7090765322,3.23899646178e-11
-75.3395511588,-126.746789128,9672.74599248
-30.1513598056,123.580485212,7237.33845238
-481.283375961,-1365.90086993,5368.68411295
-64.7488034979,42.002021508,4.35856196963e-12
3897.22201548,-57.8240537899,9568.48879277
-54.0720503062,28.4909173469,6.41763340994e-09
-19.645064365,51.4245266768,4983.37369736
-56.2620010829,38.2751255266,2.92853954537e-12
-66.6330660977,40.3985368238,6.11331738708e-11
-15.5176539736,48.8281250293,4076.98769811
-926.890686755,130.645306294,2353.93509938
-2928.10200932,-10108.3656862,8502.46144775
-404.297871,109.9649153,4566.89511963
-89.5401813484,43.908929738,53.9740992009
-57.0044402392,38.5732864919,1.399729188e-12
-51.1184950685,23.6549198369,1.97435141112e-11
242.044710939,5101.75284312,24053.7900738
-73.6749183671,43.6586772133,1.50820402092e-11
-79.5478482073,39.2674169359,740.525922435
322.888580927,326.462736268,10052.2863503
-57.0031222682,32.9481846648,9.16374102788e-12
500.499499359,-174.937826656,2351.34923639
-44.472049361,-26.8138209525,2984.77285958
-93.7393148798,40.2655287449,287.309276528
-60.2250850604,36.3217331622,5.38502051467e-12
-90.3750320159,40.7276329095,327.942179102
-173.47531812,-43.8330161319,8638.69602016
-78.8081432881,42.6655544367,1.73576712202e-11
650.210002868,-474.765020377,29105.5067066
-109.678956677,50.8283932094,1621.58997267
195.055667384,5465.97079171,8063.8928765
-80.0265933651,42.2558740565,3.18411552475e-12
-103.367491425,34.9321750569,1201.43877444
-67.3199568028,45.2360301935,1.90471751792e-11
-208.454792256,440.444730489,4694.82315803
113.014145506,19.3178566963,6592.57160601
-45.8234490191,-357.422692232,541.644061386
-2208.01238887,-15109.9414149,1102.6461942
-70.7311495325,43.1732252447,804.216159263
-48.6331267914,17.9841042352,1.01745731915e-08
-676.202305895,-1008.09746387,36649.0577895
-45.1267904351,10.7264593056,432.985202076
-45.8460756489,19.689282537,2.58925660745e-11
-365.022213763,2864.05370559,4241.57175266
-75.2297052555,44.4241214498,4.62562971128e-11
-62.9777406507,40.978641152,3.75034446237e-11
-98.063041054,41.8728093272,340.764168713
-62.2147001691,38.7878533893,9.4410390356e-12
-64.1958239643,44.2224788724,1.29422308537e-11
-64.2195551074,40.0408067111,6.01322148558e-11
-59.7319246981,38.9880526927,0.0
-45.275045016,8.32006090463,585.718652473
-126.302191728,37.2176791234,527.818645855
-68.8685561836,40.6020026488,8.76828471074e-12
-393.033971312,-573.275214052,34024.1499206
-58.7522353512,1593.87348885,12182.8293692
397.331135192,-3174.07083406,10243.5705431
-339.61084118,110.578360689,3380.66289213
-69.8831004678,42.4809751023,3.25772114609e-12
-403.265093413,170.138518049,7742.06961293
-97.5726770417,42.5039164622,241.591797836
-61.2397232443,37.2237382596,1.1928440186e-09
-101.355511006,42.6048458775,130.280615592
-242.717048072,-230.350582888,10540.500406
-59.5441596401,37.1918623745,1.57629592612e-11
-72.0644646894,44.2930407404,7.44466390117e-13
-81.3342832036,45.5134524419,1.19497675769e-12
-80.1120042918,42.7338838368,7.62345748941e-12
-39.1943449649,0.158842400959,1686.43636282
18.8203021022,49.6302772951,3918.36999441
-4637.60618138,224.407776536,7817.99775005
-295.622907565,-415.484958778,5224.22115148
-61.7407957248,42.2092909474,2.4116877266e-11
-76.9037800582,47.2848073536,1.18193702341e-10
-55.2292910479,30.3574143323,4.68169025432e-09
-52.5658680754,24.1484926652,1.76957573025e-11
-47.4060039289,23.2905589446,5.04957473403e-11
-1105.47931801,-5676.90247512,6819.2313843
-270.862649518,-222.604976231,7755.02238027
-51.3617237409,24.2926874775,9.56107686681e-12
-281.047162373,136.762502149,0.0019979510853
-464.237438734,457.105202589,17956.6252607
-65.9744557029,39.5010508383,8.3415835732e-10
-280.222856931,118.761324403,2358.83813814
-400.356748998,-1072.95159552,1799.06471079
-56.4719079844,33.5450398517,6.78181657288e-12
-51.1890006023,28.3276600603,3.69178741541e-11
418.398999915,2810.0811625,4774.58107816
-110.19010602,40.0384915039,146.870509861
684.219605852,25.2534346319,8874.4215596
-78.0849060453,46.1802537266,5.51919451699e-11
-49.433107688,9.58777252528,128.750159861
-49.8813696753,25.1318375553,1.98727773859e-11
73.0070469443,3264.56440454,197782.03505
-62.908983724,35.3857043118,2.31855009208e-11
-297.18535022,155.27228203,11.623518174
-51.264920296,31.1446527141,1.71316176337e-11
-111.61665426,55.5013092515,2009.36033705
-82.7449631876,47.2355318701,0.0
-61.9966294106,39.3627865858,2.15364726066e-12
-485.673434484,-1511.68846757,13491.5264264
-64.4974220927,37.2612835626,2.26724841357e-10
-70.3036477557,40.8239253485,3.34735454788e-12
-36.2515126428,12.8853082551,2703.47692189
-42.8760290288,24.8018231882,1393.50912744
-80.3990746164,46.5976812029,1.77955939827e-10
107.033082079,78.7504817592,3474.9770437
133.350078444,231.66643883,5090.45766576
-768.525771642,354.358844297,1066.00563705
-47.473069351,13.3041042413,0.0156078255503
-87.2763164991,42.7005445444,165.113095681
-70.5429058048,48.9527377828,598.137466035
190.223619142,-1195.89907963,5024.16426718
-55.7531430298,28.3170037265,1.35310385122e-11
1811.97175243,-582.612954737,7940.31231944
-53.5344908342,22.5649560828,7.01754578123e-12
-76.0054695477,39.9634874145,926.265828098
11754.4458007,16.6407938684,8435.91582206
-74.4544749671,44.2723243605,1.13874273488e-11
-167.614597112,-27.2899142546,1885.54136016
-707.121558149,4663.77539822,4721.22112696
-85.5698872887,39.5488574604,583.649829941
-77.1227129742,42.488042843,7.73543882166e-12
-107.662994093,44.3441068989,218.089043935
-51.155915425,20.0258882937,8.34410107327e-12
-304.230058296,56.8184832047,2569.85280847
-634.820971442,133.017574843,5441.0096949
-121.001086957,1106.36719364,6916.24848551
-7018.26861496,115.729874576,2231.14487614
-50.2468091552,-17.860547272,1710.85897485
269.331070515,-689.590993772,52504.9011126
-48.1135940201,21.9158324813,1.33076123545e-10
-55.8309609724,35.5607029376,2.98533139095e-11
-82.0457540802,138.65058294,6386.96528002
-106.048738099,51.9610717155,1511.86547195
-57.6598312351,35.2198506307,4.29393901618e-11
-61.9424479022,-1166.57193336,7934.52869652
-62.8817943945,35.4615822178,2.40016035462e-11
-80.792897967,37.279750508,912.121657057
-53.4033517394,30.8687556332,4.43770049366e-12
-737.224821576,1295.4525575,10719.023248
-309.054915211,925.253252094,3131.46717867
-49.8584869817,25.1668195281,4.00774271051e-12
8712.85223956,66430.08677,9443.46055727
-63.4701179658,40.5100931828,2.50300653061e-11
-699.355929886,59.8269454218,3321.00688952
-292.984450349,149.164326266,144.120913559
-304.190176124,166.382001484,723.161487759
-99.2820981458,42.9135600612,159.227186358
-1501.11666673,-8950.37920737,51115.6482225
-84.2114200301,31.415877809,961.337509931
55.4144988735,3794.66801971,2980.80205021
-52.4047021219,30.2401333141,4.27732879058e-10
-45.0306982647,407.6589758,4791.72679784
-77.504652819,105.262253348,4374.22400948
167.903975504,168.336172294,3887.49648752
-96.4791241218,44.1845622753,122.925364593
-1551.72621615,7.01962230857,4190.65938288
85.5366657514,375.10654578,4897.96470787
-62.7422155068,39.2641442055,7.11943986335e-12
-53.1247216544,31.4889520558,1.5299356845e-10
-307.787966189,91.2235562084,4433.60527313
-2208.02017766,-20.2516874642,1940.92887533
-1063.40476786,-6976.58709545,7443.95250598
-121.919967065,44.8733260304,502.114201591
-46.2334409759,5.2921696219,532.548297198
-100.037240587,45.8870563009,166.345148312
-73.7098539144,41.9053486135,2.57389281561e-12
-76.3577395398,44.380610578,4.68740578265e-11
-293.737621068,150.559300298,58.5601005471
-109.523136429,38.698387081,46.2435612512
-347.468181746,59.6837793214,4857.05988668
-278.27423836,136.228931663,0.00296651287449
-51.9329049256,-87.1639957212,6221.50335289
-99.8350742269,49.4728764264,1638.74587567
-301.421835637,170.219341935,578.86801384
-96.0674079741,43.8848555469,125.445853035
-64.3854405658,40.121537139,2.12356460635e-11
456.652527629,1167.78024771,59179.14522
-80.4766114003,128.525198952,5696.65500104
-64.0860665687,38.9542843078,1.39296830469e-12
-495.257248055,344.967696301,8482.99799178
-414.980722182,107.270421998,4057.19690301
-76.4125516709,43.6203650408,808.812059791
3559.07364808,237.578461692,11842.9073161
-693.927390926,-4180.4662847,4243.13475098
-542.752346904,109.185015548,2801.12583004
-65.4828636331,41.4066751526,4.79042836299e-12
1952.86486247,169.318836723,4051.46810959
-331.759801057,111.815853947,4930.89786405
55.0182811568,65.1834574174,4166.45673035
-1445.04245941,-1084.7510557,3598.54592843
-51.9182575457,22.5784831286,1.13618650735e-11
-280.695232542,-433.788683857,26814.8222285
-405.139382003,925.972300092,7527.76351091
-79.2969216976,43.6369505486,1.86349206212e-11
-38.3858672042,-14.9596302339,2635.16260975
-77.7314243337,46.832588478,5.96284413117e-11
-901.921077218,65.4079224243,2337.76832112
-326.794422703,128.163234387,5861.52450403
-85.6233465938,46.6803206949,146.872650473
-437.346598454,106.36980615,3933.20395586
-59.7277376709,38.9950021185,4.72283507056e-10
-74.0945868682,43.7443946017,3.91093470875e-12
-551.224498577,-370.430104151,20394.0923986
35.4185346705,-674.974012118,10117.7060412
-285.214183463,111.839387857,4603.89113642
-75.8671146871,42.9928874712,1.1037655607e-10
47.2941979061,-1102.06961675,5588.57850605
-72.2534648431,45.315705617,3.37984820475e-11
-50.48553394,26.3624056242,1.07379337667e-10
-50.0331274172,28.1425195677,6.13047207477e-11
-28.7746614016,97.7590806434,5850.25799693
-37.6754339965,354.545169989,2161.46228788
-160.407327301,70.1908905907,7659.19606659
-54.5586483913,32.6158956792,2.09341865811e-10
-74.3309255515,42.3737498065,2.99939330545e-11
-275.912881106,83.7801480544,3061.6404031
-42.2808246139,-32.1652493744,4030.85363948
-238.7426351,142.271353452,7924.51754874
-39.6178895854,28.0556149465,2469.99024362
1009.64838101,354.101745134,1479.83891565
-123.999478748,48.6425152992,751.076299162
-49.751988615,29.4781693176,2.02219527368e-11
3.79071816493,378.816169569,8203.84514313
-56.6239067828,34.6701246917,1.04878151087e-11
-60.2881316067,68.6844561598,18480.6945724
-49.610212919,25.6724265905,1.70606841189e-10
-80.3796332452,47.0029151445,3.1762576674e-12
-186.664995856,48.5356800938,1819.155486
-54.3823753266,26.5062603869,3.03770251692e-11
57.0659204174,294.241102014,12834.0407318
-315.167073093,139.226037981,2011.92461078
-71.0732209354,44.8527926687,2.64233975571e-11
-64.3617508867,37.7003606167,1.48155922899e-11
-79.1706716884,43.4099759744,8.75314332447e-11
-53.1582174706,27.7728497659,5.91726675493e-11
-72.5627074451,41.7874915017,6.70539310439e-12
-205.811123446,108.664848771,2476.58411979
-78.921493543,39.3196905719,817.31720854
-282.621383366,143.800839463,6992.00267621
-83.2457236745,35.8707431619,922.698469132
-174.90859049,-33.023195522,11736.8728101
-103.054261791,41.3826595163,1116.38317381
-414.145850744,117.387058964,3634.07067631
-40.5762982248,-22.2018904514,9775.9969355
-3206.95565838,-22134.4124606,5472.61871771
-71.3132664509,44.2354658309,2.07690471061e-11
-280.591889226,140.875743165,144.724997078
-83.1301929474,44.9206511674,3.56172761153e-10
-63.1859997985,36.8998937784,1.25195074835e-11
-90.5105306333,-469.618780391,28760.6283478
-60.9524818516,37.6088502589,2.64846195341e-12
147.79528477,1455.25943943,11100.5652454
-63.1025283739,39.0078853584,1.49133620865e-11
129.081809539,-1426.1261388,9249.45371083
-538.617079137,-1105.40318695,24132.345242
330.774677286,893.08180046,7087.86371048
213.278997155,0.404471479537,4974.77994195
-720.741917596,-581.969517677,7504.37195117
-59.8876575312,36.8444293875,6.29150948298e-11
252.346842113,275.461163293,7617.7642958
-49.0048124547,28.8806432557,1.40139139273e-11
-53.0071244904,23.2583327691,1.1023793654e-11
167.226043283,-168.101463468,3578.2380597
-105.732155898,46.2529490607,1121.45777491
-50.7580211634,30.149261091,9.75993590539e-13
870.7020869,-587.39225589,29824.4094623
-52.7683295776,29.8061918726,3.99420288878e-12
-63.1642861255,40.1516082976,1.50172751924e-11
-63.0257434943,36.8737044893,9.17679518703e-12
-48.6475038198,15.2922304092,1.45286669893e-07
-70.5425565188,39.6189314626,2.88236467409e-11
-65.5750533311,39.7767596789,1.74351804273e-11
-102.782597551,34.6948791346,1220.55486745
-92.2960697441,79.0111949628,2896.82475828
-53.1921020567,31.4281199721,3.37856039939e-12
-448.232859639,86.7930875866,3892.065332
-93.5589617656,44.9107819366,48.0269822145
-95.7338381694,43.0356863421,159.794032125
-65.2984151949,44.6263912987,1.04654757368e-12
-4419.32300901,-41055.1839755,7216.74039958
-82.8254051921,44.0152781303,1.36450473781e-10
-48.2310653519,-0.52018073277,1.2510137011
-41.2627045703,40.6207056057,2417.20949166
-98.8437822561,42.5128000716,247.005178738
-57.2109815205,106.690997004,3840.54943256
539.915291283,-321.913865189,4738.52391179
476.184193383,-1273.63460308,9782.72356753
-59.6022703844,31.9924156537,8.99903113313e-12
-92.5340076612,43.2832211249,0.673538136813
-74.4391948829,42.2203022017,3.99872511064e-12
-427.738134969,196.64230136,8303.62678427
-101.102952136,33.1075816938,1055.05634801
-50.5494331674,30.8800868403,4.56071993059e-11
-72.5052349109,44.351882504,8.628710013e-12
-76.7915016459,44.6008037129,795.494539453
-76.049764655,44.1709477842,5.56983519805e-12
134.073819545,-559.964315622,3594.84712397
-42.0560477622,122.350833015,3418.57546419
-107.732601366,45.9337769662,213.526995229
-89.8035253654,44.8057921814,256.939170785
-49.3530384623,1.90561978865,756.467257778
-271.528380313,155.218322936,5082.32844746
-54.3336193132,28.3541317982,1.33614801524e-11
-111.746087646,44.5392570039,256.173149698
-50.1016017412,4.04970704844,80.295684838
-124.285800119,48.3106646044,781.743730847
356.083601662,-474.651867592,8584.59857534
-380.569952042,425.695748813,4784.80750612
111.219495757,272.706579644,8013.48407031
-131.621126964,47.1023515215,672.810593676
-70.2412017264,41.6457755055,1.63300117206e-10
-35.9563722298,-4.27654582231,2976.2684521
-76.7247827512,47.5627350076,7.11173180787e-12
-75.9918786667,48.2567724574,4.71817351219e-12
-70.843471361,41.1791511836,1.19336403512e-10
159.502998131,109.552987952,5142.1021463
-151.745154703,53.1092167824,1217.79276807
-200.721941073,19.6787957079,2210.56579072
-165.166698253,68.5351583533,3956.51565223
-264.880688351,-463.725470747,4798.76582598
771.551767698,4812.47180534,6921.18560021
-276.868998104,123.900729931,2369.41897677
-102.261173075,45.3721724053,475.711128785
-47.3219604108,-14.64658391,1467.23588107
-24.7792201102,13.9345365888,3282.65391622
-379.857276851,46.583198813,4479.36411447
-327.666406259,888.926034252,3514.54227926
133.772923875,-186.762113417,666.624696167
-80.8743155035,43.8314196,3.03824694291e-11
-72.8345525034,46.1691929545,1.88335490299e-11
-50.0841144816,29.4761167846,2.63827169488e-11
-58.3606885854,37.0477223724,2.07407621269e-11
-347.341877691,163.823559151,4316.21764528
-82.6638231885,43.0704115903,7.05408825989e-11
-14.2463861112,122.945218779,4333.47461969
-100.255686476,47.4733565562,640.119167396
-98.5821360981,47.7302007499,622.721529417
-100.804352176,50.4476476327,976.070053544
-50.9985505545,18.9556494373,2.40266456795e-11
24646.4908433,-403.98539877,8419.27009102
-132.367539229,46.9906513478,2497.91165681
-53.9392373294,31.7070418009,9.1889452781e-12
-460.106667996,37.3140693868,7643.71898671
-48.8672482541,19.1329917872,8.4966886119e-11
-49.7874726512,21.7168788791,6.16495411411e-11
-77.061868831,44.0106122883,7.46868326248e-13
-106.879403742,38.0835424966,1063.77097107
-675.696490665,68.2377234256,3888.72339703
-1320.54490663,-7147.64570464,6888.7448829
-80.1010510509,42.9653141063,548.060405996
109.644687554,164.335572379,5286.65793456
-180.973799436,43.4790009516,1643.77719703
-76.0973616541,38.3470148888,988.459435164
-125.885625134,-63.5230822479,8217.49066199
-1509.95796329,-27.032711494,2218.14745844
53.2835724848,548.026089099,21557.7668754
-180.947452499,104.52083545,3032.48152175
-65.5502795751,37.7764072282,3.43671354634e-12
-60.6551461017,42.9961388239,6.93172887364e-12
-56.3588959102,38.4544956612,1.30085827181e-11
-575.299180051,-407.968058121,17581.4427029
-111.143081817,53.4683225534,1839.58584976
-420.864878686,-930.372110935,13227.9933595
-82.7325129392,46.30718337,215.775295548
-53.9288548136,23.5630779643,2.83798762471e-11
-60.447984477,33.4278573981,2.35518306892e-11
-113.583689946,62.6766245978,2220.37190421
-96.7027384739,30.2472316663,1487.76959464
92.3202024759,-172.83023522,7498.20315154
-346.746931049,49.6595451863,4210.37025926
-115.423362434,-43.4463965246,2597.60231623
-91.3889573882,40.2385367072,426.622362479
-61.1793277808,35.4376101199,4.32187553708e-12
145.24748714,-512.538159901,5446.27604897
-916.397158289,33.5081292714,2229.26611684
-76.8048872154,48.8498893726,1.31557673362e-11
-296.349851547,257.531791864,6104.80745591
-103.612065474,40.6578806503,486.43944269
-639.439976702,-51.7260519853,6002.18716578
2843.90122677,-499.452396228,12400.6612553
-81.6145329264,39.2183612044,703.355517485
-81.6943538246,43.9284046776,1.22817129799e-12
-59.9576527602,41.0159138576,1.59407358784e-11
-491.947171613,1312.78639289,34820.1985425
-73.1161152141,43.1478494614,4.99744423622e-11
-53.4200935835,31.8839655884,3.13356886289e-12
-61.3922536947,40.5611196111,5.93591328667e-12
-217.561288497,71.2599640519,2753.07513274
-56.5299341536,33.8654218131,2.20563587108e-11
-412.388832837,103.328889894,3770.55447618
-78.9533234011,44.1847258262,6.9385858611e-12
443.756805515,-133.712717718,7975.265942
-66.9301875291,38.986740126,1.73368180221e-11
-99.7493018774,48.8532835962,766.314499466
-743.976784194,958.269060762,9017.46170615
-99.7107129633,44.9858530783,127.427101471
-922.3039885,-1990.68449606,8550.33942931
-49.976315158,11.4298254557,0.0669097170759
-60.6228275732,32.5688268488,5.69632011001e-12
51.8929936578,920.252670063,2807.73361624
-55.8754676929,27.0436953067,7.6213090419e-12
-68.6409244483,44.5440512656,8.05048560497e-12
-79.6081698875,42.2289276951,3.98095271263e-11
694.85834503,-1117.29148446,7096.37380756
-631.599047716,-3762.83807677,9832.734736
-51.7375788507,6.64958128155,35.9189200063
-285.605800886,138.135057322,0.000201355574186
-96.5273645539,43.3593822181,32.2472931385
-53.9766825309,29.3640023453,3.44018381833e-11
-102.035823643,32.3361932298,1488.0319885
-11029.1387057,348.592875776,6943.43929255
-55.5215477009,27.840572512,3.675140875e-12
-300.714615827,261.199671172,5778.16982143
-52.1053960195,26.1305343423,1.59878212365e-11
-199.121833867,53.6555169822,2047.21225503
-97.2453019899,45.0595807526,169.191723328
-79.5756843653,36.6637495054,914.105740116
-1096.51502571,-6114.60755821,9311.02865669
-1401.75134754,-830.120426387,14863.4346819
5256.70990218,-2167.69862813,31956.5628585
1131.3608885,138.042284522,7619.55393344
-61.7853790008,36.134942204,8.83951804123e-12
-209.752905383,-27.5916380253,3628.66152368
-1010.7758719,-2024.59311468,6715.54772265
-2795.33713052,780.90629693,8598.64655703
1232.84294301,54.3663741326,8203.71408365
-52.2631341032,28.1332563685,6.76506601509e-11
1682.83215272,178.519852945,11561.648779
-66.8794537254,40.3292321422,2.38665359743e-11
871.42611392,-115.600624077,11292.2257329
-357.893958007,56.4209844493,4816.47790539
-50.2313503047,24.0905424708,4.54359054177e-12
-270.84798787,381.369774135,6166.75691143
-67.3174088133,37.9572928052,6.36855622487e-12
-102.844271928,45.0701496531,208.623787709
-336.391350716,-2125.76973693,128953.308192
-50.2212800182,30.972986426,3.17331107206e-11
-3420.72567645,118.604600785,1931.02999973
-49.1231271876,31.2750860856,2149.93370569
-69.8382756407,45.3547453601,2.94869766819e-11
-64.5751468441,37.7130273093,3.83553277966e-11
-51.5589876452,32.1980430013,8.4795662919e-12
2165.29068551,203.556417307,18634.3133502
-81.4472022109,42.3136100881,4.25037427827e-11
-75.1515889134,44.1124913279,1.80148121311e-11
-426.53484855,-330.779530447,1555.62283562
-101.75119778,46.5108573538,882.590983835
-47.6119961319,19.1492930625,2.90396770044e-11
989.16496456,-342.446916697,7745.19668947
-54.0052573356,28.3380931484,2.02930660963e-10
-117.878552939,61.7971966536,2403.15925773
-79.3851346603,43.3876254948,8.93303392898e-12
-75.5810774537,44.3125675332,7.48443462151e-11
-145.317558095,53.7376798829,1282.47309821
-3902.78616296,105.914023579,7808.22565557
49.6522530737,68.8702458454,3787.38790825
-74.6521382245,39.7776636918,3.51723300536e-12
-106.303088967,46.017411703,255.330519788
-66.9438681466,39.9901162191,4.68040962912e-12
1923.38002533,158.650900446,11898.8318404
-59.6531186264,35.1457256443,6.48027738089e-12
-273.043787513,133.094125213,0.0386039503123
-58.3712563948,31.7984290038,1.02918310859e-11
-49.2970451657,11.349701513,32.9102646635
-95875.7686917,-10948.0513582,33682.5689926
-116.572045676,-383.158350192,11202.2965454
-294.734441912,153.361398196,0.0104385978187
-60.0817981132,38.3588632985,3.70074124525e-12
119.713169521,56.7058134028,5287.7096736
-100.173328294,35.791714612,348.123959935
-49.6774122948,4.73426925416,651.154067716
138.158072823,206.290225642,3271.34172527
19440.631138,-1473.58619846,46677.2993089
-88.1105288475,32.8244778754,1425.64397847
185.277638892,159.163770422,4641.61147853
633.562265818,1153.2822681,4779.14981291
-1036.91023221,-6690.0957288,3040.65094309
163.646039506,-2382.22948424,8691.46091702
1186.25563564,902.655197498,2384.6082207
-51.9792285562,31.3574200018,1.06745428004e-11
-274.87364187,137.16220566,0.00680078167719
-51.8483906786,28.0915819563,1.30972818561e-10
-49.4563346808,22.597705622,6.76939651347e-11
-83.6081444099,72.7812050667,3902.02161947
862.054264379,191.624360423,2200.62401725
-50.1585411064,15.9365394959,633.612622027
-52.1812751882,24.6278193325,2.64183420295e-11
-65.7294088315,45.3032116236,8.58971415753e-12
985.988129378,11221.4565973,13263.7931057
4572.7907106,-256.968496289,26678.9341284
-444.724306331,-200.303101298,65666.5672661
-62.714697378,34.438779689,2.71266819104e-12
-40.134206854,29.5149660104,1963.1727015
20.1123993707,701.772310167,54204.8751107
-82.0550338148,45.3688022606,7.83382889251e-12
498.749558089,3774.20636433,1409.51717757
-82.5509425099,46.9369658313,1.63903430288e-11
-82.9193235375,38.7315165157,830.137404078
-8.68434188719,-504.985054095,7274.3581889
-9600.20180136,3958.79476348,6300.76148179
-18.815262327,81.1562911709,6912.87956278
225.970636258,-415.486860127,4563.97705164
-109.040149076,43.8872261159,153.579689991
5006.97390543,37687.0431123,15793.8392625
1226.25637045,-6050.91965556,26962.3340793
