-54.9811963087,37.3875798419,141.119109527
-57.1086397031,41.9827487127,64.8254899357
-54.7423758647,40.7946981788,174.233135748
5749.51164822,75.1916138095,2579.2461992
161.601885342,148.228275981,53.1527202183
341.43586085,31.3951970266,29.4318398724
-55.3252440808,40.5128826883,161.300417172
386.129579379,35.6103982451,1128.0482284
-57.8954666469,43.5022777856,56.3372384032
306.605209719,36.0183008379,174.900392322
-50.2838248029,41.199540329,220.170465882
-54.7218879495,40.8282333953,83.1301859261
363.505255107,35.0642092178,637.981234446
-57.6536228708,43.2624735316,124.747124896
-52.4318765667,37.4513930994,436.299154426
1966.79554744,145.26230575,2578.77259929
-54.4118675657,41.2708952172,54.3043179184
-55.6729277435,38.369999375,115.71632665
347.390925607,50.5277078744,2219.81721849
166.783814109,131.110756095,1901.47740411
-55.4998152573,39.0686867021,118.712083326
-52.4496735973,37.4324871864,436.219118919
164.372836485,73.4102040054,3243.17010741
350.416713826,33.1252582396,209.811553288
306.61897248,33.3653074646,221.979596296
-59.6057978244,34.5259633075,469.381325928
320.462820633,50.3675968961,1235.95363596
-54.2499632116,41.7361669015,181.145771737
2289.74266128,262.07010967,16564.8854694
-56.1978940336,40.9207742549,103.240694288
396.897008559,33.5597053064,1795.57683507
163.811461638,144.849500937,783.129038167
10601.9413935,148.20838383,146.219853045
308.632299368,31.6084153735,253.576175413
163.409470931,72.7325538152,3246.16219742
323.969773107,29.9388911284,93.6154055813
-56.5815043909,41.3048034989,41.6534624072
-54.2503971646,41.670995916,146.328211952
-57.2644022248,42.2445733744,92.6177034442
-49.7667794217,43.9425050411,428.902779389
-54.8009402836,37.3114831031,157.65686549
-58.6214937228,31.033874359,475.42505636
-5637.04601928,96.6137177431,1405.18224927
-2404.599209,-367.699493288,3857.56304846
306.091182317,34.2395219084,208.239256705
319.909303756,30.8284040225,84.6602787344
-53.150195768,36.9832426611,387.809511802
-51.3449915627,39.0702330116,353.430548596
308.913519169,35.7167794477,149.807794976
312.63090458,35.1254681361,296.392498502
-57.4189206823,42.5696535697,119.277550774
304.83580728,36.2149756155,253.540520946
308.611897637,39.1409535104,156.852276705
-54.2459590393,41.7336950535,176.071062425
-55.6077201588,40.5503773485,161.969062998
-55.0304145778,40.1856941887,147.662742508
426.914987238,35.7817014445,2115.67972447
-49.7904055435,42.6343858077,263.600735565
313.931447383,37.8790131806,861.219725131
33.7626568128,125.737687537,2471.62649974
383.957954236,78.4929365819,728.300690392
371.816100378,35.4399381615,716.429337917
-56.2899003826,41.0050215479,89.104816383
-57.5527130083,42.9489920112,135.081849747
-49.7313265351,43.8235249093,409.182362793
-57.5231829913,42.8552309484,133.170590229
-41.7909434467,27.1223245454,484.373201725
-59.1028835114,37.0506669012,502.991020591
-2191.05770694,50.1176995949,4494.89069005
-201.522955175,147.855232807,1302.15959103
-57.5056210862,42.8021221063,131.428278457
308.877715468,33.2923205233,1593.61433761
-57.6990989245,43.3562272119,111.853089513
318.297597375,30.7202966791,92.2392765017
-55.0075262574,40.604810193,133.502854464
-54.9337470059,40.392476883,156.159537182
-57.4987121111,42.7818101982,130.648795964
1232.52570394,148.815406539,89.7128260452
-54.5747434645,42.9297079482,658.773808687
310.251984997,36.6025340046,73.7049308163
337.366950614,31.1628282961,1233.76990482
-54.2751766643,41.5851773011,120.885360091
316.603542146,31.5206558309,69.5612517832
317.74564308,56.1315910846,4268.75699191
-197.558130417,146.069000231,1654.47404466
-49.7397876232,43.8562675823,414.488841537
315.553741555,64.7260861566,2146.17130753
-57.2915630864,42.2957895169,97.4514207803
-54.2447117402,41.7010031817,157.420710649
878.851165381,146.754687199,602.00204822
514.945494252,149.536672922,225.908043186
1593.42326709,146.958390992,2017.01395385
-151.824319864,85.650485136,2196.08657071
325.375609239,70.1102166849,3486.0782808
308.278331812,32.2818380301,236.975838613
-52.9673965142,37.0449103764,408.164423873
-56.0943870362,40.8329765874,118.018482178
-57.7356680561,43.4067690457,100.488155979
-55.6549547437,38.5019756602,115.737484076
323.377290553,60.2755284809,2159.50908834
-55.3059326698,39.5669385882,127.628754579
-55.6454037695,40.5631013604,160.455485645
40.3699958202,129.225301488,2517.38526913
-57.6573351118,43.2716103169,123.812625815
-54.2566922218,41.733786086,186.27895134
306.581928378,33.9702683835,198.605533519
-381.641909939,31.1003679662,417.541592991
-54.4765408353,41.1559805492,43.6104475035
-54.6743113274,40.9363065242,180.771589463
-54.5313339359,37.209309902,188.353956921
-55.6745895941,38.1303632428,115.801903609
-55.6731515968,38.3676939363,115.716889348
-55.4443710017,37.6665171191,117.453231802
-55.1476356505,37.4675913231,129.297348644
308.37302374,31.1809764181,278.428912372
317.253195972,28.5050405323,308.690937018
346.579345941,32.8854744086,267.386144976
1766.13563725,121.063457379,3621.78709316
361.398981846,34.8054997346,566.161271418
-57.6872232637,43.3354345491,115.448236791
-54.7004017132,40.8820988301,178.274756799
2128.09250081,391.219236796,2653.17851095
-57.5218102904,42.8510042628,133.048269545
-55.8271097888,40.6476350252,148.323269063
-54.7599953034,40.789651533,91.1175079178
155.913584248,148.768509047,1416.81872336
-55.4564385662,37.6778035566,117.223050694
435.647428114,30.0983157131,2509.64677332
-55.4362484586,40.5150296977,164.16139733
161.212507384,148.730454473,93.4095099121
-56.5894807989,41.3136517269,40.4018516548
309.201281822,33.7872099937,1494.94964686
-71.8106643361,79.7228251097,2160.56902848
-55.6128851194,40.5520190058,161.782968406
155.592563943,149.900680553,88.4643375096
-55.116235825,40.5562130512,146.359544549
-59.4834508941,33.0874395351,464.676246749
-54.53362615,41.065891472,45.8632839634
686.590534217,31.2499195441,2104.94031576
-52.8419415869,37.1092105757,419.331887528
-57.8075328129,43.4660897116,79.0613131021
-54.790356283,40.7609741177,97.2463410435
-55.3334717106,39.5009806874,126.061466727
525.279057773,72.0868486164,3712.31589516
-54.4735048683,41.3491040889,198.011256186
326.210251549,30.1157812614,1378.19763319
-49.7400721926,42.8760252417,286.170898639
-55.6777850039,38.3068439026,115.738022641
-56.4913213694,41.2071283291,56.2790452714
-51.3389522236,27.244635248,528.802011132
315.713671683,32.5036347826,30.7767530316
339.275773489,51.9607597036,2279.44171808
603.222128189,107.900918299,1644.28808046
2857.01946714,89.9464700546,2381.60668182
-55.6421327693,38.570394947,115.808911665
365.095147973,35.1136018294,636.14914805
-57.7608167439,43.4322582529,92.7497856333
-54.345614725,41.4067978361,78.7877787668
338.193116568,31.4971477865,111.89931015
-54.2433632151,41.7143349898,163.340205423
-54.8385954816,40.7190282782,106.487079463
-55.4121834388,40.5131415188,163.832829861
-54.2817686566,41.7056820884,195.575305345
-54.3579832484,41.3797027644,73.279296768
-55.0531051602,40.5821643067,139.323996281
395.379967745,33.6217751573,1785.77692988
-56.8227912015,41.5885860118,22.0560997257
306.959069074,37.0700771512,188.62181061
315.821523745,32.9413503971,10.1385421401
-54.3431664104,41.4122718673,79.9305887609
-57.1640479481,42.0706009853,74.6724705237
-315.138978582,117.690002286,4147.16100289
359.423373849,34.1783941356,1066.07915498
319.420172918,30.401383195,99.6301928464
6939.84121949,103.128913408,2064.77680691
-51.9994622626,29.6122042603,424.005456296
161.69477184,148.145871909,109.313613724
505.480111917,59.8318483797,3545.28106749
-54.8750482499,40.6901770469,113.034388288
334.53738373,30.6447150044,38.3889337124
324.130232099,29.9376146026,92.669538171
323.308654703,29.9520104585,97.1099797142
63.0835112935,126.992075448,2025.86041464
317.926166659,29.9461211965,160.778665333
338.117128383,30.8227303456,141.540194699
-54.2473788312,41.7352112257,178.205566992
-529.648072752,145.193937532,1050.12130679
328.032898263,30.4839591466,1381.36494059
-56.8528562279,41.6265484465,24.683405028
310.411175213,30.0611047167,290.555797801
319.328073859,30.423328152,99.1801031421
-53.2940184,36.958569553,369.102828042
159.847578791,149.678356765,114.841483028
-237.507425963,125.820965966,1976.44333941
-54.3421356153,41.4145880181,80.4170445288
316.887935839,31.3422633417,75.0646340756
-57.3388714421,42.3903066041,105.781062469
-55.6728346094,38.114493341,115.803661344
-56.2377341361,40.9565785381,97.2189592876
-56.1248653401,40.8580083465,113.810454971
290.805626987,56.2180057625,4315.77461116
317.49259525,31.1590850318,291.925768499
-362.599604058,126.677628096,4885.38811891
-54.538372673,41.0588249764,46.4392057013
-55.2902107973,40.5157420428,159.676547544
346.463584077,32.7906036474,242.941543989
307.893910669,38.0597725508,1765.3409727
-9.33488708301,101.808063079,2685.51884773
-54.3339782235,41.4331660384,84.3802149051
892.510301175,105.020302734,2411.89424276
-57.4375704959,42.6158172227,122.212016559
317.075854906,31.2376481668,78.165280892
-57.6348262832,43.2122240652,128.975737971
-54.7086730141,40.8423054099,80.2975328347
-57.8541644852,43.4884250894,66.5103848832
306.517247254,32.0235395645,287.068386693
-57.6624579532,43.2837767784,122.477540096
-55.4951662869,40.5228994474,164.295647716
-57.7637821795,43.434873004,91.8512931592
-57.4389282898,42.6192532168,122.420883434
170.878431889,73.4220308391,3950.04583078
-50.0514813434,41.7839039665,217.961635319
449.193609338,40.7911465641,2550.31071181
317.4721938,32.9634080248,513.081920727
-204.806893744,126.970459439,4658.54731138
155.187461868,150.036453827,100.872158123
177.464408918,72.2674027245,3383.29663283
-57.7366928678,43.4079358539,100.169587744
-54.4640330554,41.1770620195,44.5312482659
314.07335188,41.5495625456,363.795717151
-55.309799109,40.5139305542,160.627590801
-54.6223976031,40.9434420496,61.5974289076
325.831801062,28.8866303162,242.716782375
31.7558728661,127.715989361,2566.04456684
-57.765627435,43.4364629299,91.2939871686
-654.422022752,95.6198756039,3361.11875955
-57.7514687438,43.4235080645,95.6036690866
-54.3377779235,41.4244564976,82.5088105328
2808.91193628,447.189793473,2711.48170092
194.112276216,106.294685502,3191.45061559
-54.4529743344,41.1961356359,45.8139011238
-168.993349029,95.553089415,2634.64456921
828.661869164,51.2284370143,1852.96069565
-420.219095945,103.856610705,1511.90931687
728.983685466,112.676841916,2529.66895336
-57.3177461512,42.347201698,102.080038944
163.822000154,144.928275055,762.154694218
-54.1540590027,37.0839090919,239.986106188
-54.8278443698,40.615934648,166.028427157
-354.837732842,47.8407536881,3090.77265096
-56.8203421812,41.5855223657,21.8914848314
-51.0132458884,39.679357191,308.003641582
326.734291258,30.0030616631,72.7130395497
309.335377242,36.1286535881,129.78714332
515.179497178,65.1595370447,3658.92628299
398.784045771,33.4884375692,1804.63277263
313.14590047,30.1492299415,1737.13108686
309.666892991,36.3585893343,111.440591265
-54.8023528878,40.7501331902,99.6034831386
154.429095408,151.403617794,392.649601996
-201.529697459,148.335527111,1335.53896237
308.083079391,33.1216704569,215.961862254
351.672940798,33.3536396113,253.17524727
-56.2772305024,40.9930980794,91.0972052447
314.494808821,33.3622161118,1171.63456453
310.967876359,36.627715513,43.1849600422
-55.3443379687,40.5120476005,162.038693978
-54.7264635084,40.823445238,84.1042864875
-57.3528186046,42.4196349003,108.202294806
108.495076198,121.847503259,1912.18648877
321.021137713,30.2211337893,1461.61352866
-57.8222897037,43.4741333042,74.9652136592
347.630134602,32.9388103848,250.244100102
481.520122516,50.3546994066,3165.47070021
-56.5514785218,41.2718016423,46.4460432627
-54.2899912303,41.6936989717,197.263525415
-57.4534408002,42.6566475073,124.605519529
-54.9134698536,40.4354718551,158.010880185
-202.602397462,149.765006601,2282.40162043
-193.875521983,130.06115398,2688.68828737
-57.4108634311,42.5502794794,117.97666162
-56.7647824535,41.5171187544,20.6567409771
-57.388214445,42.4975256828,114.235066095
-218.05631094,88.2084940067,2262.29900248
-104.749109725,82.7154186543,2110.40120185
49.4675565388,110.427278799,1483.28934401
340.45133726,31.1994641102,49.428803539
304.625362537,39.3017641727,474.582342601
97.9836750245,132.987544619,1039.88895787
-53.425289872,36.9516520639,350.547025151
-57.6248379998,43.1830489949,130.825950027
-58.3788528559,38.626617398,538.521382049
310.189091262,35.6399296591,1228.17116475
308.245845125,32.3698940552,234.789529803
431.570060044,36.7135832305,2200.83709909
950.542889859,138.273552914,6527.28440012
320.017511002,30.2753020114,101.877440523
-201.644513896,148.327517677,1211.42858774
-57.3455723363,42.4043073353,106.946855393
-55.3298548993,40.5126345417,161.48815035
-55.8251017413,40.646501975,148.498642301
337.542264168,52.0190189636,1955.9237289
-55.8781939442,40.677858078,143.574191617
306.31775361,33.1520279741,239.964758657
325.335385488,69.1315555006,3543.4891714
317.534499796,30.0180777547,160.6557308
-57.9320359164,43.5114798934,48.0263017096
-54.7033684865,40.8480564478,79.153309765
-55.5165708568,40.5268829727,164.111534222
149.777102457,149.545120726,7.21556755361
1599.80544591,145.340526715,1338.77467867
163.690282327,144.660184011,934.674928011
420.306740665,34.7458826076,1977.05580468
-569.437165935,149.244716718,1110.20509902
-57.7443380734,43.4162759471,97.7999841162
517.705143475,66.7372311325,3683.02719923
-54.8503584019,40.5686368117,163.89364789
-56.1018255808,40.8390200853,117.003367186
-54.2445633394,41.7307194096,173.1891241
697.355452269,30.8649370832,71.8674757441
-57.6168847599,43.1587899305,132.07877304
-57.3107716667,42.333298011,100.850940815
322.252490414,30.0026911498,101.201767442
-54.2992169012,41.5182361974,103.866180183
-55.008100655,40.604503986,133.580101578
-47.3996564509,26.8988805302,522.89897999
24.7081812009,119.326769028,2365.84479702
308.141470872,30.1275693234,353.030902936
146.095558654,145.644772863,1284.18755707
1985.45363629,133.534234517,4059.80410493
-54.5422461013,41.2090266672,192.767801723
338.907887566,31.4841020615,97.6442104027
302.910387088,73.7809274909,2184.57585402
142.912634318,149.50021941,226.809454114
-57.413715783,42.5571002151,118.43922371
-55.7928316484,40.6288788042,151.195998373
358.865736923,34.6015200667,534.564095977
-54.970216073,40.625857491,128.272219648
797.092248411,96.9182677133,1692.95713819
-57.1971914828,42.1257113996,80.5971315043
210.843059085,102.809209862,2020.48823319
-6.70425076782,75.2379907435,2492.98421962
-57.9156460864,43.5076447749,51.6733808889
-56.2497068547,40.9675433372,95.3782700486
332.022315154,30.6999293828,64.2734176427
-54.2476378465,41.7353920881,178.544696587
-57.3433729054,42.3996937925,106.564697526
23.040553171,118.398881341,2359.38454549
-53.5266091111,36.9549491058,335.560648912
-54.301166794,41.5131592527,102.640922014
-54.7624140309,40.7873008371,91.6139528205
-57.8221691079,43.474071648,74.998222007
304.740734578,40.370690953,1822.57571067
-20.9250048925,34.143874902,2652.07295139
310.182673232,28.9228998358,401.765424879
505.576263555,59.879242098,3546.59035803
-57.0586287569,41.907394458,56.0572156789
-57.3116499245,42.3350402353,101.00588487
-3.57933025533,104.301884383,2573.23759503
-55.6360101086,37.9513749004,115.780218147
-57.4449769763,42.6346884709,123.342428794
-54.7426481362,40.8068515658,87.5184833766
-54.3495147716,41.5917250054,202.238391136
-55.0050701529,40.2402367077,149.832530366
308.087089433,33.0793149788,217.030060206
513.234950321,150.901237852,236.89811945
-660.821601875,-218.810051812,4877.92830683
319.806638408,27.9783098288,388.684441763
311.232564447,28.6102725489,403.605916714
-159.815584353,107.723297025,1159.85517301
-57.4370227485,42.6144340711,122.127557848
115066.423816,128.297071729,5373.85069392
-55.3414498719,39.4816582653,125.624696869
307.069620537,34.1473645079,252.265145994
-57.7028321628,43.362275868,110.705677598
-57.7054396486,43.3663690024,109.900747342
-57.2328609858,42.1875024332,86.9812532597
-55.189876103,40.5336400325,153.074101881
320.239549526,30.678466097,78.6661904344
321.89628281,29.6013755193,147.829200146
1733.86328028,389.946207442,869.140246145
452.83935967,41.7213844303,2631.80493696
351.547598613,33.5455981735,335.001263377
-55.2527105984,39.691587603,130.908847013
-57.4375360036,42.6157300738,122.206701454
-56.4895097122,41.2052105889,56.5776929401
-1367.93932552,124.962926241,4090.93611809
331.724951731,30.4462654137,15.4930026309
239.29303077,-63.1803761483,3461.19307593
-57.7245442772,43.3933054481,103.954900453
365.192851761,35.1215756926,638.361716334
326.938232283,80.5701041311,2836.26767404
342.47079898,32.0863920041,163.48647351
511.662952104,149.118714476,49.5608437802
-70743.0210993,105.673019987,1497.00944497
-56.2088791219,40.9305401294,101.59689942
-57.6807215739,43.3229949153,117.367732144
-54.2531413962,41.7356406522,183.877749214
517.530268301,107.768167016,3067.60428723
311.087560275,29.4635353175,315.900218261
343.030360897,31.7148861295,14.7136389126
1609.8693321,131.855183444,2818.33421591
-54.4152720791,37.16850058,203.340784717
-57.5937082332,43.0844085885,134.565886174
-57.6261341134,43.1869207967,130.60291907
-54.7967305084,40.6811468712,169.001480405
307.803834433,33.940111923,337.333160993
-651.589932077,96.9301979129,1359.77628718
-56.3751396134,41.087748233,75.4082885789
-57.5810730437,43.0426078792,135.210486844
2337.79903089,130.003669183,2981.98761355
316.277369754,31.767202246,61.4394406053
-57.0741550699,41.9304260012,58.7626689522
347.602894259,32.9343867582,249.658405679
1157.89924886,119.767906076,3496.97968467
307.438325796,32.9282813586,238.574664922
-55.5213886689,39.0058006208,118.051931326
-54.2645100553,41.7270543177,190.202905126
-57.5998920986,43.1046495973,134.071512109
273.255304051,23.2415141055,3083.66982404
161.114861965,148.70989937,87.6897533945
-57.7035964712,43.3634867132,110.470008917
-57.4382496479,42.6175345548,122.316577962
255.129734869,95.9292477598,2136.58832711
-51.341354013,39.076689507,352.956789364
1230.74552809,149.30936716,28.1773989167
-56.6724624886,41.4077647229,28.4028176917
-56.2078259106,40.9296002578,101.755064706
-57.6149454478,43.1527547228,132.353579214
65.3749608875,37.3288353273,1873.15055032
307.518492874,37.9337676038,196.585574414
309.080646231,36.9281510851,107.866417841
306.574305545,35.6185253326,169.889296008
125.663580015,142.018619671,171.905939876
314.628925825,29.8488824096,1717.83674974
-55.7154718622,40.5912633897,156.700924412
322.024626786,29.599092995,147.05054001
-54.6611223469,40.8960066121,69.9552650728
307.608207566,34.8396685693,188.321750462
308.089917696,33.052639223,217.702417558
-54.8948090358,37.3500859114,148.594422941
-56.1522922546,40.8811307642,109.917616516
-57.3675803311,42.4514886874,110.740481651
-12.6834039364,42.393181387,3763.95603494
312.78107648,32.3990159546,115.81472463
-56.7676957314,41.5206547931,20.5952157609
-57.1458662256,42.0412173163,71.4308744042
176.772436403,101.7045209,2928.66939949
307.183495405,35.740199577,107.727264111
407.795790344,33.527138868,1693.94668399
-56.0767598261,40.8188281944,120.392251394
-57.8466710265,43.4853949406,68.4498988017
326.678843831,47.5703052962,1015.48689226
325.3431519,30.7167356761,842.117817533
-54.0837379399,37.0632307274,250.385664209
-57.6924537445,43.3448912827,113.87682753
-2.96491285427,106.780579115,2541.18053905
-56.9167533197,41.7095409005,32.8566805343
-247.410663498,106.427838373,2665.02298504
-211.094563913,151.000540507,2322.89263406
-54.9658721698,40.324114114,153.271939001
-25.1385951693,101.857285487,1874.63654058
161.536284539,92.5314368179,2556.41778494
320.687100187,30.1642928291,103.057129815
-55.5943177329,37.8562087598,115.825824257
-57.6528502137,43.2605381889,124.937917471
-57.6171388942,43.1595775427,132.041862077
307.520216662,37.936067772,196.610917016
3038.37004627,509.103014075,43.8359765309
315.199141188,47.2374232967,877.144892576
-57.2978730468,42.3079876699,98.5702434257
330.24213562,31.2353280528,750.013855392
392.636679132,35.2714806325,1297.73264128
-57.8646927411,43.4923867025,63.8347572856
-57.1705553104,42.0812590943,75.8344166269
354.418352702,33.9920547672,412.709230055
283.686773505,51.6053769121,4346.8008783
-54.8723080432,40.6922626375,112.555668069
-56.4130264511,41.1258632406,69.1990979535
311.295377224,37.4695895083,1029.80133858
-56.5186975904,41.2363207773,51.7793009037
233.990275058,12.9737682918,3952.92440725
-57.552447688,42.9481281576,135.071758311
-54.7250497429,40.8308043523,175.903377906
-57.8220225219,43.4739966182,75.0383544931
325.463612339,30.0990393542,1395.09014286
325.691143363,78.1645733422,3012.58222289
314.553670599,28.03007653,414.13925865
-55.5886893423,38.7889927393,116.479175753
-55.6648149858,38.0613255395,115.802426213
-49.7935459013,42.621091926,262.470535705
-54.2896993954,41.5436860342,110.138026848
370.588955896,35.376667863,686.960825602
28.9325439157,35.3290204612,1049.77693061
309.558322953,34.4488836385,1387.0744458
91.1809693576,114.860745912,1567.82208
2319.29055719,148.257803726,197.411227509
321.195313203,32.6148464727,1471.44667017
-57.522522951,42.8531970458,133.112093118
-54.4925578197,41.3104893187,196.674517657
-51.1994877227,39.3323475341,333.977424023
-57.0642933144,41.9157610484,57.0422270872
327.529436475,29.8285819624,97.5666539262
-55.2016774013,37.4967491579,126.241120148
-54.2608311675,41.631067388,133.763359496
342.668633584,32.1397538804,1178.77780914
3116.18243134,449.28107604,1015.63239273
316.944874065,31.3095821932,76.0429069897
-54.9333346843,40.3933522968,156.19697063
-57.4404103065,42.6230155691,122.648040484
-50.4874192867,30.9162718156,2776.43291687
-50.3854855347,40.9659682657,227.810559956
327.666263843,29.7677251716,1387.77588523
457.389832181,121.256175004,4049.64982812
-149.610155396,-15.1166803664,1653.20573898
316.371215466,31.6903608763,64.0425420103
-55.3096956652,40.5139387003,160.622855816
2144.79820079,392.197494781,913.851949889
-55.1237053067,40.5535500604,147.113525409
248.724760653,56.4756904442,3995.78701412
437.504040934,37.8449309984,2328.35929734
504.1894287,59.2049655907,3527.43812145
-54.4812558572,41.1481649449,43.4077161637
-324.754636413,89.9659027876,2404.0716699
310.291502021,40.5121697917,248.630223167
327.064061527,29.7712888668,139.621329061
307.945754661,33.8791674418,358.377355598
149.516990934,150.829714809,216.266914515
-436.589234673,139.227362497,2420.69470864
-79.3187364108,80.6010498415,2119.28107812
14.6257958766,117.094034492,2424.98215098
306.650301388,33.0670902936,234.301493123
-52.8298844982,37.1163821521,420.269299165
328.941090483,30.4586099005,87.5264724577
-54.6603719898,37.256829689,172.871124008
-6.70734454306,33.4712856848,192.004890801
-49.6985710953,43.1755948241,319.18631754
312.501884483,30.7625341265,253.914005658
320.012701092,30.3272913818,1465.83721376
308.113209603,33.9220966703,195.72197444
-55.6744566953,38.3534761654,115.720820747
306.586812918,33.8549958946,202.809719528
306.603363601,33.5647511289,213.964341016
-54.2537403745,41.7354046293,184.322109841
-51.2371238625,44.5555673015,628.13740254
-54.6698454965,40.8857878488,71.8599041203
-57.2994280218,42.3110119061,98.8456627515
335.896377164,31.0110622971,46.5929915051
-57.2049636579,42.138945063,81.9881075569
-54.8828555847,42.6924871938,653.364951361
-917.560880918,148.358118204,304.715264378
1334.43562077,143.420486787,5300.06048845
3759.11161013,148.329671291,112.325325994
316.361913351,30.3353993482,1497.89655022
503.919968993,59.0762334391,3523.65256746
-56.9915267946,41.8111995749,44.6316920133
140.035244794,58.854922815,3120.94322843
-57.6072280936,43.1283414692,133.326223955
329.179546679,53.0757819396,3240.80223656
301.126689746,43.5373273342,1791.09582609
-57.6915114066,43.3432229332,114.161490812
-50.6625918967,40.3714190385,259.341128193
2213.42103051,248.194299637,15181.6333934
-57.7066812937,43.3682809072,109.516584931
164.735003363,149.352225784,1049.74588763
2319.00573888,148.520597395,223.363425044
325.360703376,74.82677749,3210.14333739
339.627112407,31.3085826248,1145.25348598
903.936130312,87.1686902535,1183.00096845
225.890470394,103.177273911,3172.65907356
-57.9688306224,43.5187292454,40.2762440738
-249.874307093,114.551036671,3964.95437643
-54.6664205989,40.8897799167,71.1119476012
-53.7079180003,36.9760942769,307.89450888
-53.6912611676,36.9734475802,310.46215815
148.199389006,150.760511364,239.41527861
-13.2700321703,32.3351004047,39.8542944565
-57.578212973,43.0331096217,135.291519903
312.331354182,33.4945396071,89.6687077021
-57.2339381909,42.1894121053,87.1739830314
-54.2462299108,41.7340674161,176.522007154
-54.7626575838,37.2962612248,161.614216129
-56.3787882109,41.0913836789,74.8127883047
327.549722216,30.0513601885,64.8984686715
309.289397957,32.2523334398,1754.89549399
-31.0298141625,75.9690445556,2311.97581059
307.511043017,32.6479577259,245.006271504
-54.2439495366,41.7071882342,160.048047506
-6.31334795389,74.714307081,2503.0031461
326.40934711,79.394010742,2923.07677413
-54.3728311706,41.3483139261,67.2340918947
318.956044707,42.9270837189,967.468160929
-54.2857491436,41.5546152114,112.901908209
510.655957191,62.530002327,3611.14445039
-55.3892725538,39.3635024868,123.175802013
-54.5195161376,41.087269361,44.4480629381
-57.3816844614,42.4827573062,113.136825513
163.827624354,144.806828212,794.52590292
-57.8372836246,43.4813278644,70.9212418342
-55.1345006663,39.958480507,139.263853152
-55.5370671187,37.7673735547,116.146220291
-57.8691067611,43.4939523159,62.729990562
309.398882633,40.6590300992,274.444516811
280.163828863,-8.75547464361,1920.22386859
342.592484913,32.2029423878,188.563013969
308.813231792,36.6476455014,117.970444144
-148.127433683,85.4506039084,2190.15729159
-56.0026031362,40.7620824139,129.855327989
304.639035724,37.7032132303,346.950095584
-55.7456575917,40.6051464172,154.718211814
-57.105087447,41.9772808133,64.198069817
-54.6124810012,37.2389213137,178.460251617
187.310019165,137.174482383,2063.59491207
-55.7451066782,40.6048838196,154.756318847
-57.2072791756,42.1429117014,82.4025645908
245.957663037,57.0383518249,3966.91126453
335.495308568,54.0151732721,2243.73111733
-55.3403828466,39.4842484116,125.682654859
-54.2544932269,41.7350595566,184.855799515
-57.5687863969,43.0018316112,135.400834015
-57.6537237552,43.2627253733,124.722116897
-57.5969786961,43.0951389566,134.319501482
310.964055118,36.6284399499,43.0824125614
-57.8226326222,43.474308278,74.8713953348
42.7488504793,109.7196349,1470.13892534
-55.1404011047,40.5479049262,148.739119133
-54.542857816,42.9534569133,659.280327138
353.752985176,33.9938843411,427.419806698
286.068052189,84.6673575812,2197.61091687
293.95076249,55.1643025675,2428.76699546
-56.2639972131,40.9807514713,93.163869526
-1757.3985157,117.93249437,1971.63827814
308.420650704,34.9316351056,171.141289772
-54.5139635593,41.2668957656,195.056589637
-57.8408436237,43.482907355,69.9785616935
-50.3247175919,44.5050438164,553.42177924
318.988023799,31.2218751405,92.2105461683
-56.3471890314,41.0601510539,79.9484736461
1659.96678744,105.584158108,5141.07176234
-54.9726245545,37.3837597908,141.821803526
313.01079019,-8.85059719876,1750.303188
-57.3456272983,42.4044228528,106.956398877
394.409190272,35.1169927498,1333.52727787
-476.158048453,144.227129246,2022.37707469
-54.4712079347,41.1649064278,43.9345403677
-55.5988642268,40.5476388525,162.272217696
327.485294874,30.0471355971,65.5402139919
45.7778067928,128.874910022,1789.41242604
-326.402519457,-352.812942622,2460.03533423
-54.761009189,40.7886647584,91.3257737389
-55.3084471268,37.5614719923,121.380554499
338.488851258,31.4158946844,90.2680986234
313.831506778,28.9586403434,347.967143367
185.82548043,104.32772052,3068.27885787
-56.0601420178,41.6474847512,624.94394563
-54.6895012008,40.9047577944,179.320108333
380.358749879,121.723233743,2463.68400902
-70.0002464809,79.5546240101,2164.03784459
-196.495086848,148.156693665,17.6191770884
-57.4787164637,42.7248656664,128.153573989
333.602585009,30.6843617782,11.0770858633
-57.1280151047,29.4681473074,495.088691139
307.840385732,-7.93006780238,1287.53634509
306.571055618,35.5225839699,169.294905325
1233.4508236,148.432239126,152.306672845
-54.6054699221,41.0788702954,187.215615848
2029.58098077,141.81724407,6634.05031226
-56.3345044152,41.0477761548,81.9946474347
342.608435005,31.9506746219,1083.52716446
-307.630426237,79.5684298603,3136.26957583
-57.3802956174,42.4796405285,112.902272516
-54.8250962141,40.6217014446,166.290050006
147.10695579,150.568218048,235.997201891
-55.9147944485,40.7011202332,139.842931744
-55.605146983,40.5495717011,162.059223978
316.83593665,31.3729184894,74.1388472926
-11.1841132851,111.854236835,1901.78996105
312.960676043,41.6456006339,304.912803747
-55.3620893977,37.5989762166,119.532189306
-54.8536785818,40.7067987099,109.242847933
-57.5095327128,42.8137681935,131.847669092
321.485166233,30.6259401911,67.5274274328
156.558384146,151.186385774,325.817182437
-57.5030024108,42.7943845847,131.13846426
34.8678068054,34.8983805456,1203.21589167
-55.3271467818,40.5127766927,161.378617606
-57.778744283,43.4469970039,87.3746779087
-54.4015713217,41.2906567659,57.2844926281
308.12691516,32.6569602336,1771.07139539
-54.2683618852,41.7228923265,191.698789854
326.208344913,31.1748764467,554.778511229
-54.2975882254,41.5225105678,104.904251794
138.127324381,147.657824085,166.455377459
306.601119479,35.9849172095,174.374585212
472.256532766,47.4896331465,3013.6870645
-57.5165393934,42.8348924972,132.55554456
-14.0151778078,32.1924945027,22.6723280298
-57.6909849411,43.3422841452,114.320244457
-54.2261442781,37.106123196,229.531815691
-54.6258408646,40.9390844111,62.3277481765
324.10646738,63.1660864447,3889.65138797
316.426779771,26.001526397,1944.46962747
1987.32572869,139.401863902,4015.04207963
-54.3571990362,41.5774482441,202.351510058
-54.4753844949,41.1579081559,43.6721323926
314.716220191,27.9998018095,421.366647722
306.567888829,35.380500546,168.972713593
-11.3874434756,-9.65728023699,3620.77051731
3036.48368925,510.038127337,222.984181671
-210.037757658,150.654575672,2270.19551906
1177.89580723,84.5978079994,972.536093713
-54.5084310851,37.2011136294,191.236874295
-56.1928546958,40.9163218293,103.990354379
-54.7360629062,40.8135390424,86.1354817179
318.84430301,29.4854095953,1646.33388548
-55.9984836082,40.7590667726,130.354699247
-81.6923708799,89.4674749528,2675.20640613
-65.9625058644,54.1619931996,1524.67958508
-56.559196069,41.2802380901,45.2037949938
-56.4047483652,41.1174668146,70.5601010127
308.216801229,34.3830052717,184.249457506
-57.6293113746,43.1963069581,130.03435957
335.899540108,31.3267857201,1118.72602781
-56.7319759103,41.4776689656,22.2588292543
-57.5686109016,43.0012504906,135.40066733
307.852802735,-7.86273322731,1274.46333788
337.878253457,30.7745152819,147.633527217
-55.8968924328,40.689578382,141.701269645
225.47388184,44.1066645702,6090.35571427
1704.2450191,29.0305585415,2836.86455042
118.579498867,50.5439737067,2823.74088541
316.22570679,31.8120737178,59.8857006262
-57.7847818163,43.451427276,85.597151902
-56.2032016371,40.9254825196,102.448103672
-57.6906686189,43.3417177578,114.415530493
163.87159979,145.24768931,714.36093305
-57.3407612756,42.3942386417,106.110291704
324.479011688,29.9372340388,90.4891801715
318.556511427,31.4367788415,92.9577952653
-57.1996779545,42.1299317248,81.0420960162
318.852148794,30.5094541648,1462.89765319
-50.5209893147,44.5583206607,575.865824001
-55.5870714313,38.7947254775,116.507895513
88.388285564,42.5021386537,2326.35903407
307.987308962,48.0248471902,1328.65550535
350.34256729,33.2775808238,1138.25441847
-57.4194740891,42.5709965384,119.366230583
-54.8858564705,40.6820810492,114.90103846
-54.2880916477,41.5481058869,111.250412777
308.179492911,32.5824053979,229.496939494
319.356041038,31.0586764607,90.4756275224
384.786457313,35.5617162288,1026.61667233
-224.92820999,114.615385052,2468.00266031
322.920187921,30.8221767651,209.819032662
1991.14014128,159.59722992,4124.45249413
321.577873606,30.390815604,75.9407802958
-55.5722463874,38.8457708282,116.792599913
-57.4152134903,42.5606981685,118.681228182
321.48173755,29.6118311262,150.208402845
-54.841934997,40.5863443292,164.690481668
306.596095467,33.6783139914,209.515869995
-56.4932209199,41.2091409929,55.965996364
-58.4383699689,38.5185857166,535.790205224
417.207519807,31.5622561664,2157.94715962
1948.57074445,141.526817146,2393.62245567
-503.009283651,145.141757151,1385.01137313
-358.233642088,90.213002838,2421.31830666
274.406119293,39.6780557272,1580.27393082
316.416401505,34.0842494076,411.507475812
-56.0036045787,40.7628177427,129.733495808
310.995108615,29.7653729722,297.134440847
-55.6034816619,37.8739496185,115.804082963
317.453280453,29.0013713045,290.934368948
324.975630079,29.9420357064,87.1033987332
-57.6814948467,43.3245150725,117.141678109
-54.5464336029,41.0469653078,47.5184108146
316.150297729,34.3559636993,376.91106241
-56.9816369197,41.7974420272,42.9989919926
388.657314698,34.6585253427,1489.28232406
317.949244519,37.6559484326,1261.41139801
-582.42287397,148.712877636,429.439256167
303.3095375,31.3877920183,2194.97148648
-55.4762447204,37.697321839,116.88527686
350.465937544,33.1663565938,228.203478187
317.491114223,30.0266101823,160.623109262
2030.14415514,162.077165095,8375.75165542
485.664915585,142.680901008,262.903358605
-57.5386390324,42.903664661,134.356767117
309.130646995,32.4765689933,1753.19031277
312.862865101,32.2885376383,118.36574208
-57.4500562595,42.6478151775,124.104330751
-57.2364579526,42.1938896396,87.6247672635
-55.483875222,40.5210378393,164.343048098
-56.941694978,41.7428669975,36.6130755647
319.462138465,29.4718315287,1634.35551631
322.555310521,51.1213662296,1337.46509561
309.176370115,-10.1131184075,2067.97903887
-54.8492101094,37.3310895489,152.879602228
-55.1807700679,39.8553731246,135.829584378
307.460321866,34.3768231274,202.442735606
583.73975023,77.8306413123,1356.63194258
308.601562474,-7.95340102243,1334.86277594
-57.1266367985,42.0107429269,68.0125665565
-30.4561213848,92.4366614631,1822.82495357
310.887439989,36.6408946933,41.9826719962
308.986023412,35.7993143664,146.618243821
138.273295494,147.264168357,205.478944196
-54.4312606222,41.4338674263,200.516148517
-56.7490817682,41.4981547653,21.2229428464
456.376186113,42.7573075845,2704.33925108
324.291626364,29.9370384751,91.6814676636
-57.5341243666,42.8893616871,134.048813051
346.730714108,32.8382478779,248.43838805
-53.9002853235,37.0149563983,278.210053515
-53.8768070074,37.0094836379,281.820645131
-275.309421262,108.891554267,2546.95792911
316.090194644,31.9406046525,55.2811264386
317.138669242,32.3585246052,80.194767396
341.248145023,31.7784652282,1183.21265646
-57.706365025,43.3677961644,109.614486763
312.62069829,34.8089505344,54.7873023935
358.146961877,34.039079323,1123.93585176
370.059367373,35.4756737553,761.097799081
305.845481425,34.2939607284,207.40029744
308.074176994,33.5369539374,205.458322812
174.657388984,134.041740756,1978.5918697
337.935014123,31.981851856,1401.89186452
157.453043324,150.840213562,255.080613713
-57.0383940375,41.877834797,52.5602998381
2318.92208558,148.56177623,51.8539577494
302.154275067,34.6276266003,556.416214311
308.09076971,33.0450107294,217.894633705
87.5294204017,129.135597964,1326.49409032
-1276.29984357,129.74139007,1605.53665358
310.441399736,85.1826745554,2503.93414719
321.26554397,28.0763627399,375.164768591
313.410291029,33.4929755953,440.879588935
73.3533128034,-25.1588807866,7097.21570709
311.331864823,36.5110616999,70.361449566
-57.6007165707,43.1073316386,133.996411109
308.413258863,34.915362472,171.522718622
-53.0420340262,43.9052613344,669.760420042
376.306814724,35.7071510223,904.874137135
-8.87531005256,33.1204862197,141.59704813
19.259312459,35.5788916248,808.536039467
-57.0374983962,41.8765379142,52.4063790695
12759.8540306,2305.45649961,1366.14296089
-59.5528488033,33.4975341177,464.940366473
308.213092872,34.3701685265,184.564109313
-56.8796842613,41.6609955613,27.7851898257
-55.380488143,40.5118474297,163.154953817
2678.97356154,146.376047259,775.095122415
313.444785252,33.3937347977,444.602595897
-55.7315568728,40.5985326695,155.671184971
-54.2446230822,41.7016495005,157.687534295
308.800523858,31.3784848111,259.197065302
475.723767142,48.5163182959,3073.62365436
-54.2560255128,41.6483488427,138.99619938
317.97757636,31.243599408,350.169376817
-55.1983897204,40.5315525478,153.747710488
-196.499940484,148.157917929,19.6986219132
-55.6791293241,38.27603803,115.751488111
319.515429279,29.7347640949,158.429422097
-54.5934368117,40.9812119203,55.6576071007
318.017726968,29.3154604521,1422.18276251
161.637794666,148.23371303,44.2796618848
314.329634918,33.9988428389,1088.60918369
154.986485618,150.131927334,110.648959247
-4244.08658575,61.7748693095,4073.48858108
-57.2359105633,42.1929156917,87.5268449161
4476.98875538,146.499200121,1650.84210282
-56.7930378755,41.551647352,20.6579709715
-54.2491686755,41.6765193767,148.224398319
308.045827222,37.8222469223,72.3604684123
311.309841645,36.520930689,67.9497650019
-53.8361246143,37.0004428174,288.091833226
-54.2470603122,41.686871887,151.930577229
336.767350374,31.0605746036,1189.46346155
2697.98313818,74.5011487368,2878.5494749
312.891975823,45.1926992778,673.849765996
1330.47540139,96.385416143,895.155819071
-55.8375831471,40.6536129265,147.394503733
-57.4413763728,42.6254748758,122.795646247
308.424585047,34.9402168201,170.940152326
308.071294214,33.3625842092,209.873458845
258.269485637,54.6973659411,4097.5607054
-717.574350865,135.494189662,5866.38017042
439.348010882,38.2560573292,2364.66093421
-54.2773543724,41.7117238434,194.480848789
312.066919456,29.1384689707,321.608166919
-54.4215778307,41.2526559174,51.7934927822
-57.3726284747,42.462583814,111.601717317
-57.5779469213,43.0322259657,135.297891757
306.59269173,35.9052781677,173.172897606
-57.2361254344,42.1932979199,87.5652835175
-1040.63853295,90.5088466832,2398.04957612
-56.7985674309,41.5584664201,20.8137138863
-54.9399588555,40.6446248486,123.722168315
-57.6882212807,43.3372762604,115.15009753
324.272010432,29.9370712702,91.803495197
-55.8073424132,40.6366661759,150.011459498
-54.8632617091,40.6992432502,110.959624611
443.397668227,84.0953684218,820.233973623
-52.2767269996,37.6301209171,434.539301003
1729.61224727,73.8280256016,3466.90087668
-57.5009774951,42.7884339528,130.909597742
-55.4705262561,39.1506763368,119.722603752
-55.6831035913,40.5775376545,158.584864127
-56.9235775101,41.7186043076,33.862093594
2292.61842135,208.810257419,2540.35398999
-576.728631821,150.532862543,202.368943622
-54.2672059373,41.7241882225,191.272916254
-50.5565286916,44.5646087941,579.422653067
308.332395638,34.7230123119,176.052741298
57.9970482955,36.080648946,1727.99228973
-54.3977269174,41.4999393285,201.874829371
-57.2754949523,42.2652453546,94.5948487058
-52.9332216698,37.060582641,411.453459232
419.410963285,34.7010710352,1948.40468952
1249.07142775,150.589256677,2572.21700993
309.726296181,36.3924696862,107.903317729
306.574115174,34.2153526473,190.236101418
317.898195659,32.4734458455,524.065343047
-55.4338485038,40.5148065607,164.135803839
-56.5066217349,84.7660285256,2655.14148055
308.179497968,32.5823868818,229.497401659
-54.2405594196,37.1106780265,227.46923916
-56.3890516757,28.9625899288,502.966638669
38.1282045138,34.5738064081,1289.61114624
-51.8999271498,44.395014526,653.565097513
320.293936841,50.2948329319,1226.58147486
2522.44967797,394.782751174,522.881074506
-54.1733424224,37.08975603,237.167654958
-57.3517712425,42.4174072103,108.021193553
353.406590735,33.8115841843,375.552005448
-55.0046136051,40.6063711645,133.109620466
691.636181775,78.2542578664,3126.20127962
-10748.0667628,113.592650058,4046.43542142
334.187872166,30.7643572464,19.8357661624
-57.5258836888,42.8635832375,133.403667663
-12.2022653888,97.9369475235,2798.69482086
-54.5908344443,37.2309339047,181.048844282
-54.5621927452,41.0242829273,49.9447987337
-57.6671021272,43.2943618863,121.225838239
-55.1700812364,39.8793301437,136.605090488
-53.5319719217,36.9553098174,334.755150058
309.26093742,36.0667512568,133.584639765
316.720535506,29.5996749763,1684.86916937
-57.1817788919,42.0998244682,77.8401767005
340.01647917,31.1115848529,59.1550275123
344.184739851,40.2043798577,2206.35549502
0.777695486864,76.9339878498,3074.64850083
-357.912112813,106.604790076,2699.82601456
-57.6409173213,43.2292113588,127.705521784
-211.637385133,137.107882436,2242.82410102
309.635885842,36.3400541248,113.256859182
313.354839547,38.2132604888,375.880153764
-57.4597751388,42.6733650268,125.528502865
153.849608594,150.472040927,144.288117406
-57.7531878813,43.4251774327,95.076521889
-56.3954738176,41.1081049508,72.0823253104
-194.834970856,148.032766942,1264.61381114
-55.9075275804,40.6963976542,140.604869178
420.821421856,34.8198626567,1988.05382252
152.56764936,126.80095389,1803.34432915
321.084401605,28.0508482299,381.729929005
307.156041009,37.4082576687,191.517076487
-51.6011258995,44.4812742865,644.029753436
-55.5861057365,38.798130886,116.525260508
-56.1471685647,40.876769207,110.652168171
311.383673519,36.4863302383,76.3154741771
-54.3708555362,41.5517023917,202.372580995
315.760985549,30.4788128301,155.731662637
39.560011551,34.4118399309,1328.06534852
-54.5025636565,41.1137095045,43.4311050246
-57.6807201011,43.3229920093,117.368162083
-222.785502902,121.356039856,2291.65202872
-56.8056697703,41.567255453,21.0858151
-55.306926541,40.5141623581,160.494970606
101.610220363,87.7944709145,1725.04238581
-54.2470036917,41.7349040958,177.690708284
336.700328665,30.6415344025,62.8470550119
-57.0034356196,41.827901579,46.6188233274
-54.7247274221,40.8314756531,175.934434308
336.652895339,30.4496237628,128.393181987
-53.6276388017,36.9645741582,320.234168198
-339.943630183,108.905035059,1622.20538866
2319.37153708,148.174726379,158.386929757
307.818474549,37.2442751775,54.9187798019
-57.8768158416,43.4965614383,60.8243474456
-57.5596006636,42.9715235273,135.291074533
361.945506943,34.6927372128,486.726009275
-54.5488122819,41.1955549034,192.215957816
156.678157469,151.069435826,297.509752311
-54.9759603596,37.3852435691,141.547295016
-54.8868318344,40.4917909405,160.473317809
-55.4657494021,37.6868165703,117.058119857
523.727129412,70.9264094715,3710.25561879
-6711.23619051,144.973791049,220.859446131
-54.8612567358,40.7008102849,110.60265061
