-55.4010550519,37.6291575509,118.435341835
336.689994039,68.7646597356,824.187731203
-52.308229455,37.5918928209,435.245825377
-51.6864248103,44.4587717647,647.040131612
-41.9516809168,27.1078136623,485.909357458
308.470884656,36.4382314979,1735.93686785
318.526986901,29.2996280486,1428.40804311
1376.15521106,182.253253374,4113.20231947
292.323471713,88.6577782048,2286.7097862
-55.2597608403,37.5305822485,123.401662332
-59.380173164,32.6649210236,465.280186038
-52.5747357078,27.4876573813,526.384173786
306.066410121,34.2429755966,208.038657405
2061.00857172,345.791368786,2978.46361902
-52.2160231877,37.7063830241,432.696274139
-55.6267494078,37.9263704034,115.779527982
-55.6454285256,37.9804636015,115.785520737
259.751833066,94.7203595839,2146.79825862
308.491901003,36.0333144171,1733.30278837
27.0047393527,35.4238085994,1000.90124142
167.119157175,131.219173744,1904.09460172
85.3587177904,41.7338175647,2265.97412019
8.14096214796,35.1658419681,540.834352585
-59.3097992487,32.4358922874,465.970830336
197.380564499,68.4342269042,3556.07878528
157.056003868,68.3854302474,3244.72283966
275.010053296,91.9632460976,2117.88416833
306.050547729,34.2453655757,207.926357179
-54.5429956042,37.2135102957,186.90090208
-918.069538961,90.0732745014,1291.62338495
-50.3477307309,44.5131451501,556.33327261
1327.79956515,143.161096696,5626.5285066
138.261862178,58.034588908,3100.44605235
250.584915148,97.0014622494,2126.65983407
503.026662254,86.7958942657,878.583599819
-52.0431675711,37.9405972683,424.191453039
-55.2095196874,37.501152817,125.830649577
-51.3310856581,44.5400336957,632.757954717
-55.4828511091,37.7041361324,116.783505197
-54.1704020768,37.0888598301,237.59642351
-52.5412645021,37.3407432138,434.862879926
-54.8657423596,37.3379203548,151.299854428
165.060319228,149.659750909,1136.24075272
-610.663319887,-168.798348332,1444.25110535
-54.9864437969,37.389930352,140.69328868
-54.3156872195,37.1349734931,216.886905479
-55.6753733207,38.1384001073,115.800644285
48.3776178265,34.7583225377,1531.6035805
-55.6563147906,38.0209751778,115.795177033
-55.4439368978,42.2231986703,641.269997351
309.903336417,32.3739112125,750.261185866
-54.5833359805,37.2281821985,181.954317264
-54.6445211946,37.2508655771,174.699514725
-17.4902110732,76.7133378773,1892.23910745
-59.5567465509,35.1848671154,475.092690688
309.497917857,34.3330256577,1404.59927972
-51.8510225681,38.2261263648,409.746773263
94.2442842648,115.18275236,1590.31936188
305.331871583,40.0072092801,1817.52281292
-54.7736848231,37.3006178698,160.459428129
-52.2275842855,37.6916023425,433.095296658
3571.90709436,94.7939561658,1054.12856763
289.591062422,82.7435842675,2200.53865032
186.310130167,70.7346309043,3466.49830343
-50.0473130236,41.7952908069,218.188786848
-9.76143130115,32.9699993772,121.032045277
24.6537926771,35.5091968423,941.870590443
163.782770149,144.733764755,830.886906479
163.812464872,144.754077268,816.918114543
142.756745904,144.700613576,1208.64171456
335.98504158,52.2652178311,1842.1978719
-55.6739034012,38.1238533545,115.802742984
-57.2730127435,40.2850790773,584.484098542
310.160495379,68.3446562193,2158.14839815
-51.5329880782,38.7435327072,376.802439187
187.028363097,70.5971001525,3472.72402921
-56.4021274294,41.2973574671,614.613765504
-3.36599046103,33.9622292113,269.939360846
-49.6946268673,43.2219396842,324.770134677
-51.381704536,39.0053497075,358.170677947
-55.2068193703,37.4996311619,125.971034945
317.33424493,55.8967790288,4280.14198319
137.631789136,143.081265044,1136.92507785
81.337687389,113.528970917,1554.35163325
108.024262116,47.4094323131,2655.23255204
-51.5653986668,38.6886540385,380.579969631
-19.2781786017,31.1134136247,97.9113259661
-51.8966326791,38.156242699,413.601971302
-53.2857821193,36.9594730813,370.225601438
247.182525586,-15.4697104363,3140.11147084
-53.897017047,37.0141838038,278.712209095
173.307253416,72.8747412265,3339.36657883
-55.6649914054,38.0622893061,115.80254158
302.705586495,41.8039744932,1822.1367689
7.14191056309,121.274053678,1986.65257386
-49.7023596314,43.6675609388,385.028479589
181.144427956,71.667559565,3419.48396508
-54.2665432289,37.1189773388,223.776706707
306.683075379,34.194456593,225.401838086
330.332901587,56.6921566629,2200.60166176
-28.9867863715,29.1182118645,298.162177177
-50.0743545166,41.7221361907,216.916819301
282.359103069,86.5092887808,2192.71663501
-55.4121991945,37.638344372,118.159077911
128.022742063,-64.4727130286,5040.90449331
331.248397786,52.0418786989,3184.77618371
54.2175193478,35.5207497336,1651.98144219
306.784001373,34.1853064614,231.15565128
-55.0445004082,37.416592166,136.207230643
258.516097573,54.655085673,4100.20604435
-57.9690812275,30.2221093733,484.589100801
-50.8396730187,40.0150254327,283.49654962
308.659135335,33.0417019197,1653.91657558
-55.5569599127,37.7948678495,115.996499957
-55.6325169401,37.9415845144,115.779364045
-55.5678567597,37.8112624814,115.932347822
101.600672656,116.329201692,1595.49847137
159.46029509,69.9957044694,3249.41928888
333.028560038,30.3774290216,1294.65466201
326.709849342,80.0224026085,2876.83353208
-50.0777958253,41.7129437548,216.788302177
-55.6493317798,37.9939561709,115.788712884
147.68698885,62.7458067004,3194.79444251
-55.2247770493,37.5098597153,125.0562462
138.977616396,123.905112742,1765.87465645
-49.6880894551,43.49199174,359.830627296
-54.3128617006,37.1340435493,217.279560802
-54.0950163735,37.0664758582,248.705701991
266.198390839,7.65692484718,2812.66168411
3.28460793431,34.7521876721,425.962910887
-55.6787536871,38.2864760619,115.746835459
147.477737037,126.212065833,1811.05897551
-54.9234343975,37.3622752101,146.02201097
84.3622650636,41.4801460768,2245.65256365
-54.1108584143,37.0710813498,246.353446742
-54.95987693,37.3781221994,142.883034868
-49.7645862133,43.9362867558,427.841016489
-51.6701424126,38.5144427298,392.189689253
1409.78159909,200.92455502,3371.92813217
1845.37682958,330.294260222,2214.96038955
-55.4145535878,37.6403204308,118.102819531
-58.8869141266,37.5966692806,514.189388873
-53.257524454,36.9630243339,374.034021002
-51.5354064751,38.7394225061,377.087135234
151.170276873,64.7186668639,3218.29779752
-53.3427101548,36.954399856,362.355869672
301.567910609,50.0895965185,1560.45857557
51.8732194356,35.1999498377,1604.1146858
325.628312455,78.0701842141,3019.39873963
322.45122696,60.7679301255,2155.94517923
170.873869434,133.004963012,1953.9147495
-39.4886400689,27.3698163161,459.852558491
211.00740888,102.794165615,2019.5749044
15255.5665451,210.026853091,8118.88464659
-2707.82874763,98.0276507857,1417.69156617
261.980087821,-2.89816300717,3198.8819056
-53.1559133495,36.9818841912,387.105867169
233.140467427,99.659278651,1944.38675275
309.1955032,33.777230716,1496.74922046
-52.9345151858,27.5745554111,525.25066478
-3.20356405695,33.9845228423,273.735199636
-53.4295746249,36.9516490599,349.923447776
301.522729791,50.0177694146,1563.41253491
154.664035528,148.553559433,1371.64609863
-53.1092806444,27.6197069021,524.626982283
261.166116685,54.2134869342,4128.58092576
2209.4346384,259.31077003,16454.6096518
1330.52885295,150.414218887,5712.93204295
-45.4988537107,26.9008184161,513.483480124
-58.435517535,38.5238249886,535.921760426
-51.7207476583,27.3112133809,528.292001248
158.682228545,69.4689339657,3248.42411713
-55.6232500511,37.9176460412,115.780669331
-55.6128595772,38.6985311866,116.107110831
219.711044814,9.37668213647,4250.96039196
-55.6432559247,38.5648232369,115.801096243
-57.902504175,39.4099762674,559.397063014
-56.2953406382,41.4092253883,617.933146269
-49.6932572755,43.240501505,327.041888527
101.797832661,45.7480132011,2552.73705566
-55.3919168046,37.6218198435,118.6742312
300.412464262,45.2121459399,1743.4285685
309.414126806,34.1739136294,1429.50106128
-51.1514303573,27.2144964643,528.977364514
164.436912903,148.198151474,896.960919401
-55.6072536168,37.8816618126,115.797227356
307.347530276,55.7841614833,1317.42209357
-57.1191171812,40.4784665998,590.197187292
-53.9408557569,37.0248252292,271.990916473
-55.3940522564,37.6235193602,118.617406421
164.680996045,149.916079543,1140.48854497
-58.0587698052,30.3185758501,483.37515651
-54.8175737748,37.3181849087,155.98337382
-54.5820226204,37.2277010324,182.113370216
-50.3006756507,44.495968663,550.287941768
-49.6869148865,43.395730641,346.83431196
-55.6232384841,38.656132095,115.981360881
325.070038283,49.8144412224,1046.31601265
-55.4673466484,37.6883910156,117.030925791
-49.8664892295,44.1476480397,466.274160013
-57.3484472013,40.1876528866,581.623580052
-53.6399617793,36.9661337964,318.346856673
-53.8958155265,37.0139006387,278.89685594
306.445164474,39.3097458316,1801.91709917
163.869615582,145.216182032,717.057463717
-54.9017994718,28.2154148911,515.280404425
2052.71450603,368.828741247,4962.87369632
235.995281325,59.2089012236,3867.46275629
-52.2829513283,44.256712892,662.133840997
282.902170157,51.6543222063,4340.54358081
181.821426605,71.5511546287,3425.88494553
1854.27630795,128.769791134,1625.05443191
102.050647712,133.802035438,1005.04137259
189.764044306,137.614058004,2077.10123908
-57.4478496302,29.7273977401,491.289034532
-44.851443283,26.9206367043,509.39056991
-8.25508550763,33.223383305,156.004724025
-55.2258583926,37.5104840454,125.002575806
128.091058698,53.8357869652,2966.21419551
325.364831613,74.2430575375,3244.11168917
-51.2329675249,39.2713403243,338.536592439
-158.12815453,92.1900279707,2372.19710492
-53.7616213799,36.985472646,299.601856028
-54.1873276573,37.094041134,235.133290467
-58.0873391394,39.1212568922,551.497825899
308.840252958,33.3299659075,519.223773507
-54.8804030264,37.3440308695,149.923689372
-59.6065089314,34.1877478547,467.319326758
301.797749585,42.6698760279,1809.7127333
-52.5912120285,-53.046006562,9399.25072348
335.212501267,30.6720157518,1262.03422638
327.255370169,29.7279357297,1393.45757617
-49.9846806489,44.2940281442,496.733643778
44.7379015,34.3437237019,1454.56024515
-50.074319319,44.3713929883,514.912517102
163.756001293,144.672593392,880.372806195
13.53919371,35.4598918146,669.823289738
-55.1616721279,37.4749780233,128.465533816
326.985807698,80.6941162348,2827.04972338
-55.4437358113,37.6659347361,117.46586514
-55.6641598099,38.0578022575,115.801978061
-1875.59297554,96.9151774777,1116.25646956
-58.5690092037,38.2714310612,529.691703316
-54.0619293395,37.0570376502,253.646122091
326.369714203,54.562545055,2897.79098545
298.516727183,51.5139783268,4426.70807815
-54.0133523275,37.0436517911,260.960863801
314.007638854,29.8389833712,1294.06396321
-55.6758259356,38.1433982336,115.799739226
1048.91238261,205.771530852,11008.7510642
-17.7443273307,31.4403548627,62.9289778407
304.73089674,52.1262074266,4426.43268353
223.755657965,101.176910867,1962.7344231
-55.6590640494,38.4770982462,115.723433748
-55.6727927702,38.1141436034,115.803689006
334.934845515,52.3383105549,1765.38566848
-55.4982230104,37.7206524897,116.567402904
-51.9151430913,38.1282361938,415.094341289
-54.7650693209,37.2972121723,161.360639888
-55.5737136604,37.8205318472,115.90289025
-28.4427268203,87.3183163362,1852.74067593
186.771074581,70.6465758829,3470.50186233
357.630533952,74.00448929,727.595307817
210.0216494,65.4673572892,3650.09252249
-54.8328991057,37.3244096154,154.466740202
76.7422456948,39.6554557695,2093.98686875
-53.8370884731,37.0006502675,287.943083107
-41.36912177,27.1622340498,480.230012696
-49.6917888502,43.5624861234,369.709960703
292.932581414,54.7715527707,2392.63650612
-53.1466985011,36.9840897902,388.238107683
-49.7189923775,43.7680614856,400.386983405
17.6417770155,35.5653914155,769.061522091
303.639344184,41.0924670257,1826.08471885
-54.7858510987,37.3054504898,159.199256255
-51.5868054546,38.6526535644,383.028919124
-54.0507597936,37.0539087758,255.321866152
-50.695803062,44.5812226154,592.15051832
312.780786553,84.7333686621,2534.39867564
-50.882174442,44.5865489559,606.642121762
310.433816892,31.2319374923,1757.83020525
111.843876651,48.4918576916,2717.10775435
-55.2228535359,37.5087515607,125.152113729
-59.3727430182,32.6390410128,465.345569983
114.693559952,49.3359461752,2762.65811097
-52.5816841446,37.303305372,433.757725447
283.908946333,90.2671061488,2199.18347846
307.458867833,38.5357625231,1779.12072926
-49.7094210999,43.0761574006,307.632217624
164.002631338,146.636753075,736.498489689
164.140489728,146.948791316,781.384224036
273.976499677,38.9684416288,1561.67267889
1466.80686735,190.951568763,3567.1632541
-51.0776339211,44.5753179106,619.335661527
1426.76076548,231.949445954,13892.8633762
308.824653498,33.2252198705,1608.88090145
308.495978268,35.757322055,1732.42503495
250.363577802,56.1518275734,4013.07292454
-51.7992127515,38.3069524402,405.073681093
-55.6660530557,38.0682328837,115.803182617
-55.3297176556,37.5758542761,120.600340422
-55.6470614178,37.9859886264,115.78680131
40.0162451294,109.703604273,1465.96892875
326.442840211,79.4598496714,2918.24699834
307.825197391,38.1473439453,1767.76187701
165.046549004,149.498842328,1109.92448168
-59.1494962211,36.9188091964,500.479889507
-54.892215638,37.3489920692,148.83202342
-53.1977585935,36.9729257358,381.848436939
-54.9281453822,37.3643023275,145.607575065
2235.41425067,189.262521275,2429.12651079
-55.1381732589,37.4626794584,129.873019868
281.389190972,51.7588700336,4328.07088446
307.211556876,34.1205139339,265.366603557
-5407.47930774,-1041.70404079,2723.63646323
304.740750217,36.7511325786,283.030437175
-55.3284986392,37.5750136966,120.643371124
-52.5674041609,37.3163140687,434.183696792
-50.0468952181,41.7964344536,218.212196337
163.88087836,145.731997515,696.101757282
-51.8997740971,38.151474967,413.858234435
-58.4898120856,30.8459174719,477.326616755
318.124904133,56.3596923204,4257.56808683
-50.4683151725,44.5472718031,570.33304336
-55.6055363515,37.8781187448,115.800201273
-52.6298096514,37.2612395544,432.036777284
318.16332713,63.154616913,2146.29730005
-51.399451656,27.254712375,528.734949525
238.445627821,99.3805201769,2101.05429943
151.91683095,127.482082042,1836.28162992
-55.1532188,37.4705147928,128.963311839
-52.9102955277,37.0718628948,413.558792557
-52.8401521069,37.1102638317,419.472580716
305.023148733,41.963756831,712.820442677
-59.4726365388,33.0359429608,464.702693905
196.980097003,68.5233935339,3553.02532299
-42.0666770236,27.0976737947,486.993796923
-55.1835335348,37.4867367541,127.22300546
306.826360859,70.806697639,2170.45083832
272.514652526,36.2094816545,1510.85245411
-55.670888568,38.3896138468,115.712493501
168.185352133,132.244526129,1936.52016901
-53.7388441671,36.9813418704,303.120919614
-55.6540021272,38.0115518139,115.792984039
-165.516701972,95.0207862765,2597.31064512
-52.7486063535,44.0523601485,668.092142335
304.851133295,41.1740820828,639.922765469
-50.4198273629,40.8892456592,231.005879
-55.6420846775,38.5706320412,115.809252699
302.842130696,31.2735263825,2218.16242224
159.828989027,70.247039096,3249.70931346
-54.8275570106,37.3222342457,154.9926334
-54.1037320978,37.0690028852,247.41047551
26.5651666264,35.4423017804,989.817303608
127.912934508,53.7690982233,2963.66549517
-54.5323463365,37.2096738327,188.227409116
307.076264394,32.276533476,1922.33512654
268.561913568,93.1865804683,2067.20414663
325.073197887,59.3879111923,2167.29701533
-54.4802146595,37.191112257,194.840435468
-32.0362539625,28.538760033,352.343686657
305.984600165,54.7457255331,1362.35847056
-59.6029704088,34.6105680953,469.989572342
6914.13963551,99.2415947235,1573.35574653
44.3349526842,34.3005777595,1445.93082083
29.6618195293,129.912298907,2072.41689081
-55.1785242171,37.4840138516,127.501994052
-55.1730861811,37.4810773998,127.808717415
-53.2576596617,36.9630056534,374.015964272
-54.247879878,37.1130047448,226.425594785
373.347171878,76.8990792672,719.027710351
-52.4485256673,37.4336962684,436.226069988
164.71412403,149.148684372,1020.00606395
323.169377744,61.327635611,3993.3589406
325.380240638,76.4990802252,3113.33113654
309.576315991,31.9206696769,1756.91024165
-54.8191136692,37.3188081701,155.829880956
1806.27529994,349.541190431,4141.37134583
-51.6134140653,38.6081841518,386.019827874
157.383747551,129.083354046,1868.74513089
326.009616806,78.6720663176,2975.79546946
308.049050486,37.8334741367,1759.41285646
-50.8591340466,39.9767586637,286.22758698
-55.2486612432,37.5238862054,123.908327992
-55.0123108685,37.4016554862,138.643119272
310.18519266,35.6328653163,1229.02612303
59.3684336553,36.2970320964,1755.25688337
304.631756206,37.8229209592,355.75858793
63.7744945196,37.0404824537,1841.9363392
174.271023094,133.937925321,1976.06434592
410.590012875,81.560974786,769.79051894
310.898198603,36.8499722239,1092.41868846
-55.6740948196,38.3575645268,115.719612605
-53.0589967519,37.0094726678,398.511680132
-55.3930657955,37.6227331457,118.643580386
-50.0875643418,44.3811317608,517.348023123
-57.3200044813,29.6202976919,492.836509034
-55.6710170031,38.1002460026,115.804398205
114.898866244,118.532024565,1659.85788939
-50.2211392267,41.3491950866,217.140103113
-51.7709081036,38.3517270097,402.395040195
-54.1737534235,37.0898814326,237.107750547
-50.1490928515,41.5277375535,215.666576663
-8707.90268892,95.9229349401,1087.12110011
-49.7372373148,42.8919611676,287.790246161
163.821902569,150.584855003,1293.15404046
190.62347931,137.784122503,2082.60592791
-54.3195044726,37.1362317783,216.357123786
-54.3450469721,37.1447079441,212.83301488
-55.5056713819,37.7290178044,116.472955427
265.820756252,53.4973605101,4177.89079215
324.36172019,63.8291058094,3851.76968694
-53.4649894543,36.9521205156,344.732292774
-54.7316423658,42.8106707048,656.134287734
-37.3350511081,104.716926387,1370.8597175
-55.1919762167,37.4913659166,126.76052803
308.500785829,34.8876826896,1733.67435729
-52.0664878086,37.9076393484,425.604235622
-53.4648827543,36.9521177908,344.748027801
-59.5959016798,34.7524067973,471.092188452
1786.70397034,86.122950208,4003.41256874
-52.7858759793,37.1440579482,423.477687996
211.097442059,102.771502673,2049.27298738
-55.5411297168,37.7727601223,116.112132129
-56.9631467357,40.667568654,595.818695607
119.710243635,50.9090141657,2841.25401222
-52.5370013692,37.3448024692,434.961312955
305.547026836,39.8757389811,1815.14438925
239.480255133,58.426174085,3901.32336561
210.440328182,102.845201262,2022.73864532
161.376145936,71.3123640335,3249.6156615
305.455251521,34.5714203229,208.900258955
84.7882060388,130.856507797,1182.2585143
-51.671169131,38.5127598321,392.298662712
-50.9960958149,39.7119773221,305.579572468
-51.5775681351,44.4871722546,643.154648668
-51.2074065677,39.3178803125,335.059694845
-52.5957927338,37.2906884854,433.298769279
293.515652248,80.3800079025,2201.01647413
84.257214734,130.810806142,1190.63244643
-55.6791914561,38.2000330972,115.783670203
-49.6875517627,43.4743308155,357.403963814
-49.7840866719,42.6616177125,265.95316296
-53.2406398606,36.9654869834,376.275938129
-55.6702044021,38.3957296379,115.711678866
155.621066075,67.4510317994,3239.73103284
264.697423532,93.2785658404,2157.73624096
164.559500921,73.5416770359,3242.48861495
-52.1317856892,37.8175374717,429.13064641
334.399634933,30.5656098789,1283.20428463
-52.9966408842,37.0325696482,405.21148803
-56.1977359788,41.5094290438,620.893060599
-52.5622054712,37.3211092321,434.329136138
271.352232935,52.7545984754,4234.68934364
-50.1323400431,44.4113873555,525.184938822
143.771220751,60.6808257157,3160.29157311
-3.90558562734,76.2660352899,1896.57073666
-52.5422567843,37.3398013942,434.83947258
13.0795831924,124.354999222,2038.3219798
321.271756442,58.8662401854,4128.12655134
304.07081758,31.5699022067,2154.2575642
-55.6403737734,37.9643152245,115.782181893
-55.6102347033,38.7088624116,116.142230669
-49.8318551119,42.4693497497,250.436622743
90.6065442585,114.687297371,1579.67133256
144.131627373,124.567595649,1756.2546975
306.19911956,34.2276600732,209.508738778
307.980439516,37.9392882336,1762.122145
-52.3604049133,37.530703406,436.029277454
-54.5974995851,37.2333863318,180.247765353
-55.354863113,37.5936745163,119.758205951
-58.5349086601,38.3373627521,531.297673415
108.469930552,47.5330485605,2662.49537722
-59.4681075543,21.3372490037,4461.77335797
-50.9094162127,39.8786463308,293.316198315
-58.1397686565,39.0361029277,549.2115901
163.700669907,144.659582218,924.903206156
-52.3886268354,37.4987490412,436.248119083
-55.0235744574,37.406836579,137.77607619
-53.1140177556,36.9926078896,392.175338905
305.535731191,86.1245093662,2441.70748318
-54.9686330827,37.3819890637,142.152013857
300.580617237,44.6329217313,1761.30380183
334.391637498,54.5966870191,2233.84472055
-51.437624997,38.9075148402,365.236226235
-55.2022480953,37.4970680289,126.210965504
552.783437277,88.0978001999,903.899392972
306.109109531,32.0378163131,2016.27007608
1203.45389873,128.820007392,4308.845127
324.362093013,29.5868341394,1530.02931825
309.080546102,33.5864402219,1532.4744506
-57.0059980361,40.6162764958,594.291208907
-53.9246462329,37.0208215262,274.472332557
-55.4256650862,37.6498212205,117.847170646
-596.313143113,-203.085095869,2893.45362972
136.022185564,57.0386837976,3073.12784144
-54.5056281789,37.2001153697,191.592308268
163.967042347,146.163335101,716.615236964
-53.5001483906,43.6493595847,669.643890491
-53.5628670568,36.9577272389,330.095099592
-59.0042790939,37.3115963924,508.184664308
-54.818603971,37.3186018196,155.880659314
-232.693237731,106.056125076,2215.98375787
-405.927527714,132.611465856,5067.05006272
323.395786835,48.8819820913,932.049336747
-51.5975972108,38.6345802999,384.2491623
-45.1908061176,26.9091302895,511.59059116
209.061406766,102.958511466,2030.56061625
323.349661547,29.4178264375,1433.32511405
302.992042975,31.3103695103,2210.85546602
294.772158983,79.5716822589,2200.3842693
61.8654299106,36.7092966602,1804.53293195
-51.1748744677,44.5643095782,624.852609809
-54.7257808697,37.2818475969,165.561135761
-52.7795120899,37.1482554125,423.913518358
-59.086478891,31.8651141988,468.766546184
-56.7211220987,40.9484020934,604.202949596
304.860726935,36.0979991514,247.92709481
308.6374041,33.6542531172,1742.48972109
-49.6877199422,43.352391983,341.16504758
-55.2230196705,37.5088471509,125.143813532
-52.7935260157,37.1390776016,422.944291991
-55.4541133123,37.6755951368,117.26595573
-54.8846628892,37.3458160231,149.528236808
-51.0643545089,39.5828241165,315.20734558
380.721272715,78.0332856393,724.664993875
-55.6505217793,38.5269673947,115.757644246
-56.1775486529,41.5299158492,621.496350266
-74.2722740552,104.478072219,1332.1397906
-56.651467775,29.1291997157,500.31060865
-54.4523645142,37.1813454132,198.451382054
-52.6582394152,37.2376902922,430.814200126
325.627171856,29.5824901376,1413.42612109
-55.1156419629,37.4511902416,131.291799365
42.4247276338,34.103312861,1404.74658919
322.594486952,60.4702195485,4040.89182622
-53.0469277639,37.0136072514,399.849713579
-55.663603129,38.0548747858,115.801574838
308.68227796,33.4472974422,487.685956092
-53.3071453922,36.9572498159,367.301953951
159.776920655,70.2114805872,3249.67552419
139.843082948,58.7646323659,3118.77437785
1339.66734104,145.251825846,5135.82241598
-54.4487378843,37.1800812758,198.925452913
-6.67948208512,76.2835786091,1834.11788615
-32.5951841415,28.437224093,361.703762388
298.476478069,30.1421994625,2396.0232744
-55.0073816002,37.3994028411,139.027490791
-9.51523894983,33.0122170157,126.743308239
836.34601457,91.0401486533,948.234727323
267.761518129,93.3379903717,2061.4371463
-59.1352977829,31.9755286664,468.108707636
-53.1700742411,36.9786600397,385.347626728
201.615665597,67.4697578435,3587.88366607
-53.6335074202,36.9653070643,319.335745984
193.630017584,69.2535541525,3527.04416213
342.378912508,70.3855447415,784.287810903
163.973320691,146.20126742,718.86545474
1327.31223174,144.476924774,5713.17032305
-52.395550767,37.4910351683,436.279532973
308.498846932,34.9816996895,1733.28791778
-56.2030738928,28.8519450887,504.757154729
-51.497032872,38.8049265943,372.517852769
48.7072097491,128.772862344,1736.89749757
-54.6217156566,37.242348846,177.367556391
1985.74146982,144.586940575,3836.75521023
327.581075094,29.8181993811,1454.61088408
1392.27936352,192.461347281,3650.4328208
325.157607154,67.2122475195,3655.82756285
-55.5819827253,37.8342330422,115.867094967
-52.9954331561,37.0330599723,405.33589924
-55.3585832691,37.5963932651,119.640961683
-59.4910995329,35.6217617512,480.101501657
-59.6028400686,34.6138411352,470.01384585
5.00929130391,34.9151070224,466.652424386
-53.4336142224,36.951658278,349.334628977
-54.844487637,37.329149571,153.33622718
-155.836733189,103.36982238,1077.90305027
310.140690741,32.1423611259,802.071388895
-53.8632389209,37.0064046271,283.910329542
-52.5425047573,37.3395662095,434.83359378
327.549130915,29.8154446373,1455.38026386
-59.102589185,31.9008553857,468.547574831
1376.08383575,150.773360072,6276.61911009
-49.7327243603,42.9181219645,290.482663832
55.0964660981,35.6462196502,1669.78048975
306.44143231,39.3122193944,1801.98391794
24.859930632,35.503041394,947.022556832
-55.5384942056,37.7692533103,116.134037331
-45.4162991727,26.9028427709,512.985991316
321.666475619,29.3332687445,1440.39968451
-49.6979298377,43.630842767,379.592532149
212.060085929,64.9705180546,3665.36164525
302.096958601,50.8576188654,1528.59232986
-53.1992556567,36.9726367874,381.656948814
-54.4280573873,43.0377347945,661.018311722
154.914315689,66.9987966998,3236.7112969
157.383418799,68.6015595198,3245.63946783
-53.6834198232,36.9722466094,311.669827728
-58.8562791231,31.4134668746,472.019893491
1356.25055243,161.165033375,4632.95187036
-48.6925080436,79.1760317834,1892.10163565
163.718735471,144.659857999,912.824680578
-55.6733871368,38.1192250653,115.803239895
310.026774142,32.253353597,777.368962751
-54.0055219695,37.04154956,262.146154369
118.691930861,50.5799848027,2825.48794447
307.193334796,38.7666234499,1786.11593336
139.156025088,58.4446098735,3110.91420901
-55.664131259,38.4433306793,115.712848301
-54.139595711,37.0795718381,242.109880512
322.379037462,29.3645812545,1438.32200019
341.34109825,50.7845121662,2299.6246327
59.1749862334,36.2660791981,1751.42017923
268.01752249,17.5459048395,2216.86637779
2523.83276777,320.772940009,4853.31065187
-49.8376749436,42.4476941084,248.852311351
370.662500485,76.4535849968,718.164475545
261.935385259,94.1037882659,2151.63481755
-55.6092377166,38.7127493509,116.155914825
-54.5490970414,37.2157152502,186.144724432
260.72782769,54.2848872656,4123.89716349
-53.3928533057,27.6972987977,523.511067767
308.56765565,34.0260563446,1739.27006327
70.6998615814,38.3583260908,1976.47333652
198.911797153,68.0898882098,3567.67063644
-50.2612348078,44.4796328867,544.928856856
309.73987554,34.7985639181,1336.82008821
164.461131047,150.539825313,1321.35039034
-59.191483824,36.7944494387,498.183193086
-56.3897701547,41.310424866,615.002182061
-55.6325957833,38.6153331739,115.886520446
1812.59328014,101.824615543,1846.86998927
177.099276493,134.685696795,1994.589399
326.253245153,79.0989096617,2944.67983731
164.990642179,149.20172763,1063.80477949
-55.599799996,37.8666608324,115.811936496
321.736216184,59.3775722082,4100.59758662
-54.3681462003,37.1524563232,209.678092274
-55.6693720118,38.0887126124,115.804410699
-55.6773115543,38.162431431,115.795473194
-55.5695148836,37.8138523017,115.923657128
-53.522291302,43.6362061065,669.561995694
322.34952734,48.2313883865,864.925635442
-54.8123292357,37.3160658404,156.50796892
-54.8332662088,37.3245593261,154.430710988
-55.6539738955,38.0114399477,115.792957377
325.235422909,29.6397019849,1510.01804184
-54.8268257984,37.3219369538,155.064848034
109.722446337,135.433861464,977.35318608
311.958948764,58.739476887,1190.64374502
-55.0140010965,37.4024299547,138.512008876
-1.55103956499,34.2029108813,312.393537416
300.843259234,30.7672714521,2306.39837213
-55.399573634,42.2621286202,642.326157215
317.95956304,54.5804852427,2326.65926539
-50.8236800603,40.0465987867,281.259330693
-50.5231138104,40.6641074756,242.036014696
58.7365354544,36.1964473179,1742.7132015
-49.84629464,42.416176899,246.607484427
-57.1763924536,40.4073110647,588.090211608
-55.5804216552,37.8315878168,115.87334208
265.586973247,53.5314261387,4175.43925632
169.531426538,132.003563513,1923.27909468
1415.10733513,200.792089342,3385.47901246
-52.4135562646,37.4712108825,436.319836173
332.086447403,30.2597316338,1313.24423918
307.317275004,34.0966405552,276.213384174
307.181792074,34.1266275923,262.478838835
-52.053878189,37.9254108444,424.850104293
-55.3833683084,37.6151058416,118.907839738
317.975178455,44.9335052999,668.255028925
-52.1199684923,44.3190891279,658.938629138
-55.5914500491,37.8509187899,115.834161262
70.3323513155,38.2838252123,1969.35231014
245.945094104,20.3943567711,4907.39222721
-49.7913907268,42.6301987536,263.243474021
-50.2845314711,44.4895065114,548.128114678
1327.52256141,194.940597588,10904.3634369
80.6952767913,40.5763316956,2171.95034276
293.829296732,51.3462998216,4411.09336035
480.437963772,85.9708137128,861.084313466
-59.6050987682,34.1361333671,467.056635321
-54.4314063534,37.1740646649,201.203018832
-55.1015124848,37.4441251675,132.215761589
-49.713486749,43.0447381023,304.103165981
-59.1480535815,36.9229839859,500.55820877
-53.7249158594,36.9789258954,305.271649264
-55.6745830334,38.3520189524,115.721265622
206.764148262,66.2540076012,3625.94042219
307.082167183,34.1452213965,253.35454149
-55.4734700158,37.6945072462,116.929634683
-51.5073104499,38.7873231859,373.752358436
305.607581655,34.4213569264,208.064205324
-50.6475874505,40.4023538162,257.383420445
36.1313119163,109.426288675,1459.25406809
-54.8523362437,37.3323764739,152.578636254
-230.607254095,117.279768405,1006.05771755
161.091259565,71.1150222279,3249.79446944
-55.6194731048,38.6718217149,116.024532355
-50.5491658455,40.6085207978,245.093329836
-55.0674596112,37.4275030662,134.549584935
-49.8142938822,44.0552235838,448.82636661
186.276107064,136.951441622,2056.85500214
131.644803067,141.192973754,1085.68083022
163.222322806,130.804682334,1904.88092621
-53.6892644582,36.9731390039,310.769747825
-53.949660861,37.02703287,270.645079401
331.974022953,30.2674934031,1345.59730734
1633.00857448,128.572290057,4055.72619301
161.697037221,150.482106208,1380.22832824
326.175110799,50.3557415557,1124.62002284
303.907301627,40.9083810199,1825.97305086
-51.198336825,27.2218816339,528.938092422
-55.2055394953,37.4989119147,126.037922738
-53.9298282668,37.0220928526,273.678527122
-58.8909367362,37.5872871233,513.98641553
-50.4897986665,44.5520371286,572.628736206
-49.7050171275,43.1131609097,311.863643139
-55.5959770124,37.8593239211,115.821339429
-45.0770695845,26.9127163613,510.866583182
-52.7354719678,37.1786592161,426.730848557
-55.6615342134,38.0444763222,115.799928713
329.825318398,56.9514550528,2196.85436773
-55.610387521,37.8882721402,115.792422744
99.2420412009,115.905297172,1605.66517329
-52.7946210079,37.1383705786,422.867099798
-54.6739261281,37.2619593456,171.324918979
-51.951075688,44.3782537061,654.929895664
-20.6235549896,30.8307710513,127.748364467
132.591069115,55.5943717007,3028.60592669
-52.1284987416,37.8219935249,428.968656908
-4145.81271511,-909.713332433,7015.70871661
60.1548913957,36.424328388,1770.82524918
326.847922626,80.3447689029,2852.98614966
203.362152598,67.0619404537,3600.82425126
108.279231686,117.362213707,1615.02371956
-28.9792251958,88.1892923614,1852.6207043
-57.5778193015,39.8798154075,572.68267592
103.571958672,134.090857578,1000.81949556
-55.2722114837,37.5382375185,122.853596689
52.3051147846,128.727173304,1676.40753824
79.3611914525,113.299622017,1549.26418211
16.2389824724,125.890226822,2063.68471726
-55.6794341329,38.2650262747,115.756431208
160.270392539,150.17889977,1396.41522862
-55.457375246,37.6786978643,117.205961662
-55.4414946105,37.6638888648,117.510856028
-54.8222261563,37.320069414,155.520384227
183.216802991,136.210534004,2035.08855944
305.680782165,34.3707157332,207.780570258
263.420347788,93.6666139166,2154.91927594
312.455414063,30.4116458964,1171.09670186
141.083227081,26.7261217628,4761.68876484
-38.7161251583,27.467742243,450.615717185
-49.6954675752,43.6068053628,376.082628536
194.611645885,69.0426463488,3534.74609662
331.883254786,52.1483171675,1541.54988022
-55.6765737261,38.326376394,115.730167337
105.769009865,46.7939706536,2618.32113213
1354.80428667,159.452102548,4672.78711843
-51.6347322637,44.4726208879,645.244994027
-53.4164324271,43.6984431847,669.892737911
266.999791856,11.2362563527,2618.96308095
-52.0388299203,44.348230299,657.105551706
-53.0230188189,43.9152011141,669.696124135
-55.5870530815,28.5234968501,510.162955302
-50.4013064818,40.9304976435,229.248970236
325.861577985,78.4297741886,2993.38714924
1330.60355024,145.421139051,5796.42302927
307.020016129,32.2611220424,1928.67638539
143.858373429,145.054646444,1224.68887289
305.461238167,34.5642015592,208.856838399
295.764204199,51.389515446,4418.88724376
304.934610863,41.5833441532,677.50035829
-57.0197815078,29.3865898574,496.320537266
-50.8140351611,40.0656955133,279.913700239
-29.4275846547,29.0321529898,306.302075011
-53.213273146,36.9700349435,379.853038642
-58.0081925346,39.2469944802,554.910692047
-55.2132604057,37.5032701931,125.637827365
163.8707165,145.608786421,696.985958419
-59.409678659,36.017819191,485.466736692
-51.438778734,44.5189947711,637.590877951
313.076440463,66.3241790106,2149.88845913
-51.6600824476,27.300153501,528.386903464
-54.6794971665,37.264075816,170.694074523
349.019950744,72.0779915685,751.764136832
-295.470046297,117.280228328,3521.70869662
-54.5279089263,37.2080797225,188.782638151
305.202364159,34.9993313239,213.279340607
166.063691564,130.878624429,1895.90104021
-55.6796911124,38.2228966963,115.774769851
163.873311585,145.641727167,696.537820586
-52.9679146814,37.0446831788,408.113197161
308.410611522,33.6291062282,436.355367932
25.2241787611,35.4915381348,956.137184934
-55.6676411961,38.4170817223,115.710448676
143.3997341,125.081908553,1788.85953045
-55.435205963,37.6582215938,117.640564803
178.566398639,134.893372754,1998.21439343
-47.9345089756,26.9153437772,524.817676506
301.062525926,49.2014525796,1596.61715718
-55.3244124218,37.5722109103,120.789104081
-55.4154016815,37.6410353432,118.082733743
319.224186421,45.9737009084,703.841837889
186.703675549,137.045441491,2059.68346053
300.304760381,75.7245972005,2191.9518967
-53.6274161123,36.9645467027,320.26824552
1549.16716547,268.772815066,16825.4492791
96.9569113321,44.5301417229,2471.87858089
315.583718386,64.7074095613,2146.14836613
-54.2770023085,43.1457196209,663.095756369
24.1807121933,35.5223538244,930.063843318
164.333719925,150.385255086,1234.16462529
305.193041666,35.0202808383,213.611435125
164.195984241,150.464131332,1254.17597019
1337.72429557,158.233337144,5435.42448142
71.1954196743,38.4595890482,1986.07666259
-59.3804792839,32.6659971496,465.277537548
-53.5883363248,36.9601409565,326.230826425
271.689263748,92.5939965743,2090.86457299
335.639191537,52.2974276451,1816.91396296
-3888.2209914,-756.053457566,4344.56604822
263.984368248,93.4966344564,2156.16450587
226.213262225,101.187418634,2076.87427486
-1270.23842381,-302.457766364,30081.9154199
-57.8296269886,30.0794164173,486.442027505
-54.9637670288,37.3798371751,142.557141773
-53.7437574418,36.9822142488,302.361988581
-49.9327132586,44.2375925635,484.491923645
338.197783117,31.0867027663,1183.47228973
162.618949378,72.1783315469,3247.96293435
-1500.69131685,-326.418434852,1092.78488082
-53.5481347114,36.956503174,332.321261967
-53.6238298666,36.9641081465,320.816890842
3539.82103957,94.785968917,1053.89617489
-52.8017668395,37.1337925065,422.358176528
-55.6646830798,38.4393874485,115.71218546
212.360088324,102.662957359,2051.48547675
-70.2840947627,81.5509666671,1927.56072313
173.990144889,72.7802829329,3346.81729682
-50.578717693,40.5459995845,248.67004936
-51.7947407109,38.3139982507,404.656237368
-50.5967184689,40.508183068,250.899896261
46.7587640565,34.568332024,1497.53595279
291.943293838,54.3615011506,2356.75872521
302.433363896,31.1721786227,2237.51610096
-55.6795363536,38.2602609973,115.758568582
-55.61818905,38.6770885008,116.039896969
-55.0697279806,42.5416549072,649.647675515
-53.5304831803,43.6313218533,669.530016003
154.093214253,128.116058612,1849.02941669
212.603074923,102.641605582,2051.91316172
-50.2728899497,44.4846554251,546.541883262
423.959679196,82.7248146669,791.722723133
-54.0865168248,37.0640276538,249.971337849
-49.7118620147,43.0570233799,305.476064896
1234.47108868,107.736854428,2407.10268841
-55.6761686352,38.3320927139,115.728024138
-53.6892520846,43.534740208,668.734439628
310.376312798,31.9158106666,851.841663897
1909.21024069,101.533871458,1817.77198933
372.38774357,76.7419725169,718.634524608
308.580154112,33.9456349159,1739.93789155
-50.0808213145,41.7048829695,216.681339227
223.421422112,101.227413983,1963.7875198
322.82768317,48.535182465,895.076749451
219.901288665,101.738912525,1976.45239073
99.9211884348,116.081228799,1590.82071966
313.774575124,29.90462349,1279.65664206
-54.6619649531,37.2574311256,172.688573738
147.775832055,146.325114839,1281.97005989
306.231890528,34.2248368388,210.033701536
-54.6449809932,37.2510380631,174.646173781
-54.4703175926,37.1876294795,196.117592937
-45.3189976468,26.9054206262,512.390413583
-51.1613402392,39.402365849,328.732563465
-221.992427541,126.353175401,1940.29504385
-54.9945881633,37.393596857,140.038985804
119.875583147,50.9629326729,2843.80389005
-52.0410556751,37.9436014931,424.059636072
160.150401167,70.4669896815,3249.86529364
287.619596259,83.8421303146,2199.1430191
137.989766304,123.649837084,1760.89596079
34.8109413604,34.903492067,1201.72296639
306.337200285,34.2172519006,212.211594918
-297.651577527,62.2070280081,3485.9713827
163.864067715,145.12978028,726.074007389
89.5581811618,114.646288905,1563.78195218
-55.4249735788,37.6492212905,117.862607266
254.210767514,55.4208026003,4054.04101467
3782.67434482,94.842829733,1055.5509487
-49.6878773726,43.4855967363,358.949719367
215.303393521,102.394047157,2056.70773583
233.364679012,59.8140409649,3842.65199456
-51.7853618445,27.323198222,528.185103109
233.196877252,99.6496970619,1944.34344385
163.820908116,144.918679362,764.410158329
186.208423936,136.936336751,2056.40206319
306.221240866,34.2257234908,209.855513949
-52.8259726454,37.1187468052,420.568095267
-54.2672832897,37.119215359,223.672026823
316.146637211,29.6521562016,1694.47343662
125.925775965,120.773514738,1704.58511531
-55.6109428001,38.7060895369,116.132626721
-55.5038410353,37.726938785,116.495550732
-64.2230637253,80.8421802845,1913.56053766
-53.4766268633,36.9524639415,343.012882804
310.986471577,36.9909244469,1077.80519739
-54.9032917602,37.3536756735,147.822498927
-55.652926161,38.5136216205,115.746086848
-51.1688013676,39.3886287875,329.762263192
-52.3795301842,37.5089592435,436.193470636
-23.2163877255,30.2899086394,183.407371388
-54.0788314029,37.0618278909,251.11785105
-51.7918939273,44.4285598624,650.436178097
222.388268707,101.381535703,1967.20934898
191.719311373,69.6562925787,3511.80508759
102.191321695,45.8496495201,2559.26678014
-55.3455969231,37.5869975825,120.058455991
18406.9487343,98.9376558032,1537.40074772
269.809452112,91.6050729928,2168.85439474
-54.7715309967,37.2997651958,160.684043408
-52.9605394964,37.0479461332,408.838540978
112.902421565,48.8015444133,2734.09463734
-55.3192109347,37.5686757174,120.977938716
161.814166485,150.502259254,1378.00526912
-52.9611366793,27.5813057883,525.158777691
-55.3876647419,37.6184626198,118.789201262
-50.9847389945,39.7336422191,303.973192334
318.072880585,45.017897515,670.193358225
-55.6475234103,37.9875821214,115.787178734
163.814177806,150.628615195,1371.27193636
169.225851989,73.3942317559,3292.81874636
313.496147006,29.9912080352,1260.82505699
-54.2733303012,37.1211635653,222.817726485
-1.47708869975,34.2123230204,314.12521523
313.49825679,30.0657241392,1732.92256013
-55.6602152791,38.4697664082,115.720347471
-49.9408673299,42.1028273694,228.39106891
-52.9417006088,37.0565673267,410.654060169
96.9354065542,44.5248579565,2471.51725405
163.853578032,144.991197054,746.780089177
160.194301852,70.4970912187,3249.87954024
-49.7486194748,42.8299773806,281.580735097
-51.9087371377,38.1379047569,414.582693189
1316.00617565,180.85263763,9759.1544166
-54.7320397758,37.2842775522,164.882148104
213.851662786,64.5319057159,3678.93033268
156.293432017,149.060852223,1386.71940542
326.83459234,29.6884219528,1399.01882364
-53.9567148555,43.3638424416,666.672162429
-49.7094620893,43.075828799,307.595004898
-51.6435797313,27.2971768795,528.411807227
-49.7088037141,43.0811389928,308.197146681
-50.2688221903,41.2349274258,219.314045826
-54.6148245202,37.2397899914,178.182288811
500.572782075,86.7150308449,876.904240297
-55.2215975766,37.5080296489,125.214985138
182.448850217,71.4416489875,3431.74968291
-54.6168962528,37.2405585713,177.93693815
-237.113917012,101.419046996,1247.14790047
268.726937702,22.6008966369,1885.06667437
257.233739689,18.9756439205,3450.58528564
-248.795917195,108.385317296,2543.39485778
-52.3543956287,37.5376125115,435.963962088
282.545376069,51.677784689,4337.64941135
306.993109808,34.1595114781,245.914488689
-53.7708830961,36.9872144124,298.170541106
-16.6597692601,105.738898615,1391.65065907
-55.6304820921,38.6247993237,115.90636281
190.577264461,137.775077679,2082.31040382
-5585.48593612,-1095.66281097,2925.15446068
-52.0414934086,44.3472945044,657.168400599
335.880560953,53.8105361986,2247.25073003
-55.6794318109,38.2651255591,115.756386631
-4440.86639996,-938.812023151,2328.16217325
305.207072009,34.9889067698,213.118712226
157.930801757,68.9652062318,3246.98091644
-22.1179883532,76.9856110277,1890.22723244
-55.6688697381,38.407125727,115.710696006
-183.251191162,102.166567941,1268.30350235
-53.7630809212,36.9857447803,299.376305843
305.912767445,39.6503430554,1810.42117167
301.302362404,43.2799531352,1797.15250914
-55.5548977996,37.7918796474,116.010037486
296.525688782,87.8527228205,2333.84871605
-55.3811946952,37.6134209029,118.968807389
-20.0813614892,80.7503689445,1814.73866237
-39.2540714444,27.3988274725,457.099599758
-51.5178034857,44.501499213,640.846157299
-51.8529011669,44.409930952,652.245040776
326.126668421,78.8724477434,2961.20785431
163.92422302,145.860108566,703.283737709
-54.0865415775,27.9117176789,520.221010401
1.91168715847,118.913533663,1968.60795386
25.3456650092,35.4875236307,959.180314585
-53.6676143655,36.9699154682,314.101629733
-54.5661654069,37.2219101821,184.044426756
