-54.840573434,40.5892052679,164.819500022
146.96470285,62.3528584688,3189.02261742
-55.6371327184,38.5944452085,115.847129995
-54.5254442877,41.243438204,194.146092817
-49.7013506861,43.1471516223,315.821841462
-55.6601182521,38.0377489618,115.79870016
-54.4596489942,41.377051692,198.910390597
306.565166617,34.9314429412,172.525881296
-58.3627527404,38.655389387,539.25527763
189.613733247,137.617761973,2077.32385243
308.467671309,36.4750990352,1736.26238124
-55.6649730824,38.4372902056,115.711878261
-58.3048391328,30.6051358674,479.961556887
213.520931027,64.6129787444,3676.4134116
340.746902938,31.2574033922,43.7226607363
14.3925515295,35.4902505041,690.369414947
-50.800944925,40.0916818995,278.092181514
-54.9913889636,40.2695748422,151.021861956
-54.3128550205,41.6569187723,200.308116975
306.742822326,34.8434968392,156.947966789
161.647577349,148.185933217,85.7278244354
327.150658171,50.7834983781,1194.89146265
-54.2623941934,41.7291295197,189.277083157
150.812379768,147.3146557,1324.67625421
-49.7447809171,42.8503105024,283.591209367
-55.673659261,38.3623303985,115.718281781
-55.4025543689,37.6303779332,118.397212238
-54.2644845336,41.7270803181,190.192217049
120.249836082,138.061819958,976.286365606
77.6771178894,39.8681527231,2112.31598996
-54.2909969977,41.6921779033,197.443546873
306.635468607,31.7385256838,298.39877835
-3282.44918309,51.0364042788,2166.50210899
-30.7632400387,28.7758415669,330.345333932
-54.8110680212,40.6511174021,167.628632326
276.762478174,52.1562265103,4287.02911529
-55.5811802472,38.8153176938,116.616406285
-53.2373115162,36.9660030648,376.714783353
-54.3122560217,41.657931096,200.251480158
310.328930099,28.8695863834,403.446604386
-516.563568177,97.0970350113,1227.195866
-78.738589746,103.044487075,1336.14933176
2437.46671078,351.794773711,2117.64788957
-54.6820713845,40.9201930965,180.030928015
-55.674494948,38.3530366447,115.720954155
209.241336005,65.6567239432,3644.28500608
-1177.35930046,141.953209271,6483.75243471
181.274354918,135.732627761,2021.96130588
-52.9484824141,37.0534162042,410.006711352
-37.1816692772,27.6811615709,430.858889261
1329.84307692,142.624492429,5488.8721241
-54.9815048092,40.2907279205,151.888641255
-54.3189869509,41.6464370103,200.831706874
-55.6729047781,38.1150824976,115.803613657
329.937577538,30.2985828016,1268.12607939
-54.7896989992,40.6958617359,169.676247708
1643.6499787,113.441355538,3639.16808195
-55.2125903117,39.7835080852,133.587391669
-53.7850209329,36.9899405064,295.98556644
307.026196675,34.1544502833,248.598922491
311.266578588,28.6007377431,403.869609856
308.381945997,37.0211739072,1742.9028466
-54.8322574406,40.6066712341,165.608754073
-54.2734438477,41.5904031073,122.29224513
161.692028446,148.150106046,106.893880472
-55.5839398461,37.8375900595,115.859593522
307.404122786,30.9353088864,322.414377682
-51.377989027,39.0118928428,357.694471975
311.872761322,67.1404265273,2152.86861995
337.550250664,30.6248527902,110.018346803
1372.37253291,85.0735031323,1332.92289615
-54.2956092641,41.6850696435,198.20569717
-55.6642086146,38.0580617517,115.802012466
307.285351158,37.6066472089,193.286872772
335.338198011,68.3530596196,835.53593363
272.934110879,90.4785076948,2175.41874759
308.709564403,29.701744954,368.330412698
316.900843111,63.9015444763,2145.6942633
-55.2087563931,39.7922125597,133.852158114
-224.832422221,119.056230555,2100.40911493
144.842747927,61.2301106312,3170.48422319
-53.1310152447,36.9880410409,390.143034843
-54.3108933807,41.4884409721,96.7915501753
-54.297319389,41.6823824931,198.463726302
-53.0098247243,43.9220653677,669.648067955
267.223894466,93.4396294915,2057.63092492
1274.09434624,106.552248725,2297.62452476
1722.84617392,189.8586674,9801.81305477
-54.5694785719,41.153078033,190.437131612
-55.6310795106,38.6221397842,115.900659635
-52.9555260463,37.0502001395,409.32694857
-54.2500474958,41.7361724592,181.228319284
-54.3900049776,41.3134009575,61.0063902632
1332.04077094,142.857489831,5388.82667505
-54.8969387849,40.470443165,159.53519114
-55.310738556,37.5629931949,121.293505146
-55.6275534735,37.9284264675,115.779380227
-283.196345445,100.90301467,1232.41792559
-54.6253237167,41.0378306576,185.387173901
1456.85542276,193.685534228,3540.45707508
-55.4429636272,39.2249596122,120.789592252
-55.4465636531,39.2153952008,120.64399123
-54.3162652549,41.6511153086,200.611578262
-54.4062695794,41.4832396857,201.595675612
-50.3865632104,40.9635451612,227.906645383
-59.3086718267,36.4113746267,491.555085895
-55.5700449833,37.8146858923,115.92093749
-54.7915566154,40.6919750711,169.497899476
28.9806843231,121.821766209,2384.9276305
10.4377836745,122.866254216,2008.13496654
104.049817441,133.231548014,812.376418214
-52.2982488404,37.6039017616,435.040787666
187.581170866,137.164651492,2063.04149064
313.828292993,28.1072635497,414.069167716
164.965279458,131.314417579,1915.91033997
-54.6729488022,40.9391349057,180.901431386
198.804359214,68.1142187511,3566.8612633
-54.3779409867,41.3377767113,65.2950434656
310.223430589,35.7019539219,1220.70046308
-54.2892610796,41.6947962747,197.129522917
321.394419797,28.0867661764,373.858540883
223.034372409,62.280211749,3751.77323591
-54.5640334878,37.2211342478,184.305540586
163.894358917,145.566504415,700.504878268
-53.5279712823,43.6328205613,669.539918312
-49.7747831462,43.9642702582,432.648223355
-55.5764044575,37.8249079437,115.890506332
-53.7980808906,36.9925294523,293.967345537
312.063751044,41.4133477724,282.711626177
-59.1815399174,32.0864172749,467.503858267
1009.11660917,92.0649119922,976.270269375
2162.2003641,395.153686475,1046.70348151
154.916179573,151.369115364,375.594606246
-53.8448507951,43.4365658753,667.641382769
304.650191885,37.548653285,335.794957789
-53.4867553515,36.9528366055,341.511327075
335.727009596,30.7348406116,1237.11252181
-54.4953371331,41.1252391913,43.2565935433
-54.9156909933,42.6663698372,652.735085895
-217.387253962,-186.673575916,7768.44380895
254.870886523,95.9932988381,2136.01920588
-516.053058219,129.955372876,5341.45797786
30.1587319072,129.865398124,2063.43146456
-54.3909769182,41.5130589587,202.057599663
306.476910309,34.1649286855,192.545644122
327.117321715,30.1357320491,1347.1263647
-53.993546454,37.0383655993,263.96195749
-52.0947567535,37.8682294089,427.209817195
-54.2972753802,41.5233352252,105.105219919
307.559210818,30.4771855306,346.829404803
-54.4854592212,41.1412568416,43.2922939366
-52.6075125057,37.2803869524,432.888759537
-54.9926476557,40.2668785911,150.911930551
326.488132259,50.2598919376,1153.36856964
-54.3165453583,37.1352561685,216.767738248
-59.3290497881,32.4952554908,465.76766259
135.700742829,56.8992902376,3069.08697492
-54.1284573225,37.0762605716,243.750976596
161.509685976,148.416038911,70.3156742952
311.278058663,41.0781483429,267.325025639
-54.3279720127,41.630728469,201.43320243
-54.9605898953,40.3353769458,153.742685941
1402.64021311,191.362041654,10843.6763872
15.822901299,35.5312272725,724.917086137
-55.3126319933,37.5642551664,121.222122013
-54.3583864562,41.3788345208,73.1070285801
308.298342443,37.3091961634,1747.84558577
-50.0891990244,44.3823074321,517.644709179
306.565116187,34.9734290997,171.908608311
146.58327194,62.1475690746,3185.86054479
-55.175270423,28.3319360322,513.347766188
325.267409596,30.1009031538,1415.0087557
-55.663888889,38.0563701735,115.801784256
-54.3175372366,41.6489338844,200.716811235
-55.3894776081,39.362986328,123.165942205
-54.3122710424,41.6579057372,200.252912943
117.482377588,50.1958011439,2806.62980036
145.652205423,149.739658466,454.26131032
13.8597207643,113.877470025,2376.318314
-184.66243107,147.917248152,1613.02254959
696.910343581,103.729106496,2023.60235881
162.60332552,72.16740066,3247.99261344
-54.9310778368,37.365567271,145.350887103
-54.3772960142,41.3390995795,65.5357973498
-55.4888928827,39.0996761114,119.073764056
342.317182035,31.5723847986,13.6004030838
114.554419217,49.2939493216,2760.44773683
-54.4883031966,41.3191288825,196.982173539
2316.23342825,151.610496946,335.802045502
99.1207828355,45.0673521448,2508.14055145
-57.7242599933,39.6732741292,566.78251133
-54.412842726,41.2690463953,54.0388139337
315.06005971,29.6067241114,1346.43787643
215.165465369,102.352985599,1997.68346231
-52.4488732844,27.459097999,526.733718848
-54.595522424,41.0994063624,188.119310452
-50.1097255722,41.6288170029,215.934428595
-54.684970455,40.914171214,179.753752346
-55.6742617309,38.3556941166,115.720157899
0.725666097813,34.4783539433,365.776354622
-55.9801533802,41.7260721938,627.232553471
-55.5440078505,37.7766435392,116.089085681
322.69603784,48.452628042,886.680031832
-54.5633910962,41.1656013214,190.967270235
292.169359002,51.3356229384,4403.07747505
-54.4802781347,41.3353993344,197.54846574
306.604235352,36.0106014765,174.778199228
-54.2993497763,41.6791586824,198.75418176
326.383037442,51.4781068505,1367.75914747
-53.1618883857,36.9804994909,386.366670162
-54.423857739,41.4485646511,200.872856773
64.4283074887,37.1570989986,1854.7016663
326.991590358,30.1589112007,1388.58107037
2098.03506465,375.119909589,1545.05039695
307.713320822,36.9754965377,55.9240838762
-49.7558432514,43.9102725118,423.437962018
-654.314028915,-273.308415585,3132.63096657
-53.5617414783,36.9576292034,330.265428267
2355.93680476,140.580313729,4273.22679522
161.087123105,148.734962519,88.499472857
-55.5440476439,37.7766976338,116.088773413
-49.8811865993,42.2944425611,238.630019592
330.039382361,29.2333780355,252.988452879
3103.6137671,160.692221975,8249.0297059
2341.95668699,213.678518583,3261.97166672
-51.028935766,39.6496150784,310.218833594
306.763531369,34.8878775889,154.528886881
-54.9397396889,40.3797480687,155.616508886
-5839.3808535,-1116.78288449,3257.07093021
242.71229562,50.746302009,4353.86434632
305.386135899,34.6636620939,209.5172229
-54.0792871553,37.0619579659,251.049806826
-55.6786702067,38.1864869691,115.788383909
-54.5583460197,41.1759732232,191.402851364
-58.9542459071,37.4361276936,510.766102071
-54.3357264218,41.4291465001,83.5136278863
-52.9965618267,37.032601694,405.219638348
-55.3251149175,37.5726911415,120.763886319
1210.10708774,129.827521889,4399.11006427
-50.6002534245,44.5711463806,583.617756589
-54.2591130748,41.7320104891,187.655690987
309.651112195,49.8965279717,1548.39917503
-55.0167789217,37.403705057,138.297300294
309.415077136,34.1757036178,1429.21512093
-49.6920186157,43.5656911684,370.166574739
-41.5053763037,27.1490575118,481.58593157
-55.6573054983,42.0313769516,635.961779436
-54.2923565707,41.6901047175,197.678762443
-51.9683120904,38.0489854674,419.138821836
128.041346882,142.292364715,91.3373385738
-51.5943686456,38.6399819167,383.885124557
306.818937484,32.1956954337,271.063555232
-1017.64541115,143.921280836,6582.39215108
322.561134471,48.3671748086,878.148964171
331.804448702,30.5059845921,1295.90709448
307.969761456,38.4909046807,203.779070063
-8.41987017956,77.1535594694,1887.2757086
311.92328441,41.3615125748,279.828197571
25.228295515,35.491403553,956.240280181
324.97315565,30.0948903198,1418.04771512
-55.3501205927,37.5902405398,119.910410186
-54.335632843,41.6170532146,201.812296708
-50.2316946134,27.0892319939,529.142419145
-55.158170648,39.9059247813,137.482053672
2364.20973038,463.861923448,3129.33588327
323.755727825,56.4797105623,2763.12148208
-54.4061617087,43.0535916438,661.334355941
77.6905530471,39.8712325367,2112.57982956
-55.1856503671,37.4878926607,127.106136567
151.277759657,64.7815902703,3218.89950681
1.26678774306,107.430950282,2493.01161159
9.65852901193,111.891949293,2406.59436026
310.454820577,42.3082473226,412.389195067
-50.0278033205,41.8491573167,219.409484749
-55.4898499521,37.7115369165,116.681546094
-58.764322875,31.2569719805,473.351653593
-54.2994207981,41.5177032715,103.737173059
307.748554719,37.0653064381,54.8987847813
-54.2449239726,41.6995087776,156.809917329
-51.2429304454,27.228997244,528.897922651
-54.3673764574,41.3597088773,69.3838524673
135.765331426,56.9272292909,3069.9012205
307.774933706,30.2809475727,354.132900568
-50.7058536816,27.1492854873,529.199682181
-54.3863973825,41.5219184783,202.161000009
-55.3377322816,39.4906745706,125.827238447
308.496413457,35.5508195714,1732.20650925
87.1689098926,129.068752658,1337.12901388
-54.2455242177,41.6955952274,155.247873501
314.492641722,39.3972742496,674.06365299
-54.0227717964,37.0462015827,259.537200347
-55.3714471474,37.6059711463,119.250064166
306.373778589,33.7463325005,212.930211443
88.893574707,129.37872277,1280.60479466
-53.3324047029,36.9551183659,363.798807884
309.165166776,33.7254146659,1506.19769411
-54.2437104134,41.7269624079,170.399437414
-54.3091477771,37.1328230762,217.796335014
114.470587964,49.2686865357,2759.11528906
-56.5866313166,29.0868256533,500.981128619
-54.3267966347,41.4499085364,88.0427793279
314.597004514,40.9650747782,460.121146644
-58.094640413,39.1094896399,551.180669169
-19.179210418,31.1348008644,95.6588534163
338.321801909,69.2474268935,811.481187396
-205.092943722,145.393708555,2111.73586935
-54.7308926914,40.8186327361,175.340267912
225.489080579,61.6841402553,3772.43079769
-54.7206523237,40.8399616946,176.327003158
1608.81369463,142.238548353,2051.84265874
4105.52198145,142.038625367,2441.6862186
-152.244699738,100.79633352,3102.58213379
320.088491182,29.4656823659,1621.9030144
-51.1951316248,39.3403157358,333.381085371
-174.12264577,137.691683538,2330.33903846
-59.6046613665,34.1226003017,466.990035024
-14.5737885474,77.6235426826,2888.57273569
331.070363165,29.4063676521,236.834282499
1436.07869657,199.524772871,3429.52877916
-55.1611044791,39.8993835485,137.264799642
-54.2491175004,41.6767561832,148.306848654
-769.120850407,55.24301834,1909.98437461
5749.83211593,80.320468248,2500.19459449
158.821055433,149.632146417,1437.82803533
161.351016098,148.485745229,72.5995545261
-54.4879850301,41.3197745948,197.004978846
-55.1739751184,37.4815560427,127.758304117
-54.2449747634,41.7318398875,174.167415022
-54.2748732476,41.7149740609,193.795295729
-51.7586813497,38.3711986801,401.211498603
-54.2851645343,41.7008373868,196.322513367
-54.3786223876,41.336381347,65.0419486273
-54.2455200175,41.6956213105,155.258116821
-22.992614488,103.875092224,1880.74784791
-53.8644716342,37.0066817777,283.720389373
-54.8414192479,40.5874280722,164.739345821
-54.3175776723,41.6488643934,200.720088057
310.809384625,31.0115693313,1756.64561243
313.147441042,28.2014942538,412.989960309
187.33530474,137.179753753,2063.75543204
-55.6797523276,38.2299946309,115.771813682
7902.22543867,-161.691595668,3227.37221973
-654.194259972,136.4848166,5467.68592511
308.861979616,33.3131901171,523.649035845
-51.3848668246,38.999784972,358.575338806
261.845930523,-3.12291447386,3203.91161201
16047.3390745,152.545905133,3095.06945009
-54.4530467078,37.1815834049,198.362304185
1363.53652278,169.704289646,4441.21364709
161.445356269,148.490363466,80.3107737816
-53.2050029041,36.9715474163,380.919715607
308.317653722,52.752297325,4410.93914958
-175.211045032,123.846120348,1843.43621326
308.885104391,39.4231880848,220.901448469
-55.3981391073,39.3411011826,122.754587363
-51.7010614664,38.4639831056,395.427695982
-508.121710187,147.268072639,1981.15889627
306.629025767,33.2582792468,226.364358895
307.754073635,32.496808317,1833.0988608
-50.6825023116,27.1461079602,529.203889638
-54.7229733868,40.8351285553,176.103424957
-49.7394461451,42.8795136298,286.52402735
-54.2785526369,41.7101149343,194.792964633
-96.3425993753,92.2105630716,2726.92291686
2323.22890279,158.915162499,2957.43768828
-55.4874554575,39.1037160405,119.122715419
-55.6611810252,38.0427706457,115.799628691
-52.8701051457,37.093143409,417.046553019
339.741754142,31.3265690353,1141.19604278
309.130244511,40.175669552,235.804541565
-54.8324386323,40.6062908195,165.591535253
-54.4594895031,41.184848279,45.0049802049
153.689301962,90.9604368502,2393.66315305
-97.5494552563,102.225670869,1517.97252982
-55.5060383277,39.0507870073,118.514208002
-55.6655373301,38.0653140314,115.802883103
314.573211015,28.0122242277,421.530513318
-54.6696108162,37.2603231803,171.815449506
-51.5386599528,38.7338969024,377.469428523
303.026495481,41.5445979295,1824.32433144
-51.3002223238,39.1500423936,347.551204019
-54.2933632339,41.6885574841,197.847107301
315.49398775,27.9456037308,419.80257596
-49.7178151092,43.7621379429,399.461488139
-55.0142242431,37.40253228,138.494725816
-54.9227273277,40.4158566328,157.163048253
164.398901705,147.719783722,867.774478534
1334.7249568,143.502669806,5290.17931231
1570.26438093,211.846028427,2926.95490761
-49.9978684042,41.9337882461,221.814895967
166.618657264,73.6846217437,3261.21081885
334.671431964,26.9872827613,2728.80628116
164.217031825,73.3004961856,3243.71362809
-52.6103650599,37.2779042802,432.785018829
-55.6609885911,38.0418492244,115.799463305
-54.2826282241,41.5634242382,115.162919315
286.335723871,51.4681468366,4366.75577298
-215.649183234,134.197184944,2183.13588055
1330.27558364,150.098072676,5719.81212554
310.925729226,30.9500123356,1756.13231371
-54.2531368136,41.7356423178,183.874277598
-55.6194036328,38.6721077199,116.025355321
305.520288047,54.3664895436,1378.76230983
12018.6650052,113.731033096,1974.92205772
229.703587588,60.6738330545,3809.24701555
-55.2102797426,37.5015821421,125.791315754
-54.246954733,41.7348597272,177.621266212
-55.6524320086,38.5164030968,115.748343116
314.478714188,41.2089444902,423.006320813
294.031311166,54.9303369753,2447.55659144
-51.390147117,38.9905016894,359.249705794
306.575303408,35.6426959204,170.083938784
-57.0780813414,29.4301602673,495.660382471
-55.679144605,38.2755573709,115.751703493
-54.3697048579,41.3548259752,68.4561287111
152.153090216,65.2985411888,3223.5018754
24.8660007921,130.146362051,2147.35853956
161.647378115,148.186120976,85.6020506929
308.851119059,29.5340439342,381.169135758
-55.4516015147,37.6732279346,117.313077309
46.1757647183,34.5021160111,1485.18936077
-55.5614321651,37.8014699962,115.968678916
-54.4577886361,41.3807943205,199.025866907
-54.5084618156,41.1044148897,43.6921790542
-54.8517827221,40.5656412304,163.75914676
622.142174142,89.2324482625,921.954013685
-55.3874105685,37.6182630523,118.796150697
-55.6702631222,38.3952125523,115.711740224
-233.341726838,91.4931465947,1832.43302033
311.676988862,30.8566104469,1077.42796355
238.071512749,98.8069621012,1943.6514056
337.575570964,30.9950461602,1194.44692161
-54.3741186411,41.3456466421,66.7387041615
-54.6532046581,40.9800916942,182.774848964
1487.78369268,280.602657444,17438.6167383
-58.3880344734,38.6101247286,538.101922114
-52.0249489897,37.9666186186,423.033428501
161.487233243,148.44258643,74.4130609355
308.22074823,37.5067438777,1751.82306059
306.764789093,36.6510025854,184.39226852
230.276080383,41.2619649296,5922.03877353
306.513824684,32.132776399,1980.40925684
-1997.73846095,-456.607793142,5294.36309908
-55.3901485085,39.3612969274,123.133721763
-55.4929513556,37.714879122,116.638276852
-54.0903421322,37.0651275033,249.401419724
163.972473559,146.46484716,724.143689394
-44.7427551312,26.9248286672,508.660794528
-51.2333035243,39.2707301641,338.582122094
-55.0903830064,40.0554925048,142.716715667
328.30410056,51.2270479142,1278.83769199
330.851049479,31.3232453815,2365.46679872
-55.2407889563,37.5192070503,124.277991806
-54.4954534342,41.1250523864,43.2580900515
-53.7808477097,36.9891274513,296.630525145
180.657827648,71.7500887544,3414.83555978
160.204068989,149.5560863,109.20494445
310.223336567,28.9428808088,393.728117105
1614.63281272,191.344470266,10856.003247
309.68466577,68.6875857737,2159.78559794
-52.938450293,27.5755503809,525.237152537
-54.3057118638,41.6688423223,199.562315208
184.033553666,136.382638978,2039.99776247
-54.2876684961,43.1382026247,662.957043189
-55.2361671988,39.7296819079,131.992655026
-54.3092578547,41.6629647508,199.952207159
-49.6881745996,43.3375373916,339.247551111
318.132700423,63.1724608405,2146.2705007
51.7866639293,110.616373214,1487.76733857
-10.7092080785,32.8045735591,99.0626161739
-54.2688979872,41.7222788392,191.890179944
-55.1611260221,39.8993354936,137.263207335
-55.1769123021,39.8640297021,136.108208166
-55.0499941963,37.419182604,135.804483723
308.607398722,33.4717216785,165.349333954
325.188344808,48.6903849578,974.059208554
-54.2492658896,37.1134462929,226.228289493
230.013187738,60.6004154341,3812.02053819
-54.5610452033,41.1704249177,191.170247642
161.598630441,148.231242189,50.530887169
151.601299443,64.9717321725,3220.66291698
-58.255568304,30.544934316,480.654191497
-51.480458181,38.8334062237,370.510918929
210.023989758,102.88106813,2025.08242845
313.198920432,36.1063452021,1061.33029711
-54.4055807413,41.4845899794,201.62005318
-48.9707410861,26.9716348965,527.574700194
-54.2451540927,41.6979600957,156.185550834
6117.68065168,74.7733198874,1138.31414389
-24.9103247257,29.9395470725,218.54507712
163.850036345,145.306164668,709.955168304
-54.842122271,37.3281797258,153.565828301
-54.2828543798,41.5627803851,114.996616524
-51.2703180301,44.5503929289,629.814808394
-54.2433593731,41.7237117414,168.343666226
70.7410072789,38.3666987034,1977.27062772
-53.7870510596,36.9903385371,295.671822399
328.143111098,30.1620004964,1305.88851538
259.411314941,-6.60047345248,3262.0316136
-49.6870035801,43.3877517394,345.78215859
314.411860366,29.8851644874,1720.90359399
-55.1876909185,39.8398138427,135.33335934
1941.8400219,358.024234973,5901.59442415
-55.6684053722,38.4109442107,115.710531231
164.745473668,148.50246551,965.805702901
307.574787794,36.6280776895,65.2244878796
-55.2969326188,39.5882633536,128.160592076
2664.47260439,309.23398317,4875.88332121
-49.727788183,42.9480047241,293.609584319
111.728032649,117.951013334,1648.06257245
325.194561859,28.4974521628,328.116709805
-119.818399632,96.2382766827,2863.88658335
164.901841498,148.887256903,1017.84541434
-54.443449799,41.2129022514,47.268858969
-52.8785422572,37.0885159219,416.336207848
1328.62489667,142.755738242,5560.71462171
-58.8628816257,31.4251491492,471.924614992
-54.4886194626,41.1360995121,43.2453812788
-50.6960154524,44.5812390038,592.168580572
330.550213556,30.38481719,1314.91484495
1245.98380721,46.1620454532,5312.23437946
-55.574891053,38.8368472014,116.738992853
325.919016136,28.5949164775,317.965299347
-55.6432686934,37.9733964243,115.783969416
-54.2933185392,41.6886263945,197.839735436
306.81259651,32.2187096199,270.095643359
306.606537533,55.2322804948,1341.30141697
-55.1700778998,37.4794615316,127.980117012
160.536559992,149.310095955,99.481260846
87.2979835521,129.07530933,1327.87255913
-59.4637985879,32.9954695038,464.732731659
-54.2964398811,41.6837677831,198.332594894
315.936239014,55.1836129205,4313.78175133
-54.4184273555,37.1695858963,202.921404428
280.910329402,45.5360290651,1833.53746957
-54.9938129615,40.2643818664,150.81024663
-50.7401177365,40.213492116,269.717708424
-50.9949804282,44.5819469956,614.246016517
316.778345438,29.5949620486,1683.88079906
164.59109024,150.491363749,1305.80215733
400.018360778,101.521328661,945.532787504
-54.716917971,37.2784177953,166.528868298
-54.8915836959,40.4817571757,160.031687196
-54.2498542167,41.7361577781,181.038017213
161.501875625,148.425357759,71.8298072256
-54.3983418789,41.4987406258,201.856466337
-55.6260952239,38.6439670035,115.950504006
-51.8474377231,38.2316704241,409.433304448
-49.6928284987,43.2466836173,327.802996236
306.318150112,33.1937808667,238.12806776
-54.9777870706,37.3860576257,141.397536607
-59.5224093579,35.4343511429,477.834865899
-55.6717021957,38.1054052679,115.804223782
-49.7708736936,42.7209052399,271.245774484
77.7893838543,127.688321558,1604.13783532
322.656732003,28.2020570611,360.165907462
-54.7704254463,40.7361556403,171.529704796
21.3749085154,35.5725739987,860.500831742
-54.617094663,41.0548490093,186.148720783
-53.2214485256,36.9686032457,378.791970595
-54.3798007513,41.5346162982,202.278382126
243.778349143,57.4947282505,3944.49920271
-54.8672705197,40.5330406829,162.301297454
-55.0579314105,37.4229475467,135.229370242
160.548323456,149.300989739,99.2568988588
330.601987466,30.3531478268,1252.58629129
766.08075278,103.87484436,1046.2732965
314.304990776,41.4038480708,391.038279685
-1693.9261054,77.3410785929,1202.66505091
305.3398731,43.0663388648,817.223301973
306.707156754,32.6890372196,250.223082403
-53.0675772855,37.0066295541,397.548765338
407.279854146,81.2390307262,764.220627678
156.986774463,150.985832113,281.170025749
-51.2291365191,39.2783002169,338.017144327
314.562384193,37.8645170533,1205.99283676
5207.86078772,863.660626073,1520.1730926
-0.971334085449,117.469923081,1954.77759857
-55.6790024162,38.1945852618,115.785622137
286.340555376,51.4460924633,2137.80402523
331.789356185,30.504555749,1296.21927572
21.6498670299,108.482458605,1436.07449253
134.524259338,56.3964373231,3054.05899907
-54.4705273643,41.3551200867,198.210039446
-54.2432414098,41.7174269245,164.881356892
322.028826941,59.7297952801,4081.46419589
-52.7230437031,37.1876680142,427.462319641
-54.9759167677,40.3026716794,152.381395474
-55.0231993043,40.2012485512,148.275907943
668.141886271,89.7430275324,928.315433706
307.887251014,30.1866277691,357.61817509
319.106987179,27.9453573788,394.294550541
316.410968477,30.4695462948,893.230876807
-55.584606357,38.8033946133,116.552551173
325.365395439,74.1872887671,3247.36104046
3505.41843988,94.4234966533,1068.94250201
160.203372015,149.556579954,109.231896351
-55.6372049529,37.9548353777,115.780661584
-54.2703423545,41.7205888878,192.387666804
-54.6076474639,41.0743724479,187.016613926
-54.2443976603,41.703363027,158.403156905
-52.670138816,37.2281230231,430.257356796
304.712126088,36.9550607691,295.64498203
13.084309857,124.144684226,2027.29729887
-54.2512743648,41.7361191216,182.360326198
-55.4095772932,39.3119427369,122.226839551
176.166284727,134.150716947,1978.25041278
-57.8322222979,39.5154520735,562.336081419
423.853608973,49.3263052038,1843.64834561
-53.3379203541,36.9547230593,363.027483332
245.539318002,98.0702956686,2115.83645614
305.673954563,71.680157314,2174.83638401
-54.3345707984,41.4318011728,84.085400814
-52.5063996475,37.3745522137,435.566457653
-1573.37473078,-277.043481241,764.877448019
311.431586934,28.5558385888,405.092108558
-54.7284304905,40.8237623841,175.577587923
323.03757216,60.4554388499,2158.14362822
-43.4578461905,26.9919192761,499.128562761
310.470722796,36.1380257469,1169.86860236
306.682158852,36.4030959709,181.062207859
-54.3415408728,41.6063532271,202.031570313
-55.0452646473,40.1536104239,146.412544747
-54.4781114424,41.3397861963,197.698068649
-172.017642824,104.048934487,3270.01010809
78.1898144179,127.724484173,1587.3913925
-54.2852546227,41.5560003491,113.255415102
-52.5834175865,37.3017425557,433.703375902
-172.015462262,143.314972987,2456.82293731
163.915190837,146.063259455,702.837566275
327.403978074,29.8030327246,1458.87145075
127.901950233,142.231830185,91.707219275
163.730814197,144.662011197,902.853539218
335.040207593,30.8793947798,1281.70050799
314.409060914,41.3008608651,408.303941222
337.953570961,52.6920357413,2266.6962001
307.410502606,36.236077472,82.1623453874
152.912299345,148.831162086,1202.24646086
314.007915829,41.5772613568,357.846113404
-50.9491395609,39.80188717,298.934982662
101.315564365,45.6240152944,2544.72510328
-54.3549117555,41.3863471195,74.6065742678
317.062743605,29.5732196408,1678.96513904
-55.6290759581,37.9323752548,115.779213781
325.207760196,28.4991805185,327.935532943
265.335426673,21.1182229944,3268.01378686
325.589487834,30.1086086902,1410.79162004
-55.0770821786,40.0845238709,143.789624853
4000.13163624,454.010999025,1257.58347817
14.8615441444,35.5050544394,701.6816777
312.281616128,30.4998825567,1152.47383286
-52.1732976217,37.7620160953,431.030417627
300.303853784,45.9944571806,1717.48106772
14.1403104287,114.009219935,2374.73425214
163.069742695,72.4941176405,3247.00807828
-226.867824527,99.4271639889,1257.71223328
-54.3187288766,41.4691887249,92.3648239906
161.543066285,148.375027584,62.5361113565
-33.1724933207,1.5376945937,8629.53615285
317.141010104,28.5473131964,357.528274458
-51.6338252669,38.5742859832,388.272889035
-99.6789990614,100.964979684,770.510722038
5.931562485,34.9950125234,488.456730708
8801.59187043,148.808512679,331.665814366
-54.2693205668,41.7217899087,192.038420624
-54.5054271572,41.1091841807,43.5449166383
-55.4147250077,39.2987195011,121.995141395
-55.0043194981,40.2418482554,149.897465588
-50.3631589627,27.1049558123,529.188187483
-7871.47918657,95.9545722789,1088.04881652
-4676.35210479,-966.018042117,4637.7943841
-55.6753967294,38.1386516138,115.800600955
-55.2542375058,39.6880572344,130.810309812
-53.8536248144,37.0042611103,285.392230879
318.988006547,49.6729488268,1149.0614688
-55.674423014,38.3538619629,115.720704202
-52.3514432847,37.541020303,435.92947916
140.460051759,59.0557540949,3125.69080516
-58.1690895448,30.442816693,481.859168818
-52.9687969565,37.0442970453,408.025882277
-52.6557378715,37.2397233361,430.927882139
-176.007643855,121.159350693,1828.61190648
-54.5736133341,41.1445669032,190.074347093
142.260776852,144.427998307,1226.87520509
-54.0486432167,37.0533192241,255.639843303
-55.6176185946,38.6794153218,116.046826862
-54.8331144436,37.3244974303,154.445604219
-54.4778525439,41.3403102059,197.715847899
-52.6706738435,37.2276968793,430.231696409
-55.6227763042,38.6580783957,115.986507658
306.581139727,35.7555773838,171.211173857
147.500990771,146.235578411,1277.98839841
42.7255434863,34.1335881799,1411.26241551
-53.7618055301,43.4893952596,668.262429357
-55.3883295224,39.3658751266,123.221218566
-54.2777493488,41.5775418619,118.852972973
-55.4691563034,39.1544290793,119.773015592
-55.3126791839,39.5508812718,127.236362918
185.520381164,70.8837342408,3459.5703433
300.354562261,45.5169207464,1733.54535282
-54.2675391226,41.6087897505,127.354786984
7794.12517123,229.272233939,4980.02072591
-53.91192672,37.0177359923,276.422712152
682.257772433,45.8799449066,2022.05586086
-54.6711446967,40.9428795458,181.073253367
-55.6765208935,38.3271403744,115.729876285
-55.2844209122,39.617734012,128.915630962
-54.3893349762,41.3147368309,61.2338015281
21.4996128627,117.455787086,2343.60944
2332.96183749,100.722037727,1734.84696569
-1064.09824402,140.791639093,6372.78505642
-54.7290597194,42.8126595714,656.17968678
31.7984761908,35.1471093862,1123.28256054
163.914883377,145.778807647,701.359996477
161.682717832,148.164536664,98.2986148352
-54.4315835344,41.2342476049,49.5239795369
304.724777274,40.3863317489,568.921280257
-54.2596568673,41.7315666168,187.94216052
304.618730927,38.1154302766,377.856017113
-54.8156389343,37.3174024818,156.176580571
-110.722553895,37.6826060733,2507.81355709
160.110357293,149.621678277,113.049275659
306.44574057,34.2105969895,215.307327428
-54.2522185778,37.1143880221,225.808272629
320.674211491,58.2786838189,4159.35785841
-51.4046646671,38.9650336367,361.095139923
302.126562617,42.3279752066,1815.4689462
-54.9528727812,40.3518152896,154.433353182
-55.672839036,38.1145304109,115.803658383
-54.4450092395,41.2101351074,47.0087085972
113.954419456,49.1137947928,2750.89943968
-54.1344459982,37.0780377455,242.868032843
155.966041877,128.665661207,1860.18799491
54.7528001853,35.596821704,1662.83036245
212.430019912,64.8800750275,3668.15075205
-55.6678112396,38.415731045,115.710447163
-54.4191066004,41.2572621266,52.4041926444
-55.4593594574,39.1810735201,120.141570623
-2448.26401498,-532.540205744,4032.15330207
-56.4803571953,29.019109884,502.059855305
-52.2481878753,37.6655571631,433.750773522
306.342477829,33.5429712742,222.4107578
321.617693443,50.8179605687,1295.58855327
-55.4741321646,37.6951764257,116.918962205
-54.3553814656,41.3853275198,74.4018775463
330.174282167,66.673908829,886.302281653
-54.2843759441,41.55847126,113.887876131
81.7506269887,40.8316165333,2193.00320729
-54.2914507313,41.5389135698,108.944835774
1351.44594389,258.81149666,15537.0524791
-54.2688345537,41.6046715779,126.204719294
306.96940546,32.2475057686,1934.26880806
-54.7635836022,28.1595042632,516.203358874
-55.5350235211,38.9647267085,117.672655175
-54.2538417922,41.6567365782,141.639379258
-1.95914001273,78.37856676,3108.84956216
-54.8183792327,40.6357907551,166.930364187
332.905706287,30.3783568795,1321.78397065
306.570899875,35.5170811142,169.26976981
-54.273718269,41.7164469461,193.456715555
-54.5630278722,41.1663482681,190.998747089
49.8842273147,34.9433466528,1563.02881195
308.370709376,38.9263253152,210.983781294
-54.6727190714,40.9396117646,180.923317228
-54.334006361,41.6199763044,201.741161903
-55.4126138527,37.6386914847,118.149116441
-53.6860221819,36.9726419498,311.269113657
-54.2432190782,41.7189717188,165.685895985
-54.4126314818,37.1675933541,203.692242645
-54.4700204907,41.1669064779,44.0205246748
306.768824019,31.4799260647,308.540914201
-54.30087995,41.6767062541,198.962223004
-50.7542164164,40.1851002039,271.643732918
340.553295861,51.2385111584,2291.90629439
3520.84660683,174.764042107,4478.87637497
-27.9282452073,29.3274536302,278.219978046
2432.45191907,360.241524817,1270.56475545
-55.5986215368,38.7529923107,116.313219327
-51.8898218659,38.1665999389,413.042214091
-54.2525515497,41.7358365009,183.421372506
-55.5639942353,37.8053301899,115.953680588
320.647600987,57.3216629266,2798.96937324
-51.2122461748,44.559213902,626.846807826
103.773249026,116.656845587,1601.68379462
-54.2584571859,41.7325251182,187.299688607
-54.4001002733,41.4953100688,201.802440264
-51.7277624988,38.4207803823,398.149448047
327.099304086,81.0070482068,2803.73603808
327.242142044,81.4427092407,2771.15404002
18.0827121764,126.790944676,2079.78734763
-54.6529165587,40.9806889141,182.802059708
319.18258818,27.9356324408,399.25562032
-53.434167185,36.951660446,349.253959407
317.190120076,29.5642374972,1676.73538577
2602.38518877,400.353753977,2281.42907714
155.526791519,67.390396338,3239.34910291
306.76907784,32.1955674272,1955.43170069
314.854814785,30.841501681,1498.76039063
314.105842166,41.5339905154,366.980754471
140.05685877,58.8651000951,3121.18635372
309.232562395,33.8418015065,1485.21521
-54.2549055654,41.7348494455,185.13729574
319.674409968,46.3286837939,721.722682855
-49.6873168372,43.3690795393,343.334760974
219.825168976,101.935630895,2064.90962769
132.022981569,141.373887744,1068.18679632
303.336220239,41.3099709289,1825.58294266
159.244491295,150.04264765,146.180266524
52.7906286351,127.583366239,2223.67888568
-50.4903008437,27.1208314536,529.210725438
-54.3378144566,41.6131167762,201.900252038
-55.5723439578,37.8183333198,115.909470416
164.09402756,73.2139081168,3244.12646372
-55.6733504454,38.3656161586,115.717415142
-54.8073133691,40.6589847556,167.987719556
305.64928564,31.9329598122,2052.62214938
-54.2910092837,41.5401124908,109.243819639
318.726405319,45.5690636932,686.988890999
-54.4117317726,41.2711529773,54.3415230276
-54.243525699,41.7255544641,169.478978714
-54.0908792252,43.2742611397,665.315283473
58.1896780258,37.319850462,2074.52410427
307.132868069,31.3856043591,304.51359612
-55.6036709404,38.7341010958,116.235775405
-52.3658921587,27.4407714879,526.951042122
142.344682001,124.125399872,1747.17399235
-54.3056015816,41.669023729,199.549530925
-52.1325896397,37.8164488866,429.170011886
-55.521806703,37.7480551441,116.290840449
232.903275932,99.6995193661,1944.57770379
612.064872225,124.710580612,1628.51574979
326.364003347,79.3063497567,2929.50172425
-51.8249292184,44.4185748434,651.429398101
303.003271238,73.7106739532,2184.27608522
-54.7626891503,40.7523135278,172.274876479
342.65573932,31.6395427496,11.6673687318
160.666865826,149.089681927,93.886761102
92.0584522513,130.037761631,1185.30770553
306.746968234,34.8524332594,156.461511825
305.51472035,34.5047877762,208.517465909
305.684942494,34.3681872893,207.766143362
161.428100886,148.407609874,61.5180759243
-54.4004103504,41.4947046593,201.792682209
-53.4064032982,83.9734098943,2680.9241169
602.128265794,59.2563159506,4027.14906111
211.162165845,102.766036027,2049.38599685
310.368438394,68.1958659138,2157.45306466
-54.3318761093,41.4380278371,85.4350097562
-55.6176937458,38.6791092398,116.045910275
-55.3065089303,37.5601903904,121.454750795
313.055427077,41.6582893394,307.928100383
-55.1320403224,39.9639218869,139.451968919
160.451449518,149.256231858,96.5842684717
302.072392209,51.8009962275,4430.04507134
-54.2823748156,41.7048290707,195.714328656
325.365406672,28.5199632134,325.76055087
-415.069163341,127.663824837,5072.47124362
321.298681999,30.1986397656,1459.5587483
315.762945273,47.6650004846,922.093944711
-200.498283386,100.368729418,2994.50377233
63.8836705244,37.0598421641,1844.06937943
-54.3650083784,41.5627796271,202.389662833
-55.8015485693,41.8972753521,632.163582459
-54.7219530249,37.2803646917,165.978198839
-54.4301434323,41.4360889469,200.571800925
-55.5741521855,37.8212398244,115.900823058
180.366504657,135.4259041,2012.87855199
-50.3420670492,44.5112028554,555.62449974
645.574117841,88.026580239,2292.30699654
-54.3993749113,41.2949305115,57.9612893201
-1899.57860013,139.118934368,2342.58478335
-54.8280004812,37.3224146039,154.948863313
396.653678918,34.7256493455,1305.01127521
325.447376401,28.530869404,324.621721551
-310.134345514,120.400391675,3838.26360038
-54.7214339323,40.8383342356,176.251719765
-35.1989504329,27.9889982641,402.722427577
307.290523137,35.9675633678,95.6759964473
-55.135916763,37.461515908,130.012067681
325.204379461,59.3198699956,2167.96475912
29.6706502058,13.2595197743,2819.21627967
-52.5708154023,37.313184779,434.08546783
-127.881455336,-69.279886226,10741.138413
-572.299075097,108.131199358,2059.03885263
-239.235895995,106.931189439,2348.34381508
-55.2910925236,39.6020440807,128.510767421
153.072593697,147.878173424,1384.05169535
-55.418717867,39.2884179548,121.817930619
-54.3289673649,41.4448078568,86.9179778447
-54.3323163229,41.6230026821,201.662048366
161.618594486,148.271008926,34.9528056068
10.5975247109,107.339363903,1423.64222995
-50.6245061475,40.4501871604,254.410449674
-50.7964760818,40.100571413,277.471696629
-52.1047752829,37.8544085369,427.750151647
-55.6032807952,38.7355762365,116.241590443
-52.3404821258,44.2335140592,663.114762413
-55.6762427422,38.331070311,115.728401478
339.445991447,31.4261378657,1159.13287554
-53.3640264747,36.9531847848,359.347311891
-53.3879132569,36.952248546,355.941753227
-4.89910263575,33.7445787283,234.14482409
-50.0303067028,41.8421912312,219.238030853
168.575237985,73.469769033,3285.07054587
306.627101438,33.2777651842,225.562449886
318.213875792,45.1387611864,673.263043336
306.569395423,35.4574486378,169.062021312
-1.77299325828,105.68512817,2548.78837842
311.845017896,30.5468409216,1750.11900559
-54.432889352,41.4306265513,200.433891968
1387.0482222,150.062326916,6940.71593481
325.389438656,70.8426251787,3443.10153534
-55.0317758636,40.1827571182,147.547473541
3730.74458349,170.189967987,862.339583242
408.286717955,81.3385038143,765.915942969
327.551049714,28.8322265289,293.628652255
761.878396504,83.2310299278,1073.93198254
161.57136865,148.256343231,33.1109432131
306.56844276,34.506081556,181.611145712
161.048724792,148.769275254,89.4397580666
327.497549634,28.8240906815,294.457123828
186.397890352,136.978465839,2057.66642765
-54.2459901558,41.6927917312,154.158934951
-54.2746334077,41.7152821001,193.726047228
-49.7733917053,42.7093387869,270.194997817
133.219054078,122.45844378,1737.64746652
319.56399594,27.953256266,396.075712813
326.373685105,51.4820008368,1368.61092697
-55.585864743,37.8409372798,115.852571302
310.353968258,28.8606849461,403.724769165
-53.535697725,36.9555708273,334.194913576
-54.2498184155,41.6735614933,147.202701758
-55.4048188994,37.6322302174,118.340189892
306.565254469,34.8934883579,173.130998314
300.86742273,75.3102508641,2190.53802486
307.175352464,55.6583979091,1322.86210051
306.980158919,35.3289567432,130.22571605
-53.7717687183,36.9873828068,298.033670899
-54.259295731,41.6364423841,135.36330611
-54.3933661845,41.3067300824,59.8848912891
254.035318187,95.9121413504,1982.40593347
-50.1401440526,44.4162705379,526.492732917
-52.9780305156,37.0403096689,407.105156105
309.826414944,33.2469173761,220.147034515
337.783979253,30.7554658613,150.12036887
28.2481060314,121.330616869,2377.27194733
306.565111676,34.9831357922,171.773827531
-54.6078513431,41.0739512793,186.997961022
328.695101476,30.2242005249,1312.40099103
-54.7913804407,40.6923437028,169.514811331
-54.2890340813,41.6951362038,197.087282315
-55.6751924131,38.136480299,115.800967247
156.632774304,151.169098513,322.026894768
-51.3963382702,38.9796306588,360.038274093
-55.2303415291,39.7430310465,132.381285558
323.795483911,28.3157863594,350.246003272
171.325914868,132.589529131,1937.9087624
182.083992738,135.908412764,2026.44473991
306.972630486,37.0952761024,188.842284164
5723.60156339,88.2082018371,1636.56362646
-54.4903485983,41.1332907865,43.233981067
-55.0263242113,40.1945147033,148.009895791
-55.6214248571,37.9132320123,115.781596774
-54.1194105731,37.0735900281,245.087351657
-50.9098445192,39.8778152106,293.376723056
308.199134601,38.199543921,92.984602292
-55.2171484893,42.4188578318,646.492765845
-54.2642804981,41.7272873665,190.106368289
-54.3267936812,41.4499155006,88.0443204195
-4.50567083824,103.76509429,2598.7331636
-50.7653147585,44.5852670251,597.863791136
-55.5801354901,38.8189254603,116.636290324
-54.4843972995,41.3270521936,197.260143371
308.418042213,36.8479430527,1740.41692662
-52.6153103717,37.2736231694,432.601512174
307.509172274,38.4882177241,1777.69109804
1608.85976395,142.244166876,2051.99507723
-50.1861242635,44.4429301758,533.882700295
-54.2506328009,41.6699681509,145.980789582
384.355653311,78.5479123659,728.785629671
-54.2965536921,41.5252421106,105.57079052
-54.3749664664,41.3438947451,66.4149900332
180.587816144,135.489593259,2014.65338284
161.57760881,148.329979121,51.5448994134
-52.3092409363,27.4284855774,527.093454152
-54.2609928116,41.7304147205,188.614961161
-54.970515783,37.3828236481,141.996023352
-59.1552797947,32.0226377232,467.844875371
111.487066736,135.650044493,562.890218189
-54.3149943466,41.6532859222,200.502185049
-54.5573003365,37.2186876976,185.132506253
-54.4646235365,41.3670322981,198.595328076
258.770401288,54.6116944183,4102.93338689
137.664636326,143.091477894,1137.36265807
-54.3699947818,41.5533378101,202.377403373
-49.9749109034,27.0604963389,528.98777754
306.058757267,34.2441104341,207.982940341
307.37788562,30.6605208476,339.947069872
-54.4310258508,41.2352635908,49.6417570722
337.255675676,30.5651964161,116.920397308
