269.455610773,25.8881255326,1436.9864974
-50.7971946787,39.7711627944,302.943228994
301.284113573,38.8366304928,1947.67918667
-51.3142585044,39.2310036213,292.995072457
-56.2612162508,42.4122815296,65.7700481049
-54.7138058555,37.8392798629,308.26183484
307.886639687,33.9642417621,279.456671376
322.020382321,33.9103158965,1291.11630477
-51.0620219264,42.7661605365,37.7912290241
-55.8281460264,39.5818301109,465.001756848
333.133429945,62.4887074427,1106.86646341
334.268458397,30.9269418124,54.6644457025
315.59499924,26.8283282984,1803.9922973
-52.7439438187,42.9375599565,69.2456247237
-55.2571874774,39.4936889005,198.684584889
-55.0793337168,40.477369262,74.2350779782
-41.9473710863,27.7125883774,413.932493427
132.07837248,147.938724223,130.750442289
446.979487192,43.9034914295,2321.97969321
-7.90143710831,103.305402426,2643.07057098
148.249927452,146.487680165,2022.52195877
164.087791451,143.888432086,819.149667813
15.1835536135,117.037535662,2108.53280353
304.508662847,29.3892739864,309.432941542
-53.201904043,42.5619125387,71.9685411983
308.165779206,39.0670694208,206.49413563
-55.4767115907,41.3536569293,33.8197328109
301.928463573,34.5371366592,429.027152596
391.292148319,34.4482668694,1184.09064804
-51.8568628421,41.201650433,116.314079363
-30.6192808588,101.82629106,1580.46999304
-53.6806399032,42.6865731846,42.4762386678
-53.9255635798,42.1339852251,61.267599745
-54.4326034531,41.2147383361,565.827633083
-3.43589647315,34.3446406456,260.647616903
370.376546511,35.5965953997,630.452902844
-50.3245826393,43.0185065286,35.8075281657
-54.8557299794,40.4634894495,186.244092682
-53.900499357,42.1281476237,60.1438557207
-54.0734534051,40.154500719,164.877992657
-252.936295681,112.693853401,1898.82150052
-14.5326158047,108.942161515,2040.26261326
162.360351774,144.159519721,162.714515984
-51.6640313609,44.942213942,31.2995704394
318.365856239,32.0565878067,1268.51668232
-51.5699756617,36.5958534242,436.746273954
334.232615353,53.5605984186,2631.44692507
305.160591618,36.8685622462,265.053553322
158.16212608,148.018966914,14.2566679856
271.287409502,93.8150280987,2194.18007595
307.287197009,39.8479238627,229.965964798
-50.015413333,44.9593437387,331.310737125
-234.499040768,110.891901591,2540.92945342
-51.5061643831,44.3572969152,65.4318698671
302.538449718,25.4061806038,474.752331727
324.364022414,64.6617406448,1943.89873224
310.174084947,34.5788501163,463.302659111
158.506270075,154.001897781,474.011603577
-56.7325765012,41.6190605041,102.031248244
-54.4962921213,39.2029720737,285.347434533
-53.0238822682,42.7844239691,30.7133717419
-57.833446429,34.3463047872,228.805595337
417.258982945,35.1975738612,1799.45926641
-55.0744915045,38.6826716308,268.523620254
-38.2916248028,29.6834148077,411.81901669
-55.3551656513,39.9536334155,56.8533048814
-51.0410368694,43.5335357011,81.1828614804
-51.6651596558,43.4741161078,69.5154061102
-55.8157050358,40.3842169177,155.270962366
-55.3123417522,35.5920364765,146.675335967
-52.273915175,41.6438200837,112.749098434
301.838500809,31.0786301546,250.561478777
1353.68195697,87.7623347367,2335.78611943
-52.7303193002,42.4303032799,70.1824894328
-59.2603990599,31.5705355683,260.26922189
-522.84381702,148.99972209,1300.66731718
-834.386451763,49.058139616,1522.74966556
-53.9064095248,40.9624562179,256.727785813
309.427362659,35.7861044369,346.855362516
-53.6682180528,42.4551448452,46.1907761829
-52.5101508952,39.3946273907,368.035386264
129.769252619,142.519461036,29.5307881296
-55.7029417904,38.3476979175,116.937829608
-55.1805654067,40.4249324846,69.8464781272
-54.4165442015,32.3111716646,783.779290358
-49.3631768478,45.1680643566,215.754546956
-55.107284204,38.8891536786,219.700225543
-48.0845053896,38.6336118853,265.028143122
144.634980419,144.994245007,1720.47954705
-54.642154715,41.9328356574,107.190339088
366.773332735,38.2136709084,609.751741437
-54.4756243486,38.804224645,224.676254123
162.648513878,145.859710965,238.903718091
12397.3915752,150.355576872,217.037567419
318.510063814,79.6050297457,2789.9078317
310.499518951,32.3974105691,283.200094144
350.529868738,32.1178770852,243.544319126
-51.4099936953,38.3141008921,354.266753794
303.786598098,69.7092840332,2343.88899203
307.298954896,31.8733611442,702.548378183
-51.2803324365,41.1903477029,132.278407669
309.331884235,55.0405440853,4314.87213248
-55.8573457429,39.3753438948,284.524932386
317.262673794,27.6822224634,394.272446148
-52.4175404193,40.2277191729,115.835132376
304.900496537,23.6365658106,390.16447508
-51.6711657465,41.6197087776,133.387795354
304.336576825,86.3064384226,2531.77668858
-51.1350436263,41.4140201221,100.586825751
334.291623218,53.692476819,1627.6736262
-54.0614872544,43.6706950987,49.5312281573
329.665387435,28.7698348359,1527.1398498
310.171827978,39.153308199,151.46204808
-58.365798934,33.2982488429,208.40161538
-56.7469302984,36.1005321698,186.03280253
-56.9592946691,38.8718726588,154.949527642
161.730224156,150.080324584,159.234755777
-187.912057233,131.271181496,2190.9423084
-54.2217262363,38.6193948339,275.023677762
1255.74596198,110.994617488,2132.60715924
93.2297975607,42.0235914829,2447.55391056
327.541454845,27.070626136,1497.17874181
-55.5987396852,40.780783655,123.937355493
311.899599471,33.6880733291,159.141762738
-52.2015191083,41.4513364043,97.5190421786
-55.3980181986,37.9962470297,283.252980004
-54.1044913216,42.1420666821,98.8175517161
2597.06855074,83.86528819,1164.35044612
180.734235264,70.5769690909,3610.86214935
-51.9167429641,44.4437775129,41.6922185458
-52.6584628668,40.0504896865,227.439901356
-55.276089818,40.4401783894,110.591430697
336.124781934,67.4427326269,868.603743217
152.160955402,149.908603764,186.298538046
316.783872787,28.9009462817,407.851766483
282.602890122,77.6365201636,2721.49593693
-48.7523924467,39.1317081658,270.02735939
309.870825951,32.0770737814,1794.48941717
-53.0126382751,42.7764110985,116.304817727
416.864778436,35.7705204779,1785.50402288
306.071699554,31.1074970229,830.090998918
-56.8597459827,42.5149707818,44.9482213827
-55.3072845627,41.1280181075,377.468994408
309.504299446,38.9004556983,225.446249956
152.945341618,147.036809058,466.484985759
309.224081073,35.6544830134,151.254578674
3035.12608608,149.850569879,391.726450596
-49.4882735428,39.6267788152,276.290425969
4093.07122214,148.941803587,248.067804965
-54.5069513664,40.6550906568,382.092716398
-54.5254281841,40.9193729026,326.689248202
309.397294593,38.6832033977,319.163193175
712.163998999,98.8564968962,2673.90435204
-52.6745598112,41.950940061,145.80750416
-55.099677352,39.2276122093,364.387934806
308.20961657,36.3281438018,169.680109778
309.726262318,44.1193483433,1674.73353983
-49.9358190165,37.1793316724,462.298092817
346.549899406,32.3181087693,227.684889918
-52.2908449345,41.9321609064,139.017327639
899.727557498,150.934255524,2677.35680421
140.307632198,61.9352983244,2970.44800164
269.830302846,93.3243166428,2045.50761674
-53.5765310386,35.6367233921,361.337316552
454.519396977,44.6648421601,2467.12984399
-55.5567728357,41.6976714876,93.8239309285
-51.4769376141,44.1398516695,26.2180796979
-905.498203964,129.279620612,2084.05704853
-563.052512442,119.971418246,1946.12803629
-51.6948744645,43.7857194164,47.2292466673
340.169215733,28.6890735308,89.3706435016
-53.358220407,40.585923233,265.831852413
-53.033296191,42.1356672087,76.716954702
303.441584412,33.1550174387,219.677094914
-53.3099298625,38.5887008314,110.968592912
187.499400829,72.5221818924,3448.28015415
-51.9149994607,45.0455469535,31.5994720853
-191.234798649,149.233922217,2006.32846702
-51.4151143892,43.2076986328,39.5779632278
-53.3441414347,40.9025034482,80.0088942771
333.137543302,56.8282757851,2523.8253946
-62.6991645658,25.4802927334,515.199115253
304.893599293,35.1435560214,247.305363719
-56.7528128634,39.1909230946,70.7326757396
305.866950887,29.3593580365,738.528296654
304.76628839,37.7936870202,49.9536234017
540.655792037,109.568806104,3117.4309723
581.193769962,64.7766552812,3668.6792327
306.276097793,33.592619854,210.169462285
319.998641205,32.1818886378,1196.67638126
-2719.92622849,128.27930463,1568.58193487
307.885095026,28.3240720527,1417.39532172
325.429232497,32.4749537993,1342.04944142
304.428954353,32.6666215114,216.859690615
-51.7152597761,44.1307831386,46.9609742412
-182.836100828,137.503581819,2146.25232728
-53.8786848534,41.8476346599,69.6857808985
796.81437063,128.324083098,1736.56221924
-54.415342037,41.1980877169,250.10008006
-50.1219361207,41.8892685037,104.643594663
-50.5034037159,42.2918788847,43.1440697514
-1.13660247369,33.028138135,315.350876065
302.184398667,29.5501143754,382.140596525
-57.4840267937,39.5452653891,223.381485039
308.937914319,30.4132865095,787.74782794
151.199946165,149.942091531,250.028488967
-59.0745901259,38.3854335272,139.442720013
-57.6045652899,35.2486996763,176.304033876
-51.8142521591,37.424946543,157.175595154
-351.541693285,117.386750016,2352.11083957
-57.30452513,35.2608113888,649.460958492
19.6288870715,36.8552666404,787.247536271
-58.361164329,32.2657186884,230.945454934
-48.9365539737,39.7473338532,249.930822842
-50.7780788422,41.3292411911,137.84896336
-54.3091261588,38.5058120512,323.126257874
303.395730487,36.7524117139,339.824199253
2851.67696552,99.5795140938,2060.07331176
-228.498720413,128.520351701,2052.31966406
377.569355215,34.682541607,2216.38515503
-50.8487323292,43.2464777189,52.0763524141
-52.6920777921,44.2385841069,46.626661303
-54.7710225107,42.3210543943,59.1094760784
315.258222174,24.6618484938,402.71862587
316.302563391,25.6320120219,403.529890252
-55.8895993052,41.7742434621,110.486995197
-56.0781201091,40.1149909984,119.794317864
-56.2890338861,41.3892975613,121.436506658
1967.29343624,143.287423697,3079.98387403
314.445439297,35.4806766949,413.097370764
306.828919747,35.5295454349,290.297423402
-52.4038263373,39.746869334,118.849483533
-54.805550455,41.3673848591,264.172711894
162.312912111,148.562423864,164.000943194
-57.1198922732,34.946053339,229.600780265
-57.2294294206,33.4199224666,203.16616092
-51.3430898232,42.1124948553,48.341558328
-52.533240066,41.8776274204,84.6776876184
-57.8541279304,42.9858495585,148.304687714
-235.028202188,110.017279022,2499.00561717
362.693859666,121.971569057,4630.67194669
-53.3294032629,40.0781016683,236.168544078
-57.6702082182,36.1295151643,195.273255554
1595.70590383,150.232815856,166.625196044
-53.9610001126,38.402516782,273.395569606
1107.32959428,123.31208766,1575.18089651
317.164134452,44.9845494069,950.178548828
-53.8064978965,43.0906720316,71.027246432
156.413785615,149.046477575,67.7014107277
-23.9106745186,30.583375952,192.511847587
-56.9638499633,42.0787165474,86.9123963036
-56.5824093943,40.769358247,48.5324615566
301.840924692,31.2607931246,220.070048669
-51.6053072532,42.3533888393,67.9661020832
153.625367641,146.142164488,1903.20271981
-56.7794663037,38.7940346617,90.5585407716
-52.701955535,44.956999813,17.2909737827
-53.4643440837,39.6055981674,181.998099468
208.405482144,106.515688571,2247.18328083
-52.9276917923,43.6288851825,49.3748805323
-51.261575993,42.7338763393,56.3368053105
-55.9553014679,41.1372932139,249.903044741
7289.92888126,41.3955016291,2528.94540289
284.629759013,92.8583398621,2125.89613378
-52.368249525,38.3528738082,106.611278758
-51.8417799667,35.284529428,489.875914112
-55.9093702382,41.8115161686,211.228044975
-57.7095413201,41.380738237,24.3141342177
-50.4016724176,42.2832730019,103.525878964
-53.7188749557,37.6737330719,149.310627036
-54.9086703994,36.3963227715,132.406289611
-57.0918310647,35.6376256818,157.256012914
-55.2213505536,41.6206630684,226.921272412
4832.14345234,71.754921744,3148.69472064
318.176555378,26.8585806185,298.873808558
-57.5187173267,42.4193346735,156.019865703
329.216364942,27.2077618787,137.113760544
-2546.50901795,75.6292129049,3359.67325025
301.499374246,26.0442560228,376.425443056
512.579650633,71.1715801661,3058.08584849
-51.6802359965,41.9600059403,124.426430963
8.70584568543,31.1697885895,574.633735705
160.371642815,149.621231947,91.5378449556
-51.428790921,44.6472362748,638.236350917
473.979052295,52.9171071227,2778.14903387
-51.8930646758,43.5694513408,80.4379318686
406.38805956,36.661813612,1515.41692154
-53.5052199127,40.9259453569,65.4609033805
305.873453412,37.9580604718,283.578745433
-50.6556537608,38.6273334916,347.588383192
-51.1346678595,41.4631125079,130.462158725
-25.6878797401,102.286165023,1856.19684824
642.346280143,53.647936476,1731.77975645
-53.6806947849,40.5833277716,288.648556955
-48.3457556451,22.6106417032,554.700307605
-53.1797147502,42.0645549637,53.3485912095
-51.8558512794,39.6287273454,129.830050438
-50.803942027,40.6175505349,397.411243783
-58.8832047797,37.2103600371,157.875020048
303.366262987,35.5019770828,305.650891986
-762.531432555,98.4599723526,862.756629409
-50.4828549591,39.1803180847,317.602802918
-56.8143152903,38.2147909844,166.048575908
-55.4645824565,41.8299026423,167.157781259
887.406368374,63.2064029956,1468.59928501
155.371416042,147.838778874,2070.37464705
302.052763697,29.0253619852,401.544880834
303.680421916,33.6635002343,303.43920337
-47.9346166367,42.9521138048,281.761241862
-1443.64625511,110.836300711,4837.86374057
-55.9600713481,43.7493178755,55.9453781067
-54.6661152034,39.4464693515,184.187193809
-55.985475762,40.3593605936,45.1382531643
-52.77672517,39.5423833253,184.480109259
-52.6229243484,43.7534441002,53.1771889914
1.67364029401,33.8172824811,386.365903682
-53.2180981058,43.0280339971,58.1767397753
344.033152384,31.1536066689,175.364239615
2.56321419453,114.03089846,2408.4298007
304.998705481,33.921536355,234.882590637
312.197313872,33.8407096078,266.721015941
-49.2656589338,44.0975568332,139.175466457
322.733063796,85.5743252599,2475.15109485
-53.4910819763,40.7356018495,81.6880234642
589.985346213,64.3707658672,3656.09665929
-54.6530315809,42.5773557503,29.6236381311
324.505188289,25.7447105016,267.116196633
307.395713603,36.1733696148,292.47807921
-52.5507220492,40.3060075935,90.9663499563
-59.2989977176,35.0003419011,189.547270936
-51.9742727564,40.6439049075,176.502080487
-56.1326522695,39.3349977681,347.243189464
161.670748772,146.271490182,121.572745649
-52.3027296274,40.6191776125,67.5824410611
341.823472876,52.3754107293,2420.39312489
-54.4044233677,42.511017811,36.0804094853
300.086874,31.4902697353,356.247439704
103.903419753,117.151561162,1738.75434329
258.056480846,141.697848389,5999.52844181
-54.6070308731,37.1321853861,149.955994661
464.739800872,48.0182542899,2706.91061408
-54.4564184544,42.4565632142,74.2573126666
-58.4928258691,37.2764975735,487.466414529
-57.0937800457,42.3957747063,103.316143475
-51.419401881,41.7471763233,64.5020355986
302.793619374,27.204722837,293.129748205
392.516917737,37.1651622676,1176.10198178
305.883079326,39.8668198678,299.610225283
578.601332754,65.436248797,1517.93804777
-51.3217891853,38.6521447442,79.8584425161
311.268255225,32.0274313231,142.796007354
103.722323027,45.365505916,2634.15639891
568.638582713,87.817126513,2192.59087475
284.080666902,82.2228790072,2157.11487072
306.971047501,28.0247426585,681.134783635
-55.5939346718,38.2807586238,260.809876044
308.195239557,28.2960798964,436.28089571
-53.9000846423,39.3500905642,210.579108579
-50.5755817459,42.9469917605,38.6549558034
-51.9630492292,42.2793773562,117.900420084
-53.4762966428,34.016440585,499.957726701
-51.5092952159,40.669377474,86.5547598274
-51.4316264452,41.0436786598,164.864690758
-54.5389565053,37.6323038512,118.341891649
321.633313161,26.5465859635,295.73659785
-52.1280209553,42.6457333556,38.6133555275
597.047901611,60.1296697242,3708.59856164
333.698018347,32.107935594,113.358169605
306.116154958,40.0650200449,253.505726364
325.422604945,28.8685349087,1496.77246167
-54.387279216,41.1823199742,43.2523470539
-52.8774735743,44.9257725041,14.2888812968
-56.3673632164,41.5418515138,212.054591252
-53.8439102197,43.1505719827,47.1800850223
-52.5421305026,33.6666961035,718.185257695
153.880414555,146.037299457,2114.83957412
300.182962261,29.907596602,326.843968095
305.967362468,31.2824100165,902.218892539
-51.0676730043,40.7993248846,164.482042581
-50.771231195,41.6624625089,239.668395489
-52.100125403,41.1065696831,264.057914382
386.711876631,37.84923373,1019.60787356
-55.2062307824,41.9152049848,154.653189308
124.738445726,55.2332412687,2788.99520685
-53.6253951663,44.6608795163,14.5456044745
-53.1357574726,39.9159616751,167.328024732
158.170144648,146.371536921,14.5558931409
-52.4790084678,41.0758373022,148.751580675
-51.5011708769,42.0041494206,51.3560541391
127.476096456,141.739691649,50.1076502661
305.096372065,38.9478176938,218.304834776
155.645781469,149.070380853,106.662748566
-53.4513550109,42.2526194389,86.7934584842
-53.3049568023,40.9628754927,68.9243079408
-57.6751665063,42.9652853698,138.409639871
-50.9194975272,45.2167378452,667.322954005
228.347515146,97.7273812372,1988.29127239
-53.0313603734,38.1149840704,314.380433351
-50.0293183422,43.6003378106,438.487968012
-54.4747900468,42.4978138998,87.9392946936
-52.4897087023,32.7151306548,363.600673804
305.160607961,32.8931824673,720.012097383
321.662922838,32.1174372318,1298.87312938
302.174145439,24.8426169094,425.417282041
-53.3079414465,43.5440385262,56.9045363879
-49.6309867918,38.4502535273,281.474021132
-52.8777154684,37.563299713,101.747783936
-50.7861199551,41.5526273548,112.968346848
103.44183434,49.3494653995,2479.50925287
-54.7189895533,40.7299928135,420.356229714
163.860124993,145.45986086,691.892584828
-16.8006131836,95.8773212497,2848.23090503
304.180250001,29.1520606128,264.350488569
-2.25281459076,103.731742559,2386.5004879
113.074971856,139.197291254,441.940151712
-57.1709283737,40.2974224678,34.6616532902
-51.5055401704,37.5940308668,261.973856305
-52.024965836,42.7529200538,52.126873623
-53.6346224573,43.1233592161,28.8756913593
742.737714358,118.231596752,2222.02055431
-52.7493897851,40.0687841183,137.352336131
-56.1293170812,38.1758606241,295.398716826
-52.2411458641,43.7895327839,939.015844886
-52.8302622365,40.3239860555,115.993702093
-52.4385674278,42.7086511333,51.6276479985
-55.1836350874,38.4001937093,173.443533347
-51.9618174732,24.6062179453,535.469024103
-53.8918150512,36.8322144965,436.160728171
-56.7378900116,42.8234544433,101.334023318
328.98721813,84.1061261303,2571.68471323
162.6809398,147.303517496,255.654774433
310.026714402,35.1651788161,221.904956914
-55.5441859808,36.8032591464,336.365185768
307.597985429,30.8190089463,381.539355202
346.716710565,23.8549615799,2904.70662585
-52.6676661798,40.6612846121,174.267806395
322.884452601,25.7238038813,419.883472214
-1158.64806819,73.979529661,2026.94716243
-51.4139861141,41.0969530832,125.555135875
-54.9728103744,31.6224013726,521.138462304
305.852739067,28.8420693193,669.913205604
-613.077644987,126.972473042,4481.30523672
-53.5672371014,39.1341555043,106.224735059
301.009807383,36.7422694483,438.571559487
319.619669247,31.7012127838,378.693167928
321.283533757,30.4255196341,77.7163566598
191.861980626,84.2094289987,1620.38217377
341.042442386,53.4233693911,2453.84857592
-55.92380878,37.6072905038,121.528017595
197.733626179,71.7242730357,3226.62549199
126.051913516,139.850471401,976.418124953
100.155954582,46.7224974702,2471.99217746
385.711543351,35.6311728293,1079.17162346
-49.7576208403,38.1117618292,112.027808198
304.870620308,36.5167715866,297.797954788
161.043564539,148.802657426,78.364633447
358.698835286,30.8641361479,451.238902091
-55.1202524885,39.1106468616,221.859666156
1501.07963593,103.76451927,1536.43807215
308.524990691,36.513126788,171.421195797
-51.0628352194,43.3680630571,28.2228837819
305.35590023,34.6444155437,243.670004568
312.475702608,36.8186381872,484.312768001
-48.5276867361,43.0061348858,359.829566958
-53.3203422512,45.2713445782,14.665473463
-53.0311966224,40.3850123718,131.434862911
-156.121538377,87.6610479828,2322.89436588
-56.971778072,40.9635791397,65.3998626757
299.386592017,34.2967969638,421.789679337
-52.3716742621,42.054260589,55.8462857051
-47.592757837,42.6543549066,138.105143659
307.696399705,40.2416463144,109.116399145
-52.8109042157,43.4801449383,32.2243984283
309.952674802,35.0867880462,1522.97238392
305.049022709,36.6974518459,155.394597338
380.826088372,33.7401731409,938.778338072
-52.4823732524,41.7159497966,71.9862553387
4568.55445582,-8.45025443757,3818.48612405
1852.32055519,187.891283801,1494.70066265
306.285675147,31.7706230669,210.780797022
-45.5459070314,25.4464447319,582.714905703
722.87533641,59.6412341258,4191.28683778
-55.0262822868,40.7412064538,162.815345501
240.18490342,60.1317175519,3698.8956767
-51.9728244978,41.5682483918,115.114340105
-56.3541587735,43.4127454529,90.8308021246
11.1675725496,122.292190102,2257.26707972
305.608186134,38.7732003976,253.168371497
-55.4750637037,39.7409265264,193.762602111
-57.1441677816,38.7574069156,101.047289581
-53.9151821293,42.4063937667,119.460160725
-195.910149439,145.157130978,1944.96092337
289.658600696,53.7997921391,4278.73606297
523.46899514,61.4667739553,1494.18245037
-55.4490411289,39.6564615773,208.837754199
-54.6279359338,40.2757360254,58.1522932329
138.400998346,93.8360254068,2449.50162146
-511.968855347,142.18635499,1134.09207818
156.662219064,-208.824637563,583.690240591
-53.684898083,43.2190199222,34.3591371168
304.510382713,34.071697905,179.611776466
-54.9051331321,40.2931391603,441.12818681
-49.7994274823,36.2672010034,455.079383731
312.066933633,32.8312762563,807.06024159
-54.3194059773,39.4358268584,200.214452608
-57.4203065648,40.2607853539,146.775981592
-51.7855564411,40.143735332,407.873284732
-58.069208047,38.3318660332,104.843003444
-53.6766679116,38.0975547185,146.885564738
307.158254124,34.6429093708,180.196940789
-53.2212233251,42.406288829,130.749888314
-396.631543686,121.89836836,2427.67883528
389.062919383,35.7699003833,1118.02473702
-52.4240781796,40.296541691,194.371407472
300.803894265,31.3892955082,289.414140769
304.759309763,31.2743724345,375.314937678
-51.3110411776,40.0669200362,77.4128838239
-48.6864209654,37.6100215417,334.971613467
364.675609141,75.2512652624,720.459902279
204.031047854,103.887179031,2206.02542817
-359.748101988,119.938740721,2033.27640869
685.818876296,106.495046858,1574.77200855
-57.4746645723,35.4168865382,162.073085439
-54.6328551066,31.4941252169,385.766013099
-51.5850742943,43.697088674,43.7408454952
307.577212539,31.3906975477,121.677637191
-55.5033037755,43.2203821913,15.2469938933
367.774582669,34.5141724023,629.212235581
-912.555396849,-259.531519825,1475.32320838
-51.6213616547,40.6966421594,248.887626618
670.40186771,79.8327992911,1917.71452523
-50.6678082855,41.0312179141,63.4307785149
-5.30708621351,33.1870648989,225.676720219
-54.8898916467,33.1797971421,443.019710923
-56.7193333215,41.5299566831,49.7714240725
8.52959458288,37.6539737159,534.923918126
-58.5766890273,37.2165355877,122.258732386
-53.9289286388,41.6772924098,80.0594825829
-57.8118207838,39.4526958144,133.550547313
347.113889328,33.0030040324,2371.98938649
121.970736801,127.172253894,2174.85798508
-51.9153569419,36.0660149506,328.97392057
-53.3899763607,43.6742457756,47.887741196
-55.831261288,35.6178057361,156.163198069
481.564964264,51.9969397988,2984.64659209
-54.8952858518,42.1262824842,32.0546043504
332.518097441,28.0436854014,2203.35290973
-54.0667032078,39.1178474855,151.241559327
-53.5764052743,39.8927848763,83.5838220255
-62.8784635347,91.4447903457,2504.63133364
679.449909513,58.1872823652,3097.29171748
511.634720246,155.259509279,300.486380319
-56.0744799715,41.5055430508,57.2711348593
336.785837998,31.3730567823,108.000024227
302.324698604,24.5868359894,436.280036893
-50.6934259025,42.1493092805,110.384659634
427.74384545,39.0694952028,1939.37958337
-47.1149106496,38.9918989139,217.153867646
-49.0582649983,37.4862377557,195.843191399
-50.0628413314,41.7358151844,113.669111109
-52.2078918536,41.1959159356,292.417706299
-56.3631673129,35.5967466416,162.139243465
336.192929619,29.530708637,140.499647287
-52.519902489,36.7581238847,313.579037521
-52.8696613333,41.4836296817,169.629886592
-54.6825453845,39.7704367511,220.301730017
75.3873095495,37.0195773736,2129.82216568
36.0277549636,127.720275762,2505.6517393
-51.9074498914,42.1045928996,72.1460828698
-148309.693381,71.172998073,2665.31598854
-214.215209021,103.066723274,1451.09005592
218.761301865,101.215150693,1972.54037081
-52.4986930863,41.4664602664,114.811040692
305.367092142,36.0928454272,302.466871343
161.463231958,148.284350426,215.967010401
-55.0474764505,38.3896186407,113.901507954
3124.42606865,153.011733168,5945.88328772
-52.4024903112,43.7864292378,62.2530845198
-48.8676779388,39.5911551496,249.085031214
-53.8293227279,42.5019229119,118.255737554
316.062605248,30.8947131595,80.9502022286
10347.7710476,93.010719583,2510.63848525
142.298537904,144.662279304,939.598232688
207.436589111,120.322896238,1342.10310969
303.273641499,34.4150775279,252.705119225
-516.745267864,145.225632683,1330.68783449
-952.381488127,153.769018389,296.946461128
-55.7619509799,33.8815032011,465.317329323
-50.2000289731,42.2333101515,102.03276558
-56.0922257071,41.0388655378,33.0873443203
276.188246149,84.0624466096,2087.84461436
-52.9172832631,39.7875904726,113.243371084
-56.5205231117,39.2999449719,217.045026853
-52.1104482299,42.229751453,75.7914505299
875.118124327,153.195518923,270.548478882
-56.6007900369,38.1417820838,130.423133383
-51.8878465043,36.7679109707,110.152255416
270.718696227,23.6130770665,1857.78086221
-53.1667164129,37.7077238629,331.617887889
301.994036185,31.1509807161,332.979355582
307.161948796,35.8298831837,415.105440554
-53.3947991509,36.4348648063,150.038305816
2783.96963323,415.97970543,4224.0669524
302.134684331,33.3694012005,283.050909372
307.906341561,35.375434982,160.859070941
312.762199889,30.9105683646,252.2540598
67.0686335604,33.6822932691,1993.25430038
-53.1519176101,41.9835441296,152.487480401
332.215566934,28.2168126285,139.858728631
-53.6157528976,41.5114976591,101.312009767
306.172856987,38.3112426413,270.431217154
362.656726285,35.5177641738,1408.95478065
-54.3953288182,42.291956519,125.764800513
-59.0687876296,35.4811708783,195.501937398
-50.7887334299,40.6385421698,145.172825254
-56.2221211746,41.4148607606,153.609692468
309.535097634,41.3573155418,161.426924591
-57.1496013939,40.1669900274,65.0478909534
313.511069944,34.8277589549,265.243404295
-51.6439568264,41.949608378,46.1973391414
305.474652359,29.3540588949,325.406442858
-50.7992614482,42.4796517619,178.177257254
-54.2883054311,40.7157552688,331.793883436
-54.284841058,41.2469252007,421.094124175
-52.2994605875,44.4324021057,44.8787724872
302.492729577,35.3192482168,389.301152256
-52.7489658415,42.0027799912,136.876616364
-51.2496337332,36.0663865368,527.245260759
304.55176097,35.0663408824,566.03719284
229.479051581,99.996745039,1965.23692761
162.980058091,143.135434013,369.504386913
465.097113412,47.8767245844,2695.94711834
-55.3549351198,39.9654369043,435.088329305
-53.5330376172,33.593013687,739.664835388
309.716776118,37.3220311786,126.378074847
334.072220373,31.439096562,129.441765286
312.90348241,37.5307834293,455.863479294
-42.0329616125,26.4053978697,519.235244905
-55.7320236658,41.9807620772,60.1884082602
-55.6507830767,44.0210992005,52.1586467382
-53.3179277313,41.9034837745,157.06777297
302.393095371,39.3514931584,431.342979277
-54.8330443402,41.6527500745,150.127603345
93.8735026952,114.184945689,1339.14339514
-56.0028767014,36.1722511182,166.766977102
-54.1566697886,40.9749394447,133.181713431
-53.5012673929,43.4355388657,61.0541207308
-22.4550691348,66.3362989313,794.308032142
312.516734367,40.2228383111,472.61184865
-56.1512628603,32.4646497662,358.574845437
-52.8073656524,43.2662772827,25.217540212
-53.8349742971,42.672274551,126.505287721
-53.4585747249,39.7651221444,150.402527946
-51.9984632934,41.0673067695,63.7739035487
-51.0662890418,40.5381799862,76.4781053402
311.285934959,29.9409036157,473.893816775
-56.2825563332,40.9476618893,170.125883572
2318.9457817,148.112855979,1234.46027558
-54.9014877937,27.5974916344,558.544865943
-53.5439899491,36.2566703962,554.799767589
304.854297502,30.9781771608,272.419349334
-52.0384415736,43.8909025622,459.050771499
-54.7325541587,39.4556628847,215.922589502
-55.6688272573,41.7826632572,75.1142597016
320.731246055,28.239435631,847.629213695
390.155626793,33.4367033258,1176.1879468
-60.7703718037,15.2174034185,2428.08413494
-48.415287022,38.542645513,244.431826703
-50.4018902559,45.4808225793,820.131866122
302.186141169,55.8127079483,4307.11727572
134.971628156,124.686278104,1841.36407226
-53.8408838318,37.1243869593,114.951086051
306.35419068,34.9877932664,211.975888198
-57.0213887441,39.7668155741,186.925450846
-52.8540914787,41.287045948,151.420666923
-51.4078343763,37.3458672928,121.129386078
343.823250614,32.2563075861,1304.03292275
-53.37800531,42.7815901912,106.78365521
305.222805194,26.5894022152,341.47844521
158.433460348,146.722684286,42.4176568763
310.57070724,45.6390096949,782.661131353
-56.969427726,38.021320646,172.355378292
-52.103740319,38.8982306871,104.160574878
-54.3992898576,40.9935830718,117.419575788
-53.3134199942,41.0966668439,118.122264236
-47725.9517192,125.695836093,3006.58699311
322.657776527,27.9276651175,293.80689732
-52.8981902151,40.9011707958,117.463924075
736.795253799,66.3493279645,3796.15155783
-48.4645666804,44.0185414726,708.433460408
-50.6583373693,41.7744232882,121.39189309
-55.3632225869,37.5082272065,137.594047297
160.79445514,148.342895686,38.2656273017
-52.6673195258,40.0385107634,221.773655776
-537.338995652,106.718108236,1288.9434133
-50.9191956589,42.0136328874,74.4313760527
-54.8881496917,38.2448571518,282.355059613
-48.0648387765,43.5290970783,635.869843001
328.285834519,51.085633184,1353.14151969
324.565948877,44.0297194407,1152.38324212
308.858563483,24.3977465843,537.933432289
-53.5235098793,41.1685106738,101.517247189
-51.6884469445,41.1521433554,156.931590368
-54.3120216206,40.6162174744,117.856119865
-50.4055936881,44.8167217283,457.707987681
172.88650343,142.07207257,2337.47326849
352.26806912,34.5102513493,1865.16838952
157.509875921,153.772734785,63.043810276
311.428040035,27.4808096466,439.315459127
305.160223511,36.7706053596,351.423411897
-49.9137255302,41.5834876457,217.855377191
313.315266198,36.6746643303,535.766019483
-50.1576937621,43.2700252768,30.7400961773
244.630434519,57.8188622582,3746.17418399
-53.2817789219,40.6838847551,249.113076916
334.212541203,29.2159727708,96.889692041
522.651888826,71.0732924014,3651.86371083
616.753649178,92.6745746769,1182.83364521
115.827743422,134.058778944,1057.33494523
-50.9021471137,43.1264326259,52.8539889319
-202.734302688,149.824137884,1314.89608287
-54.7230693016,42.0323062834,112.141659605
-54.6664255778,41.5609144824,116.381031908
341.754596622,35.2602728208,47.9403104651
334.488774812,65.1278966042,1037.52345401
3762.81106981,142.964571633,365.323134755
-53.4317660411,43.4688903972,56.2072694308
580.171070817,67.4410672332,3219.78591237
-55.1208116964,35.685117892,520.630659296
-52.9950107128,40.8100165795,227.367011018
-118.432315753,103.498669274,1185.33136505
340.138564728,33.5888157439,90.7717199088
-55.894577802,37.5083822993,464.25306732
301.744353193,31.8201852239,305.077372103
301.365021269,37.5342590159,423.368946215
-52.8856661818,43.749556111,49.8228359244
-53.5485858808,38.1560722651,100.462532343
-54.5944288107,38.8358688197,211.886624104
-55.2690769239,39.4114663475,233.731141777
-108.720907576,93.2845798803,2783.0796111
-52.7871535252,40.3204741182,89.5413323637
-57.1282306108,41.5924563294,24.8911583981
303.178353349,36.4696467779,171.599762667
-54.4638886619,42.5326492793,70.800588573
1238.80475801,147.164609174,1445.24333673
256.93585126,99.0041476371,2007.20570875
-53.2513658941,41.0019089719,77.4810451436
-209.341257114,143.742041996,2429.96077994
-54.9374118212,41.4987978757,114.966094552
305.672151128,36.4414313742,253.374528664
-53.0823959431,41.4766423162,516.321564211
161.561500232,150.310809604,197.282236349
-52.2610487957,41.8896122312,114.247125269
-56.1018651263,39.1183068504,111.503365469
20.8222746674,127.772491983,2283.82112847
-88.544741625,104.552348386,888.139882737
-48.0019509581,26.5802904531,523.030020506
324.656431191,30.0327294177,1419.20489866
-47.5833133809,42.8746238207,240.040800406
-55.7907838663,39.6674584463,449.855345759
7.59953105595,125.006999603,1806.0333202
243.077809918,97.5307448938,1982.31719474
706.934074485,32.6293851109,1361.54449301
92.7210891126,129.479586867,1142.38965943
-52.2580309347,42.4906698976,118.045934473
1333.60188447,69.1168120919,1572.06031042
1425.87619693,85.663682189,2476.63759566
333.968504383,52.8839483011,4481.80926978
391.529594656,36.7370270157,1190.17458654
-19396.9024675,75.9188895138,4604.14363285
314.215879264,31.6864490065,903.293557276
13463.3381532,149.229029844,322.706574925
32.9710166399,121.975011334,2142.05486645
359.19575929,34.4433693876,517.818720354
148.69627556,123.289171995,1658.40741421
315.633824512,29.5860683657,117.610153259
-49.7963173827,37.5124497548,373.401454755
-53.2042379339,42.1169451633,101.751959804
309.081475879,38.7015407668,142.434567497
-54.8836423362,39.9381234482,117.231080114
-54.5136714961,42.5187338407,139.639666517
452.254565975,91.8427553615,1743.10301893
161.701021653,148.177945392,47.7503186801
154.092908748,154.816230615,455.24004132
624.536094082,93.8198323057,2097.43797385
-50.8250971628,42.2865403125,50.2832676036
-52.2789870332,42.1799737115,58.8753812406
-49.8761257315,42.3368979825,91.1106682978
-50.5653143336,40.6760868264,150.806462444
844.311907897,89.4152101957,988.220857892
-56.7655442433,40.9465986094,112.463267016
325.315339487,44.5684227713,1180.93376957
-54.2519244792,41.7115090482,192.630123529
347.023757539,66.1233334803,3734.73692251
305.321039321,29.9561619681,667.099613869
-53.9424349927,37.924952935,315.614209095
-50.2198231348,43.8319363758,798.849037824
292.98660333,76.4669213955,1964.11333139
40.1631207695,32.5266366158,1394.33574798
-48.8973789994,42.4726898507,392.922415012
-49.7202006572,38.55312017,175.762890589
306.195423027,31.8820652196,381.566464386
-55.205484221,40.6993877588,315.620131848
217.018465441,59.2370306664,4053.41941286
-54.1936740267,38.53470739,282.535933133
328.012184742,26.5330888009,300.912170473
302.079271127,31.7599552518,309.434138426
-52.3107531306,42.6946982086,68.4562515172
336.476032434,29.9364801367,27.8856188555
310.962861517,30.2272976166,349.301612056
302.977092271,27.5647798244,298.221303895
-51.8240335646,45.0079865118,37.1306978097
-57.4854822249,36.3480785817,158.692551637
-45.7559507007,28.9050728958,550.480174092
312.400991207,33.8726729086,1082.74391
-55.3362986841,39.5473081644,131.644574225
312.328696259,32.1046031125,284.843978585
303.280975344,25.0861016144,404.92090229
-51.3217841397,43.3728818808,274.805477235
-171.987833828,134.514439997,2215.21509502
-50.9546215802,43.8871759164,45.7772645529
163.030419907,150.642614534,1523.07865593
-56.4663397904,43.4074880686,752.608799894
-51.2528148765,44.3798595714,29.8980032505
-51.9453488373,40.5509990137,192.37074323
-50.2638481895,44.6390139338,315.566946729
336.857786718,64.2581101738,3823.48308357
1742.74037373,236.331866267,14500.2990289
-50.3024797443,43.275838114,38.6544733909
-57.2217746808,41.0460442371,22.3097897133
321.977446221,31.7233534072,368.459891162
312.300453412,41.7330634194,416.094590585
366.596526829,66.2654035284,3697.16247671
28.9920652287,34.8541950047,1032.79298336
-55.3072457766,43.343311765,14.9105293079
-54.5409254802,34.4468416121,434.717671852
314.535562719,-8.86793521672,1841.53860485
-57.9479742193,42.0025758089,112.702919976
2770.61084725,94.0844836382,2500.23562507
305.078450887,25.4188024559,455.592987252
-52.1242157727,36.2541178429,135.189461019
307.245496223,39.1303810558,177.678464807
-56.8531126895,41.0400635672,111.754066499
-53.5629628516,42.7470621706,27.8261206359
-55.0682439539,41.0943620061,40.4932508112
142.141968741,133.444774919,2186.62270928
371.741370502,37.0119649584,704.551064791
-215.873908627,123.026759348,2366.88559347
31.1588919539,121.868815952,2305.62990041
369.583927168,61.7930827085,3982.38905535
-57.5639231506,41.3954139168,23.1861764204
300.548281349,87.4281559782,2390.94307633
324.243227433,44.9368564347,1014.20181087
690.883963971,53.3864119028,4494.6856686
-49.7126978373,45.9531335859,281.640316666
-53.321548752,43.501886928,29.4872354921
18146.9130646,150.506726971,373.091909428
162.047097135,148.163676351,133.657964573
442.291602528,41.4522667766,2233.69385439
383.890929437,35.06257876,1002.29607839
-12.8674769437,80.1466983776,2697.92011638
-49.3711463667,45.5856326987,218.324955092
864.885033474,93.6144610811,776.58965824
-53.0446520765,40.3403004399,281.229261786
320.254730644,43.6186989448,825.062287118
-53.8748441937,40.9877922291,56.980848732
-55.2275391845,33.7237291416,220.966707428
194.743559699,12.868693008,4178.59887014
-55.3572739496,40.7478910249,80.8904135459
-48.1093105092,39.6727105661,226.686364594
329.359129742,52.828243856,4448.89245213
308.873590296,36.7987350503,1518.33744497
-54.0470733251,40.6222195621,117.751896156
326.000899493,50.5390713891,1005.03508481
310.141481862,28.6049460851,1232.26390719
-50.0325555418,42.9186731149,76.3491244289
306.995949928,35.3841456838,203.610080142
-52.6491407528,42.0647084229,41.5421730032
211.868405045,99.2067579078,1937.37106941
710.695178659,69.0191089948,1510.84807279
51.062423825,125.83342762,1882.45569524
309.258419256,37.4109675145,152.206496908
-56.9614519185,38.120994232,147.159881444
-55.4844835619,43.8104305176,52.7527254682
174.819059813,127.555404385,1729.80107495
-54.2055672823,38.1444164761,104.166684736
-128.262019353,26.2637508534,3216.98925703
-55.9177089485,40.2860960951,180.8702313
236.052223833,-18.5818218312,2805.11143082
-54.1629638305,38.2742556257,131.374773291
316.980499517,46.768151054,657.117047767
-48.9751163054,40.8984191148,210.135203155
-52.3558801141,42.0321203943,86.1425010773
313.30376399,30.623203012,164.978423544
-52.5098079924,41.474285293,101.600472677
157.895145669,150.410916185,6.23250049959
-54.1980569455,42.4602473365,86.5987055126
-52.2553276716,42.7468995082,70.3123751767
-56.6546846573,35.8075612926,153.612620461
1324.91851322,81.0800974111,2804.23017418
-55.3390006557,42.2005410302,100.089744081
303.020816455,33.3018427554,233.889333003
-53.8205221598,43.1952914183,65.1441156028
-53.2508794489,43.0479057283,89.7811080776
-54.0682831387,40.3268291938,364.1976494
301.799867036,36.4061209724,486.744728845
353.490958256,71.1924224642,3349.9028414
-50.4389164531,42.851361147,58.6444095063
302.553028507,32.1884599031,258.918933961
168.811647802,153.810192815,1691.18425944
299.757834316,30.7706812417,368.50002911
-11.4144221,98.041880319,2679.51401627
304.664357528,35.7193468491,321.752241035
-59.2286496579,31.0395801755,454.190452541
-56.1787451088,41.2315418473,68.5618973972
304.799001189,36.339378987,222.077405085
109.97010577,52.5554824536,2521.77367148
315.374494138,36.5149413662,1350.65556137
-49.9142742779,42.9516246322,34.3213441179
-1477.42774282,30.1184904066,2689.89576057
233.928011625,38.7988258049,5627.10444546
-50.3708968198,43.6636454468,26.4632044662
1066.60827057,89.9840604185,2974.4472858
-56.6057125309,42.9790836985,63.4512216866
-55.321081656,39.2425620268,199.312888323
-53.6328313464,37.6658210512,293.788831406
-54.9938387103,40.0158209926,107.0088174
-57.5482103594,35.8839624442,400.463794246
-51.5434116312,41.4190707071,62.4024099399
-52.082188572,37.573094583,296.16084496
-55.087615797,43.5297774875,14.5027792547
-10.6452160666,76.3857012446,2373.97985248
157.653286701,148.44226353,22.7720653544
-53.4121387194,42.5216960697,74.3377726544
309.03842941,40.4504402112,98.0734918997
305.842492516,32.052457773,560.944038784
-52.2415495387,43.9499730232,47.4856936442
305.699171709,32.6144740553,406.5703371
299.67095011,32.1987800352,352.590478731
306.50700383,35.7247847867,274.9197852
309.051241262,28.440594545,1834.43726536
-47.7270268632,39.2764090167,221.767801608
-2149213.06647,107.744303633,3224.25548001
302.65985852,35.1669486531,91.6323679353
-54.1113861944,40.448256756,209.325382644
-54.7405324592,41.4550370226,183.517718585
-57.842560042,33.8859886429,194.527871188
308.953144907,33.8455273935,845.223424737
-57.0747821525,43.6325007538,98.7239891171
-51.7711169582,36.3908103782,546.29690059
-164.054167715,116.687792563,1777.80293676
112.076623792,50.747829391,2645.27403416
-202.789308489,114.429200018,1022.36442192
95.1565429442,45.7735472704,2381.81620377
310.493677614,28.0815631236,463.378803878
-56.0645315184,37.0782143675,468.153244493
-54.7202869631,38.35582805,216.845546229
297.182675692,32.0821559067,457.810326818
617.703370636,58.6995915402,3950.42813289
-52.6223225999,39.4395955385,116.237899051
82.320122125,38.236261267,2276.49765759
359.483159803,36.0020599323,983.431569078
-55.3612106039,40.8425978316,86.1046450273
311.116576732,28.177157367,679.546042049
328.960952394,50.9179605194,4555.20253561
-53.8780080056,40.4743541136,314.804181971
143.285282007,62.9233567944,2988.44847321
-52.7894926537,42.8150131362,73.5859251504
-51.2744234475,44.2115653416,45.010966053
629.16219918,115.747094223,3269.79659561
-55.4982495031,39.9601010351,149.797006985
307.654448053,36.1383242611,192.861806974
-51.8910259172,43.2430819086,55.9030888662
155.484495792,123.082353023,1655.28239565
-49.7885421646,38.0858298872,166.127187606
-51.3265119128,39.9541454513,90.8337695153
307.418773944,34.7781285788,110.009994756
156.034072123,150.390511139,108.969737824
593.294815606,62.7860411592,3662.54543264
305.488949179,34.4961325203,206.635588044
4479.1520856,98.9390923314,2942.6983986
144.769043278,64.0008089376,2996.6933879
162.364870911,144.569349158,1457.85180405
88.3404697562,41.7937910457,2338.66677568
-56.215669383,40.5164701655,116.748480323
319.651657032,30.4928343195,292.903225203
307.171058727,38.1466928993,107.936102884
208.985155789,103.204302405,2042.90608213
-48.9490908332,41.3308248467,283.315381791
-54.3145404502,41.110525501,167.583699582
-54.6161973531,37.8953884986,345.400583649
299.1245308,33.5348013636,437.573560786
-52.0811102889,42.5751121771,85.4778070363
320.961323907,30.8152876582,77.3218181124
-56.3018199727,42.1303090221,77.1249650501
246.454851111,97.2259259911,1963.65284014
-51.0504854239,41.6240619366,88.2158531481
1477.69543016,36.052922783,2360.50968779
31.6067894641,37.2649304425,1085.7367962
-426.551908169,89.9140176478,2286.81457635
