-53.6241851268,37.4342903096,227.178295374
-49.4290403739,42.8227736672,308.754239527
140.643615907,125.442255579,1828.2395937
-50.5812433546,40.7362762267,240.073755675
286.958569125,84.3082746798,2168.75906551
-51.8378411062,37.2435425699,445.77934732
339.525102281,31.4795489918,1128.55329934
-213.232274288,99.9026622135,1171.25452085
-51.4823665375,38.2481938886,400.209864061
-53.4397518984,36.7002883504,369.20244321
270.053628516,52.3265690308,4232.63268316
-55.3990868151,38.2451438475,111.357792127
-59.8546398224,33.6410888205,469.753915915
-49.5898462816,43.2636971451,337.045731899
307.90046146,33.9448347055,323.562243318
141.954465715,60.4924691655,3104.61039719
308.774476757,38.9567052756,1732.63650863
217.869970876,101.875090318,1967.30475638
325.85106615,58.2948396645,2198.86841968
123.325864287,52.297320954,2894.04319694
106.795583597,47.4168140309,2623.94956864
-56.3263292201,27.7853737012,512.314328181
-51.406250778,37.9688568914,384.373967234
-9.12455807983,33.9186513772,135.108459049
313.478274832,29.8393885292,1712.07584405
-50.3911024951,40.9342858252,230.597744821
58.3132222916,35.6509576306,1745.11200294
167.887926692,73.4774011878,3285.41499116
-51.290342462,38.4277368594,384.955227574
-51.8897326396,38.2929368006,349.729920299
-49.916626976,42.6817711742,285.778894211
-33.0306546489,28.8143998,362.752276644
-58.5538053758,37.0721674953,479.226950698
-54.8452034232,37.1836993587,138.20831573
255.165713889,55.2034902127,4096.03940588
87.0799249247,42.0667058617,2302.36699176
149.562506523,63.0808941403,3249.84162395
-52.7558271865,36.5235247824,380.460267932
-50.1094564653,44.2824246289,584.865488365
-50.0496444381,41.4912851735,200.97725143
-49.634290897,43.7719643051,420.721338404
-53.8993382186,43.1774366683,602.645536521
-53.3566437091,37.829882136,201.388045057
-49.7004517233,42.2397336333,216.742453069
-38.5108272552,27.5658983434,436.636547708
314.036510277,64.0113934101,2105.75726224
-51.4452686057,37.383071383,428.018435266
-52.9327913344,37.1150290441,299.800706458
-55.3263268942,29.6857175274,501.540868065
67.1163513846,37.5402450441,1909.69086076
-50.9576745003,38.3999565311,377.268229674
151.364135687,64.719191739,3221.09952153
-53.8612203497,37.0936102124,275.949305831
210.076490698,8.08028836041,4380.91075375
308.932058567,34.1844959429,1653.03931552
-51.7829991023,37.9846744908,383.153400495
206.986163295,66.3258766664,3669.33781291
-54.7714571772,37.315092471,137.885548855
272.319024975,51.8784969322,4292.18313461
-52.2705305245,37.8493265192,372.31436485
238.535898748,99.6690382745,2118.90594954
11.4450695674,35.7544974909,619.439857884
-51.3201860189,38.8848832568,355.50381922
132.513229596,120.468098767,1634.74426921
-53.629319453,43.0387464332,599.57704346
408.216607707,81.3778744478,754.758001472
-50.2909484364,44.5573068603,513.523028162
-51.4612428115,38.0218497604,411.430795886
-56.4778966051,39.9908698998,542.997566034
62.686893808,36.9000805313,1818.75721083
301.340148429,46.1918802627,1693.69899258
-35.1257114366,27.1807037227,406.135918871
1141.44159033,92.7620073767,967.457803998
327.437576343,57.7518661443,4192.46383915
249.048848049,96.2508482941,2084.46134191
114.005543015,49.6653275962,2729.11512027
-52.5569218796,37.4845073234,437.929022377
-52.8356227293,36.8406441023,345.22759218
112.490141083,47.7972912991,2756.58900331
122.505433299,52.604143072,2850.09043402
-50.5685146195,44.6375377405,577.500775489
-49.8510207404,41.8504100611,233.310849704
-54.5006522973,37.5317603984,152.138967606
333.07279743,55.3118029609,2238.6176351
-58.0148684298,28.8997433149,500.491740908
-49.7616049722,43.3378175158,294.888316985
-48.406608647,26.5674798272,531.677997755
-54.4984422019,36.7913735517,220.46505654
162.127653672,72.4242366506,3207.93522506
228.5354509,100.12354154,1972.85457909
208.664544526,103.089429412,2022.2841818
-53.8910870125,43.6762172966,699.702978009
-53.8619987856,43.0871651466,644.380338599
162.533953764,71.8706902669,3267.50915004
-51.2843123029,39.0350770788,355.147947326
303.808692729,34.5028803086,273.501001656
140.817870326,59.4174244875,3118.17704623
-52.583671285,37.7448871417,439.376702466
-50.0641570209,40.6666248593,232.377181349
126.309632201,53.4089000903,2926.18384569
-53.9782234081,43.0166150174,616.638223227
-51.2048643247,39.4154045409,325.987440606
-53.1908219979,26.8653623747,536.354663625
319.620113336,61.5616320858,3984.46890416
320.121873761,29.0107911602,1607.55847525
-53.49643556,36.7098411494,282.42314877
107.283211024,47.5346028611,2630.21649152
329.172201724,30.0823749632,1370.62816941
119.147559807,50.468780535,2842.78261329
310.777634677,30.7350104948,1068.52225567
166.162850176,127.546694798,1753.69568481
-56.0885839981,41.6991996914,623.358824834
306.315966984,34.105904119,222.441600162
220.024968944,101.763947834,2049.63338068
-53.591641168,37.0067068055,254.081694353
-54.3328917481,37.1735123105,213.841335071
305.130070492,72.4972662589,2119.62646424
-56.9143797893,28.0376085146,515.477563757
-51.51417094,38.9659319871,363.400642965
314.059035539,65.6262546356,2138.01098764
-58.356978293,32.8818681003,443.359213041
94.82219553,44.279786806,2428.92659498
162.46550895,71.381538596,3295.47591279
-50.9479047153,38.6212015907,359.714547422
312.625818882,29.6311659752,1275.7235327
-50.1314153852,44.404767654,539.996083334
-55.5447598214,27.2735036276,517.472418987
211.173176893,64.9213405885,3688.14810772
-28.2301414864,29.9751827519,283.850248061
-51.5693171658,39.3804615453,338.899797996
-113.77620693,103.872649547,1277.23527937
-53.8793166132,37.1898065536,274.288504637
-55.9352622757,41.6881628237,668.213271894
-53.770702766,36.6659321624,320.628423716
-51.3525084338,37.8945005039,407.863994139
-53.1810431674,37.2986299217,344.393792997
-51.5523751448,38.1173312778,402.685736078
48.5259650344,109.890496364,1395.32291449
-56.6020188175,39.7393830239,529.378952286
208.092361262,65.373366769,3653.32389946
124.216305458,52.3868609979,2911.70887015
-54.7972927268,37.0941816347,159.375635741
-53.3363756748,37.6623030089,266.7376762
319.938409196,46.4029430087,737.813490262
-44.164363007,27.609345134,501.900727272
218.954979231,62.3895199911,3775.65654629
-57.3644548596,30.0346685892,492.889883944
134.690639675,120.999444833,1640.86030814
303.537550228,37.9458623762,439.415647088
-53.3093520168,37.8741313494,211.753813142
23.2165658117,35.733880254,906.791426575
-55.3237287646,37.7288609012,115.852967511
-50.175573219,44.4237176548,496.014573404
169.368497468,73.0951233647,3332.60058078
-50.7873592157,44.4452984966,570.122740051
153.488145731,65.5363913356,3261.75517675
-39.1702489947,-46.93986182,8945.57382449
-52.1778765668,44.1953510744,666.970695895
-55.3359079114,37.9131407556,113.002902489
332.233005838,66.079502688,3710.51371533
323.535075071,72.0941018773,3382.54463331
-49.790503364,42.9988965274,318.722244505
-50.7367936676,39.2302218382,329.707671485
-10.7470013052,32.8103246412,98.8960109071
-52.692785471,36.817770993,447.186809197
309.33842564,30.4546276098,1756.66153313
308.349161872,34.6229757039,1721.93487572
320.231899148,28.6603703293,1459.95600321
121.238805924,51.6504031365,2852.88031921
305.632373352,34.4793181372,219.498000828
-50.2782261489,44.1505333682,526.401353869
-52.2517460431,37.1730488333,453.888305523
-60.3168842701,35.5975312978,504.38422489
-52.0514616305,44.1388873657,593.65382461
110.41395257,116.614148124,1555.3018695
-53.6917265308,28.2509610146,507.026171603
-51.2922119706,44.7818362523,654.28791177
309.087063784,29.5949903792,2125.25081743
34.7296970751,34.6515811942,1197.87439659
193.376289081,135.463997868,1991.54745418
312.19706801,29.9300323969,1862.65615729
-50.7813628816,39.3227691603,322.542726643
-50.4268816851,39.8255796733,290.760005306
965.318657537,113.240380981,2909.9710091
-50.9550680737,39.9125940623,294.358997534
-542.917268682,98.7598144545,1179.51979935
174.0039104,72.9724347912,3396.46689938
315.812389599,53.0293367785,4414.87328641
-50.2223621959,41.3498715767,208.174927831
-53.0620693892,36.1291901725,425.664953576
-53.3270818697,37.7062767577,254.392846679
309.614864263,52.1907135098,4456.87864993
118.440158541,49.7695190563,2848.58091755
227.071459003,99.7967317384,1925.38423028
-33.3160417433,27.9019368438,380.618878193
132.992447094,122.180467021,1711.80815853
153.591984173,67.055930946,3178.28677466
21.597680154,36.1724375805,859.393537486
340.708671094,51.6054710452,2323.98631316
-51.8595068286,37.4349050016,406.725846367
-53.7259286976,43.4781273468,631.165301051
302.773128742,71.8367439953,2121.08891943
300.255420417,74.5238236715,2211.59882869
-53.0339254589,37.6528647637,285.231687384
17.6998416871,35.5546676652,768.619159577
326.79260652,76.0128139707,3130.95419147
316.481037248,54.1655645196,4359.96674856
309.379374514,34.2916982592,1540.06366537
311.154918742,37.1919252278,1041.68095185
-58.2025316725,38.2270843045,509.798431976
333.739250381,79.1162295571,2915.15756088
-54.3124626238,37.2578416639,178.53109977
-50.7292819612,40.3761730926,259.571648841
-53.8213157694,42.7107526557,611.556761918
-49.4857151432,42.3497013136,223.980095114
325.764892916,29.8397616982,1491.09644654
103.669906924,46.8104481757,2564.16300689
-50.0993334352,44.2185121387,548.338636547
-50.2893031604,41.5824878597,207.53174283
47.1123657959,34.3791730012,1506.99299019
-49.6293937619,41.5619121297,201.30095561
-51.2702986443,44.1416005581,637.270411695
325.74281283,29.4590106819,1419.48881039
-49.8380313443,42.3088441386,229.970989198
309.695254148,32.8106412092,728.71426022
-51.5180584603,39.0130968844,363.067618619
-48.721637576,26.7488241763,524.837944131
-54.0895130292,37.5704806229,188.383654269
-53.6911299074,37.5566636225,193.502631698
153.814250933,125.242569377,1718.99039073
-55.4236657445,37.6776081592,118.189453981
-52.4989428528,37.9951229944,285.598663603
-52.3889691847,27.1754856762,518.997473786
-49.9282949339,42.5416590103,231.410877245
264.072760311,18.2159935115,3479.9317481
-53.8778363634,43.1332195015,681.402239191
269.976225782,21.5560320717,3206.33999765
-53.1370237689,37.9170385395,221.973883216
-53.8855626492,29.2003126738,510.57961242
-53.6926633609,37.7131350343,216.523560304
73.564585377,39.1820089788,2025.63792678
-49.4940296062,42.9842856467,338.275623169
-26.0716875433,29.7322766469,244.180792113
231.163617126,100.45953292,1959.58499106
876.678242915,152.384502575,502.605117267
223.62776914,62.1220139737,3711.72817345
-51.5599278327,37.8185171471,419.277514044
-54.7175692548,28.6687855439,494.550643382
-55.4641005915,41.9835654277,613.652017061
-59.1634930012,33.2448410342,459.800757945
175.97959594,72.7085460278,3366.29628146
-39.1770703632,27.4942704931,462.096330473
-53.401905204,37.2142062082,279.415856672
282.542209917,86.1450903717,2148.72541065
156.478641294,128.494718539,1855.80798028
33.3469878235,35.0846018361,1161.14170267
-51.6697134577,37.4588029186,442.815058119
-50.7041324168,27.7248654544,520.162837847
-51.8561662522,38.1660775939,401.97643625
209.254771484,65.2833935733,3663.39637375
-56.6797434069,41.7065102693,659.590828379
-50.898641636,38.7795784447,352.679424381
-58.9895295858,29.8183715324,502.915720382
43.7290757275,33.2885913517,1449.33378842
-58.6386491591,31.9351306373,466.236525908
-50.4932523092,44.5148737638,630.658956687
-50.657848936,39.246996184,324.555381023
-56.5600811224,39.9852095386,531.141350694
31.1607974425,35.2069589954,1105.93163496
187.757837223,135.519144098,1998.58431403
-51.4761830384,37.8201148568,389.170430036
-52.1548009156,37.7992730102,338.629908367
-52.1592110475,37.748762191,340.413820842
-52.9100127209,43.4972844185,644.427225544
157.671631566,69.5690329906,3192.8193153
316.201852552,55.339114892,4305.95692091
-51.4606923979,37.6040539535,422.278005319
249.012941065,97.4072650864,2089.78204147
-51.9877833791,38.1000939323,407.241157209
307.763366942,38.5225512678,1707.70920078
-52.7697474662,36.4290419041,449.661838853
293.574322162,78.6987412464,2202.02555469
-51.2540811453,44.2289417948,613.484086416
-59.2065148792,32.1247982573,463.924218194
-56.6554600297,41.8235708119,667.345343271
-49.9438251692,40.8199394452,223.013106394
145.498337493,124.177407887,1731.80708691
290.123167365,51.4085422458,4369.96529704
198.421637767,0.24684606025,4946.98097445
-54.5280313166,37.1451090618,221.257097045
212.452551964,102.028210117,2006.88580955
223.215582356,101.458265891,2070.09292569
-59.6003527541,30.3351322383,494.921332339
-52.6276830962,36.77855462,468.660793356
-53.1263321203,36.4031751633,392.107391992
-52.1733076371,37.2179860326,377.312589295
-51.9196042732,28.0122674444,508.508515145
-51.5615982053,37.4121264796,443.708045015
475.238734931,85.6829265144,834.773623317
-50.0586526365,42.3119498523,222.693369177
269.271011912,92.1319042033,2067.9470987
-50.027110987,41.3033421298,207.867857998
-52.4000726787,44.3943435561,668.051931255
299.557503795,74.3062912779,2160.86248345
-49.8629502093,43.0399133563,312.140756124
-49.5598342563,41.3508828324,219.968704066
221.657986492,8.84808934308,4271.84556437
186.231170012,135.245764575,1995.46928878
305.002376129,33.2846821284,229.46187616
72.0341079887,111.418266051,1461.82499257
-50.5910453438,44.7144106316,572.328237083
-50.6168587397,28.2028729838,511.877601683
286.532917723,51.1444600287,4366.12143039
287.043371895,82.5456317873,2165.52665658
308.946229226,32.7184441391,1442.18851118
-50.2729231749,40.0945926912,263.638111336
175.488381368,130.333200511,1819.89430228
113.270093701,117.841894827,1627.65874397
-56.4479035503,39.8885599452,535.454361431
-51.0400879433,27.6797210771,507.503692471
-44.9420526602,26.4858054285,507.941862465
-58.4810656564,37.5179445747,490.349257904
-54.0916935099,37.3634935923,184.765030649
-51.204401544,39.4365314432,332.380620924
225.459874542,100.730002518,2047.1236062
-50.3677499155,39.2269798143,315.205739551
-51.9686864505,38.0122811824,360.862512823
-53.3596947445,37.7787634032,244.481494062
-59.2657816454,35.1571829138,469.752868021
230.1444815,60.8768941336,3756.11344019
268.066354052,18.7828428545,1925.71682661
237.99168578,97.8823872509,1924.16572489
-52.7159428615,36.4715766424,402.973758485
280.124635392,24.6005380332,2962.50537799
-59.9622896288,34.7526388265,481.965202763
219.434495042,62.7784765916,3756.57535561
232.066608617,59.9033042372,3871.33705423
334.770348064,68.626285478,818.5612747
308.07036991,30.6545667577,2128.79067221
-52.2121139024,37.7339136748,403.516668674
288.448540674,82.7136683482,2182.31123925
312.128799254,55.1558062537,4313.26585198
335.02800396,67.765397951,871.212056566
-53.1206451819,37.0859766577,440.844239236
-18.711057554,31.7528976088,84.4717676187
-53.528153081,43.8480136378,719.721430744
-53.5208105509,37.7994472529,210.367919764
74.4995572515,111.832831754,1485.71692732
-49.8392669702,42.7711432423,285.148085745
308.747069509,31.9781577001,700.345656216
309.345934043,38.0595344026,1693.61729922
-17.2875925344,31.4242287842,52.9539086439
2321.10936289,107.652985172,2594.29706483
-61.5217503938,-16.1609919663,7537.83774119
-58.1349937457,36.6460732173,467.595936471
501.698643513,86.9480099345,904.604305443
324.142833824,66.0948171121,3717.99961151
-58.5174789789,36.7635302472,475.120535698
-55.091283378,36.8933340268,140.922866634
247.828280576,56.6369791221,4001.68677779
-31.3725701077,28.1115420575,338.054052279
303.488173105,39.9706379004,1821.57983575
-50.0878590564,40.7268656815,230.258208151
-52.085085214,37.3382510503,435.362868566
-56.6560949896,41.1293767363,601.669239123
-52.2606717796,36.6756872585,470.532578435
-50.430715552,44.3003805794,614.550925297
-57.3926535332,28.3431874577,502.16561292
-54.2883506679,37.5409933644,175.482444191
164.537855915,74.1729797284,3181.08222712
-54.9651104717,37.8200459598,115.413482101
-55.3482094989,41.4376207208,572.927348143
-50.62002324,44.4904374551,608.210632745
234.125978913,59.9833619357,3826.19132167
255.020227529,96.2618057473,2134.12263716
-52.2077140357,37.0359936039,457.23606438
207.657029333,65.7014382855,3689.37556485
-54.2803313206,37.6012760944,149.100938819
333.838621497,51.5618528391,1781.01311311
-50.148625085,44.3147949092,548.396242085
-50.188310194,41.2652322716,218.266881069
332.829014895,52.0100841213,1661.90681664
338.819835569,50.7234675313,2277.32015887
-50.829798857,39.9813428331,289.825299954
-52.1665261974,44.2095749612,625.118607423
270.962706642,91.4818690029,2175.22356115
313.536967664,41.2197348257,649.055409597
-49.8399456324,42.2854532216,197.237726461
162.132084417,131.142090284,1930.17652109
306.764574904,69.394278387,2145.87277569
-60.1577970403,35.8930743758,514.644857125
-54.9510776167,37.0097492576,157.966596866
192.917113239,133.818473828,1917.78544277
195.286114128,133.763904036,1905.04321254
171.729285817,72.6825066466,3364.72391874
-54.3662983531,36.6924078933,244.144614183
-51.6919026124,37.8673065918,414.338292457
12.2488231406,35.2953583275,640.086069266
211.583513514,65.0040587088,3659.8561094
-52.5168359855,37.8416959799,374.441726136
298.294848272,75.254870583,2149.78573858
-53.2046118797,37.2178390007,270.465469664
145.22195391,125.15438533,1777.66372361
-52.9962862109,37.2680851567,319.19212087
-50.0789023774,41.8986780956,237.020955736
108.550409691,46.814960519,2689.50844498
-11.2094302689,31.9390525571,87.8193861478
-49.9065343243,41.4130499288,213.10709595
221.878546217,62.158398982,3793.78921042
-52.8735183414,36.7660422267,462.478442401
-54.3874252469,37.7583226508,150.044137725
308.152860075,30.0224910894,1893.79871358
-53.373503927,42.9957075353,603.627312142
-51.9999333064,38.4103676895,401.046077133
-49.3053897441,43.6018801175,386.919783013
-52.7912349417,44.0525459197,708.845800274
-54.6504870493,42.5425844941,663.588657761
-59.2316409862,37.2898521274,506.764241148
-37.4137518179,28.0910666688,431.483390088
244.951859562,97.3885129191,1980.01414111
175.400894735,131.586394905,1876.71850904
325.22127079,72.3546898484,3362.9192096
310.380833137,29.17389123,1990.34486627
-52.1371177048,28.3067945886,521.142638041
-54.2649283189,42.1178867539,596.786479368
-51.00178171,39.0342492002,342.280968395
-50.2007150985,40.4763894004,243.532511476
-52.7182551364,37.3106269411,429.415790432
160.928048751,129.044001934,1854.22202347
218.665478491,101.299889405,2019.62843878
178.079453095,130.96288433,1847.45906134
-51.9332109706,37.9797020812,337.578112788
105.917526243,46.9310577199,2618.7642223
-50.075164107,44.3368999854,455.382072065
-58.6944810915,31.0807525618,484.426723604
326.56901831,81.1293594158,2797.00658419
172.834309513,73.3668020652,3268.14574767
-49.7977965869,42.0315615823,246.820748845
-49.8083330598,44.2050846422,550.906451377
341.913351486,50.1925288714,2292.37184815
189.932352506,135.861902698,1996.58942596
339.226039434,51.0977315206,2115.26906834
-50.2064441068,39.7606322029,281.981686867
-52.7092148824,37.5623896819,352.648066123
-54.4366987709,36.9767533307,174.245227199
-53.85570054,28.1850321584,515.983664257
329.282769581,29.2932824976,1359.98412348
303.078248846,40.7227508956,699.471783153
-57.5100700039,40.1637219972,584.939285538
-52.4949632906,44.0689060841,610.67979542
99.2497391259,44.853281895,2520.53901721
308.348324352,31.8553372617,1728.8747928
250.743557679,96.80938884,2113.03430278
-56.4222899205,29.8972316115,494.043703108
-51.9246425263,37.9624533441,395.291748836
-54.1630709991,37.6884162026,156.536317567
-264.842381144,101.821925208,1226.09660626
322.708564734,60.1432729185,2176.30959875
158.62691753,69.5070058999,3242.70716701
-2.53194108058,34.3211911472,287.470626044
-51.663706117,37.1679281259,445.878653059
-52.8224989224,36.188922827,431.033882574
-52.3568622453,38.0110254647,427.811404249
-43.0893059356,26.784120626,488.126462482
-58.2965415318,28.7153743675,500.695010842
-129.469471477,-74.1163127596,11194.1278255
-57.2290108948,28.2716751289,517.247866241
167.021225248,131.396972268,1906.11715452
-59.639760428,35.1952566196,477.778187482
308.204014339,51.6739448987,4454.54415207
-49.2206072569,43.172240777,361.574868047
305.497065132,33.8466508698,216.502005472
315.781643754,63.5312035411,2134.31000367
55.7600376316,35.3621364756,1688.63155626
313.728238247,41.6287877299,672.176607701
-49.4974624433,43.9064948892,425.953210592
-49.3453509558,42.4724400304,290.881843393
-55.0655795824,37.3067898634,131.985871916
159.277282306,70.995911424,3170.98561664
-53.2798433506,37.0913808998,318.000890085
-53.2559251942,27.802437371,512.324857123
310.019779555,30.5819476103,1743.10452762
-45.2555784517,26.9771669856,495.995413055
-52.845145691,37.4250276261,295.428219204
-55.2836047528,42.7404632506,681.946772827
180.248414075,71.7867892601,3424.75942618
341.04821952,49.6563036211,2300.59689244
-57.8555550681,28.5344556301,501.194815977
315.446255655,54.5923111792,4327.03318529
-53.1608899323,37.2331212904,276.003948524
-53.5615460525,36.3315156653,355.449540884
-54.5912334482,103.512457253,1288.52076777
-52.6189828045,36.5801674817,438.592171541
-59.5839790605,33.3183457667,463.45204676
275.458335212,89.5266494949,2133.42131107
281.206476347,21.6757048898,3208.79311419
-55.9781623375,42.5547116207,689.256127659
201.596877743,67.1452374867,3590.8554468
318.764210066,58.8610117844,4136.3465637
-260.174697137,102.071084412,1201.78505579
-53.7200506769,37.2242876128,241.841593042
44.4152870657,34.7766437674,1438.91241079
-59.1452003445,37.7775127297,517.927902372
-53.5394279435,43.6141061546,638.227124117
337.528389296,75.2378561844,3159.87595557
-54.5318563112,42.5881975658,656.303951931
1610.64217573,98.4638742884,1529.59571943
-51.8158340588,38.3673682984,402.844075989
-49.6218737776,27.1664866443,534.871680268
326.346172738,61.5834467924,3972.42396431
148.532705957,63.1425095675,3207.17146295
164.810657604,74.0754228847,3183.28955084
299.57796267,86.2582653954,2386.63600397
-50.0202289117,41.3717338295,204.221970299
-51.3323700221,44.5237143178,674.932764976
308.48294481,67.6295177812,2100.7821001
-49.8595928396,43.843363335,385.269962618
-1.76686003173,117.02583653,1903.61766464
-49.4051570468,42.6863311818,235.504663909
-49.8853749354,44.1339316693,467.073593714
174.02593606,72.869074604,3313.7875518
333.740255519,51.5221052772,1783.75050389
-52.1765255423,37.7414831407,421.730388044
-52.0042976271,37.6953830777,427.861203439
-55.2678299885,37.4898732755,123.746356855
-15.5772822349,32.7184287238,13.1416581701
-52.0047839864,38.5187542866,401.881613564
252.031997907,55.422192071,4056.1944546
-49.731246204,42.1229339377,267.989600398
220.628840664,101.281904727,1980.82855593
-54.8039368188,37.1208301261,148.752902745
314.696013634,29.1752641989,1394.08650936
52.0790860222,-28.5322048362,7403.30850172
-51.2026088711,38.2515062189,381.448503251
-49.8753065362,42.8454513979,260.210950219
301.004536487,29.9432170336,2419.90281472
-58.3475058883,37.2771221835,484.528181969
308.354396833,35.2550543695,1738.29912583
-53.8030063329,36.4996570116,328.262019113
257.755040347,54.5824527898,4068.73914515
312.267921051,67.6137670223,2165.44368883
-50.8596864363,39.8059525509,305.609059649
-57.7990845868,38.0284059042,503.592387872
143.337321112,60.6156152892,3145.73064536
326.303050227,28.9427335985,1414.68192605
-58.3526387402,33.3041867892,451.182440197
-52.6523970657,37.9110490099,275.474341894
-54.2994968537,37.5324049814,188.110482488
-51.0975048076,39.7186882395,314.727575789
-49.5050392092,43.1212242564,338.062705218
-52.2117446323,37.6062250091,427.669084126
311.807859918,30.5862724333,1121.46895524
-49.5716022913,42.8439027775,282.388638531
-50.058212513,44.3424822331,499.794489744
-55.2570010501,28.4385125544,521.67411325
-59.9359877069,31.3906700733,490.307671067
-49.3613947321,42.9364890304,317.383623807
-54.5337217303,37.4607152497,162.14117022
-56.1662843376,29.6770540288,483.762927702
230.544297539,60.4037295876,3827.56906497
318.233208035,44.3214693648,710.010319429
302.735012015,41.1624525709,1808.60370298
336.375452218,31.514894956,1168.4907067
-57.3105357761,40.0739533158,549.616283772
219.527502528,63.0029036981,3674.07022817
296.953138306,76.3453223159,2172.75274795
265.561480864,93.2780287889,2176.17105315
-53.9676883728,38.0772563218,144.883646099
305.985866827,31.2113221432,2077.76013826
336.265517183,54.3515391235,2266.91745694
-53.3262709254,36.8188904857,344.221577393
259.345592279,95.0671538669,2132.20666413
150.653433319,147.060030244,1355.35426379
277.348599178,51.5480348449,4328.17544702
251.467612709,55.94498071,4034.27136387
269.074156404,91.1477862185,2163.84769116
-60.64610241,33.8868061765,487.139827063
171.019442541,73.3341251107,3286.05441566
-52.2003558654,37.2048637644,443.953570386
315.293635761,29.5353807516,1671.55287681
233.839204183,59.7224149311,3860.32689474
-55.5950532673,42.2651797585,691.736887765
-51.5897097046,37.8648304999,376.234839952
-69.7086705153,104.56068341,1314.84136527
191.257202283,134.117959632,1920.67023967
-10.6328849792,32.0801207507,101.552334818
-59.3751246468,33.1540131885,461.134324737
-53.1779174587,37.0201662296,348.873294314
16.5883754806,108.238454366,1358.15401429
210.063874486,65.537940161,3683.12823459
-51.9096472556,37.8310087453,426.257601626
313.30226076,41.4180825159,690.679479169
-49.8767896657,42.4868990227,244.312916311
-52.0945350535,37.8596177474,393.36345322
-54.9053892976,26.8640914107,526.222598883
249.432252217,56.7321486572,3963.00431329
310.249641784,35.7701909245,1194.7847268
-53.56345029,37.9043279156,186.159709059
-60.242217421,32.7225440417,473.306213796
-57.280933314,40.5298694124,643.647369733
-57.7889778839,40.4326606073,630.45404658
308.054878037,33.3008150524,1712.25623557
269.861646129,53.1691591364,4209.91174383
-49.4643553859,43.7883846763,468.202005447
-49.6850664554,43.1565812121,281.293379219
336.841794282,68.426345593,3569.51631493
65.31023537,37.5813658923,1865.64621155
-52.9406913314,43.3650264572,629.704401187
-50.268036349,40.6557278003,240.050543445
77.3385208714,40.0595731718,2099.75867906
323.505521473,59.4307810696,2182.51082286
267.576642339,92.6971997023,2192.02155839
-54.1878534387,37.5356348513,164.942590145
136.624698206,57.5078631297,3072.85581121
174.568026796,72.7689024145,3354.41722604
-52.367974037,37.0235078069,377.677341618
-19.6837556729,30.3196875138,107.632261145
-52.0762771999,44.3765778614,710.086564545
24.9933065542,36.1496399508,941.702021632
323.422667278,29.9038735304,1504.77609273
301.856014564,72.700890565,2179.72030119
-53.6255644241,43.1911089482,632.826018953
-50.5127517067,26.5682143432,529.35653689
-51.023013267,39.3912589953,330.113673158
132.052599402,120.87736845,1660.95911124
-49.1955635981,43.3782763294,341.569156415
282.209889032,85.9799382411,2135.977519
-53.8526830643,37.0422828035,216.682056353
-1099.57208208,-241.26388059,2637.62733137
72.745295715,38.2058891068,2030.34216855
74.2877065118,39.1830645419,2043.93233681
48.2390759319,35.0562237656,1522.25690238
73.9934516961,38.7795055027,2047.37752633
305.828823618,42.409956132,1765.01163856
-7.24607269245,33.6322400785,178.349742064
217.669118515,102.168660195,2088.03499513
-149.049071308,102.642485677,1243.61793214
-51.4434040478,37.8425850559,410.690562325
44.476411949,-31.5810610673,1665.10959676
-59.3933403901,31.8017244232,477.15843415
304.672145234,36.4079216028,279.279242749
-53.8877226068,43.1323934442,642.806672491
-12.2769005103,32.3087405684,63.1927809996
315.479763666,28.635207184,1416.78775663
308.420448799,39.7065657356,1710.76767961
301.630466817,74.1187334541,2179.24474252
26.3878961919,35.4002279794,980.407830935
318.632494202,29.4267939312,1426.77538462
-59.0983303387,32.0111095275,463.73484421
-49.4632232237,43.4148738959,377.561222099
222.75242823,62.0601606263,3796.27140054
302.064948753,44.175308893,1754.03167764
256.337237889,54.4608219097,4117.14123979
317.216454019,62.915782842,2129.26139323
-59.1076980133,38.9089329728,573.941052282
311.339375281,52.6448984446,4419.92016807
329.418866176,30.1192317602,1334.46725756
238.704039668,99.2642121542,2092.73364107
-52.0511553861,36.644390946,451.121600905
-57.1085031538,41.4207552747,657.30802895
-58.6133725633,37.2863447611,488.627907336
-51.6000329604,37.2265949539,429.718608715
-53.8793556284,37.4434953742,195.261257652
104.004807378,45.6951439996,2607.52698879
-57.1261309374,40.4873125977,630.470790042
-49.3955855515,42.7652400562,294.957604262
-49.0403889166,26.4013712179,528.148194796
-49.9054724746,44.2099152923,497.632282623
-51.5656177684,44.242100783,592.079889213
-49.9167626328,44.1534085269,444.754037734
170.152628854,130.708686982,1879.38051614
-56.9540219635,30.3589271203,484.534503706
-50.0512816757,41.3949214398,217.820178387
-58.6911482606,31.13566352,464.874844653
-52.012752424,44.307264787,639.173909579
-52.0582710832,37.014883841,437.450913006
62.23679964,36.5621548768,1816.80371151
308.798903269,37.7226681676,1716.75157725
131.106641702,54.6646589312,3025.26979564
-53.6746493262,36.7775718137,265.114016132
-55.6996715566,40.9956784818,558.282646152
-52.8544270511,43.8352783446,678.816470147
-50.0581966793,42.0738792952,225.071025581
98.5464629541,45.4938526487,2481.63737388
-24.0213423989,30.3959601035,197.071059396
-49.7626692369,41.355626259,238.611313284
-51.4708447641,38.4547980168,389.6821234
309.279219559,33.8549295138,1481.66789404
-54.8661747102,42.7718110013,639.976417102
252.261960433,95.8399789858,2135.43346392
-58.6526250602,38.1236048971,548.970465961
9.61082274407,35.5162268847,577.041276704
-53.9026023954,36.3023943031,295.510415713
-50.8645556987,44.6146144029,568.652221483
-50.1499396425,44.3243192749,610.403268344
-54.790787642,37.1543136082,189.466770264
308.658277725,39.7297167027,1719.95114199
121.956998471,118.169970599,1596.67455994
-51.1483261699,43.8702064615,577.731024066
-51.3872738684,38.0801105397,398.234716443
136.579979607,56.9558474429,3100.77147773
-49.6961849502,43.9548449286,484.089309587
-52.8522698699,36.6449495495,362.143625953
-54.777208311,29.215496782,486.711112336
-58.1061475096,39.1859361247,579.514449403
181.160526942,135.182394014,1999.42323097
328.92125873,58.2452385182,4164.96018174
335.04884495,69.0728273528,808.0023982
318.668562988,45.3559083419,690.944693803
-52.800669805,43.3874499607,637.271248897
78.9210771707,40.5339928846,2126.49922366
-53.1319663976,37.0491733426,371.177879359
-53.6137689633,37.5894078343,209.370080197
309.061340004,52.9208257521,4385.39809525
-50.014338774,44.272199102,504.362854674
-53.1575844587,28.5547265626,507.57116402
-49.6925617015,43.032399197,291.190114635
-59.10065072,37.507584823,514.646058705
310.268177084,30.5887115973,1753.1260702
-48.2326336335,26.5182832446,527.541928931
-59.3052511333,33.388796612,463.196562254
-886.246095272,-198.005120074,22339.6333593
102.216832524,46.2165492383,2543.66021427
304.92660145,40.9803899358,1798.04886908
-52.8708994684,36.6130485693,419.780523728
-50.5406088366,39.237487348,323.837532835
-59.2465825752,33.763439719,463.100512514
-51.0043106413,44.3093306227,577.892668422
341.811722372,70.0586935673,798.041081895
302.453293662,28.4487078738,2583.58845948
-53.2631573195,37.5470034479,254.453563672
262.779695822,94.4625881823,2041.2471909
-52.5057877409,37.3651197004,385.3060947
317.627455664,45.4557718445,647.035279556
-54.2387171902,37.8670314736,152.465390286
289.278062784,25.0415058024,2897.7337408
-57.465282597,39.8194886906,557.183104929
1037.41012455,150.979569395,7147.98308977
-18.7190442287,31.1196082017,84.518325858
-51.2616124456,38.2518461187,387.781919105
-59.1732411859,36.2832061299,486.675847567
134.844800774,56.9902407575,3030.47880235
227.745455486,61.3783513588,3777.36652271
277.32255074,88.6347127274,2205.27399245
113.281534329,118.076935501,1616.52790263
-51.1443653494,39.6597283528,311.182025802
56.4459444178,35.7374513474,1699.2527621
302.216024493,29.4563835223,2433.2850536
-52.8808893054,43.6263627186,662.365963242
295.071584925,78.7655064341,2184.23245708
-51.4404424166,44.2769028393,592.861833493
321.058215228,47.8511880018,839.123017577
-60.1212028065,32.8952120842,477.954282057
133.638044605,121.666422173,1690.73895623
-53.4783064151,37.9353395915,195.351484763
-51.3971693102,44.030129312,600.564175344
280.928966441,51.615255823,4316.38718193
445.843393118,84.0879491437,800.023596775
-53.6598873122,43.7734183854,678.931176554
330.608636011,51.7810734235,1439.48492644
-58.6325469147,38.7715419185,539.252850681
198.644980313,68.3132603216,3608.4358071
-50.9109513178,44.1762000301,587.742193726
-52.3067552237,36.383420603,441.305098542
-34.546579415,27.0488680878,394.282711693
-51.5134866647,44.5839925209,682.23745024
-55.0898949756,37.5361984917,122.265132099
-54.379089782,37.4640778653,164.183717212
-52.0722179814,37.3882262011,442.670792034
198.502566984,68.6018496059,3526.28956133
-55.0123007811,37.4931815267,141.396954312
-49.9855337474,44.2986855405,543.040977528
-50.3006194183,41.3212573612,227.818871494
304.509056967,34.0025653372,238.636504958
-47.7723374256,27.0912069163,535.873095112
-50.1800643825,28.3684999186,515.568705657
304.455640259,33.4054378022,299.640040541
-49.2059421875,43.1054702761,311.334369291
-51.1209174692,44.660995395,609.047193025
174.383472916,131.420157608,1861.22377089
193.573548919,69.248560472,3539.04068899
307.166844981,34.4935740247,320.840285388
304.072686775,34.8029757714,290.276675373
-58.1912199783,37.3759815756,491.791601145
16.9735959285,36.1150660966,748.158932044
-50.1118381643,40.2790896755,251.901896714
-52.9805161754,43.701672225,696.87219754
162.815235179,72.1467070575,3260.00371557
-30.6680787811,105.378814341,1344.14092116
-54.1349432789,37.412978822,220.677003573
-51.3234883146,38.5883352645,378.559929081
-49.5972250031,42.4702300285,205.659556209
262.215672994,54.3999364711,4135.24570816
-49.334119742,43.6366891511,395.581191849
334.708774914,30.5003711161,1248.2905586
106.586715379,46.7300413477,2645.9199765
234.022865273,99.220879582,1923.63269102
-53.7721870322,42.7430287586,635.272660316
-108.630287201,-69.9584549597,10795.3659946
-50.2338654804,42.2966803987,231.980207355
-50.7353237696,38.8339212309,348.072835268
-52.3914599041,37.7094413234,443.884011451
-52.6376211137,44.0235343792,617.96750111
318.407245139,62.8126390135,2144.11557446
-50.0884712309,40.3832991716,245.864500783
-52.7657540917,37.2923916741,397.874945464
-49.5687219967,43.0508867935,287.444450824
-60.3234120443,34.1125668631,481.772720177
269.764787098,91.0743764548,2121.24028464
-24.4068154598,-13.6710888132,7254.19622334
82.7962385772,40.8391922179,2219.37301456
-50.0624770954,40.9370852222,221.428159375
-49.4168823315,41.1856597463,205.501722184
314.290654599,42.0541468115,681.116848022
235.793200612,99.2405637973,1903.84534029
-52.667229067,37.6437263486,357.057760529
-58.4248767086,34.1315679041,445.48471557
314.649550668,55.7025414729,4288.023699
-53.4891742815,44.0942919693,706.696309263
-5.53669144356,106.347003937,1408.32256662
-37.92591205,28.3071586352,437.8333508
-52.4017720359,36.8273102984,385.686162369
76.8499147823,39.9250715147,2087.63323954
-57.5088471734,29.9810323101,487.010810634
-54.9943845485,37.4419008764,125.876061761
268.587382714,93.4927501602,2026.9390543
74.6104974335,38.7094744141,2063.71129874
320.123556227,75.8110393617,3166.26322429
-59.9002231841,34.519805187,477.195405805
-54.491278412,29.1499211439,487.470648229
819.752244864,138.622395096,5947.44521006
-53.0662588227,37.0617027305,337.417287206
1801.75366854,203.367664657,11004.4032666
-54.5832520587,37.8020764266,135.208419915
177.715308522,72.4680093432,3358.56475937
-50.0585840203,39.8921886765,268.315591911
-49.4947349963,42.7339786832,274.17023198
327.754933335,50.6894424655,1287.32864109
228.843909468,100.349505612,1969.18203163
-38.8600088801,27.2926972886,450.936488791
-50.2327222921,40.0826320837,264.800237722
339.668269385,51.669948755,2219.79348395
23.83980591,35.3890564194,926.961742785
-51.4774366283,37.5776710285,435.222845919
-58.830056371,36.6511171774,477.350618435
257.28674142,54.855734623,4072.10511923
272.599626244,52.4486941439,4220.46183646
-52.2881390506,36.7257688137,434.68811361
-52.9374772362,37.3898034093,340.485414454
-50.1481511945,41.6479831419,197.850927055
-52.8064478429,36.6898479027,376.839319774
-49.3479738633,43.3643117766,403.709905272
-49.80867663,41.1924815336,207.578754421
-54.3506109763,37.5934982845,145.858978368
-53.4988434706,36.8747345497,325.580339208
-49.9383596762,44.2961480771,545.499522798
-52.5800959516,37.7323980004,303.313574913
27.1983090881,36.0494807683,998.409627599
-52.1896416722,37.0734644242,393.437820832
1216.6780539,170.035411208,1170.35543044
321.370566456,47.9295500396,800.666906947
310.382647561,31.5040464027,898.864811256
-49.9416354476,44.213165823,489.609551513
-50.4182431465,26.6657522895,529.252716325
305.884095142,34.5552588414,213.35714283
277.707951575,88.658235276,2185.57120896
-49.2015820496,42.6281762634,267.318652303
-45.0654450689,27.2316875737,505.452144333
-51.8584914023,38.6297281097,391.781740379
246.939335477,97.2950604874,1972.99559885
-51.43531712,38.4859823073,387.17998588
978.828567485,167.354881595,5309.98880869
-52.6717164738,36.4507978598,471.49379677
-22.0727393192,31.2418724534,157.602689556
6.51047756709,35.013095875,502.357813121
-52.3985369515,37.6943946572,410.903783916
-52.2495196321,37.4949109434,425.718944607
-53.5582904854,36.7527274204,318.715174377
-46.8317922713,27.1789720543,514.462749866
-51.5395100229,44.6766591834,684.371129085
304.178451954,33.8140105063,308.265991639
236.726787531,98.4591874052,1910.47381774
-59.730035694,35.6162746789,496.090556569
-57.4692292291,38.6623992382,508.975500277
-49.2049440755,42.5441187202,288.781672715
-53.3717263126,37.0810752741,338.199399664
-52.9542723571,37.0730705508,328.487224837
-49.8799546765,42.5837694627,232.472709313
-59.3304824506,38.206244428,563.928389518
-58.1635301273,33.4942491545,444.428920252
297.792454972,27.4552207554,2728.70091023
-49.9465428695,27.2499662777,538.215751436
-56.8221639239,40.2350404772,551.361121589
305.265033231,33.9476572776,225.524700808
-49.8823097527,41.9665596324,194.786310661
96.0861230624,115.085409703,1563.15326414
37.4122266132,33.8127451771,1283.09518021
228.148919034,60.6191197831,3783.45240748
-52.7555798463,43.3221479706,601.713876119
308.699116077,30.5276076745,1880.04561524
264.022450044,93.5277976357,2056.96482138
-46.2833419768,27.002122212,516.615146736
-34.0265280653,29.1352010614,383.5834774
-50.467932858,39.5037025069,307.305581156
-49.8086798125,44.0554996994,498.909118029
289.06091102,51.797679937,4360.81963092
-50.5466260487,39.5615544938,304.354029577
-50.7076138713,44.4658462311,593.059305036
154.400698454,65.9988773237,3271.86441782
-55.3962914275,41.9738923975,628.297700749
150.285464048,127.407693047,1842.3894278
327.241437984,70.0294221923,3495.38216921
336.284382131,30.356583563,1184.58733769
-54.6932572348,37.4773592623,149.25359742
75.4917804032,40.1805582013,2048.59003666
309.410814115,31.310721512,1643.63583774
328.964948896,65.3308221187,953.061933431
313.540482197,66.4155055808,2161.70165246
234.810532813,59.1141678888,3847.3255889
-46.3427249803,27.7943583353,507.117171866
162.512837833,71.9956507934,3256.09983615
308.130740165,31.0173316234,1745.46026276
-52.4145071893,37.8529941742,402.568097621
-52.7834301516,37.5787289227,296.873297833
141.21077971,59.4384222647,3126.44051242
-52.8716921699,37.1223047442,359.168099995
307.314399587,34.3448659632,312.261248917
-49.8181835343,44.0130785601,414.202275586
-43.3875571383,26.4301316787,504.549184676
322.407999931,57.1049778256,4218.91537265
-54.3621000229,27.4030135164,531.757059939
-51.8374579281,36.9688588091,468.230430708
339.391927668,51.6648301031,2080.59095625
298.219383182,50.5072365296,4455.6905028
-50.0916196774,41.5932552489,201.500498693
136.255756058,57.7641130642,3046.87363694
-51.0863157664,39.469941961,318.901513118
-59.5234461318,35.0130083875,471.470741919
-53.3495737787,36.3560318213,405.762404008
195.082468198,135.211259277,1967.91622441
-58.4006704554,38.0205259475,531.647916076
-56.6752212742,29.6734076254,501.724441674
-52.5431030654,36.7317979582,470.791152364
45.2221072196,34.820328357,1458.67069507
335.951561998,75.3398975167,3149.92929468
-52.9019639878,36.458475781,421.61280854
319.789383256,73.745526055,3289.44359505
131.842871009,119.065617188,1558.315325
-57.2925947358,30.0265868805,481.461227863
272.249611645,35.9269184149,1369.92366174
-49.6050944203,26.3075167711,531.981261433
214.759408376,102.775134071,2006.30557381
-50.6278257374,39.5537445283,303.848162688
-54.6831379257,28.7489187229,488.140228733
309.212475753,33.8548642801,1460.06494127
-6.31041904364,33.2296231684,201.702394681
137.967172379,121.473650244,1643.22496506
181.486819694,132.708617684,1898.16489002
306.833990633,34.2267402277,255.937878993
35.5864868078,34.8847914608,1220.67874229
216.39585762,102.413192056,2038.36892145
312.212792408,52.0618735114,4444.74677187
1312.56548339,106.242291933,2263.58764742
-49.3879669067,42.1432236491,254.097561632
308.813717659,32.719310782,1571.79678724
171.196830943,-4.96811704768,5387.78219012
342.180318959,70.1334462687,811.413567942
-54.5452970045,37.1060706014,197.953511728
168.792374005,130.107570249,1842.22888397
-49.5485175061,42.6668756411,221.522718883
-55.2434978195,37.0185011416,136.466173343
-56.8177007885,40.5326529728,588.891790633
-51.6062093076,37.9532690924,419.778326196
162.213997389,150.627718907,1447.56574187
774.086998786,107.501053001,2414.70771585
-55.7598798048,40.7491970618,570.931331821
328.469498219,76.5750684774,3100.99598781
333.029166913,80.4663591871,2806.16341654
338.383860092,51.5363725062,2037.91118508
306.778004566,34.5943056947,243.22427235
-49.5295695802,41.2604158631,211.407092264
307.751711208,35.5783964786,1690.28031359
88.7483347777,-26.1789257648,7102.7016671
-49.8813944874,44.1583415963,439.794049755
162.368367674,72.3173060441,3228.3812353
87.4632245607,42.3367215055,2309.25061076
-54.7508395383,42.5623528442,633.532962647
96.5129423078,115.231409011,1556.59889247
-49.6784091587,42.6937306188,308.506764201
223.733485398,7.15090201959,4371.54277036
-53.2077111863,37.1811498135,300.343081439
-51.093625444,39.1436468785,344.233841042
-52.2802938532,37.2823346744,377.456891761
213.276197761,101.767788149,2012.05315813
293.461557681,29.00216037,2533.43834191
-58.7295844985,35.3309784385,460.854302484
-201.939155,-78.9744040569,11635.7020222
184.574400701,136.405911457,2043.29601986
87.7270373375,114.107516211,1529.31168018
-6.68866740578,32.5520129518,193.848902556
