325.412028638,28.8091662044,1526.62752841
305.118504785,34.0044128173,283.232748027
-52.4034533888,38.3634656074,396.450088871
-58.8267725795,40.1842450854,606.902843194
-56.7355331526,37.3915915362,445.864852872
306.016654165,38.9679516084,269.948960234
-53.7861048248,41.7986641816,153.322257198
307.884739527,32.2401453009,1712.81660827
-51.2370535462,44.488235315,781.708858298
315.95250197,30.7783910082,1729.51948303
-57.9644554028,38.9189391676,527.520187257
135.869761854,56.5757374721,3097.57637556
309.96218169,68.6616120941,2233.18629301
340.228077161,30.4020542296,1163.29505609
-54.5608246178,37.244511504,162.585355967
224.371771632,63.5669138354,3622.56119413
-53.3890967106,41.4584275921,141.555066333
45.0984102884,34.0414040529,1480.09720868
227.239786037,100.488004599,2033.23652799
301.524671709,71.79211247,2076.3482068
309.672182725,43.4867098185,1699.52074938
-56.0806660142,36.9644076247,134.395923675
205.325616966,65.6305035964,3741.5141721
-52.3073183896,38.7165477457,399.62134141
315.303378038,45.1048575401,654.40784513
308.380761043,29.9638796142,2403.12056114
-53.1549079334,38.4151749524,113.717491767
301.655082184,31.460099381,361.740044585
-28.7364921118,94.4144057266,1879.94438342
4121.69744391,149.14637039,346.657366444
-56.1823259439,36.9925256881,140.297123267
-55.1655230883,40.1328911563,146.607287568
-52.8676807728,34.9667552805,562.858313933
-54.6696748806,39.2923182213,106.090742479
-51.6332647262,36.417268411,389.531807913
-52.9993663506,36.6077448624,179.315562706
-13.3925741598,78.3228489826,1860.53999723
-55.7699955636,39.1367668028,135.486209126
-54.2351555151,39.8812899598,92.4370697882
-55.1611293597,38.1156914239,113.541530779
-54.209728526,39.8517726897,89.7589828253
-53.3500319995,40.3438862551,79.389780511
-28.784252954,28.592476145,300.605635172
192.989702898,129.193165149,1720.44792555
332.692060718,31.4970998886,211.758149965
-53.9542159803,41.3721013995,168.762931888
302.209745761,30.2859490377,376.650708126
-52.1082062858,36.867771515,249.234797005
-60.4929051899,35.960797556,540.040625774
-55.189685844,38.0781262252,113.782931595
-53.220820271,39.2014638556,113.930837662
30.6183913839,35.3694784684,1089.81989455
-54.165969472,40.0590256598,130.954992597
186.784377171,69.760103136,3549.06300984
256.024300333,56.3060589767,3956.01958584
272.982134152,88.2851167129,2143.563726
-50.2225007999,44.3866774347,573.512978743
314.439303095,43.0673477741,433.685501141
199.793460488,106.209282818,3207.74397876
-52.311460658,38.0199730798,200.449839496
-53.1041220631,41.908351546,133.712157316
306.729440281,38.6032559536,160.645326681
-53.5311066886,37.9056455594,179.259125559
316.902004867,30.1665239152,1739.06282304
-52.4693244485,37.230905741,299.378576336
302.358684271,31.3512588779,306.828080577
-51.8294850017,37.045813998,467.49765424
-54.3032515623,39.1594169103,103.862506392
313.569451423,40.4243052108,341.090815702
-54.0691833989,40.2351924803,88.491397292
-56.1874739631,37.2513499447,131.575834403
306.317394795,37.27428921,198.444777902
305.158761017,32.3316654352,357.10538701
322.322742904,52.9001658314,1574.3950543
1061.36657642,73.9169104052,1045.98981666
-53.5398636389,36.8665845149,143.944499238
-8.06320764314,106.542786713,1535.47563893
-55.4516119633,37.0294451493,130.017735377
325.75247163,26.9111345999,2871.14235925
319.305126863,47.2658464689,783.25931739
-954.03389991,117.474678911,1326.01846603
334.389213203,30.6169323636,1781.50001977
-54.5044959832,39.920480212,140.99747696
329.761541259,28.8962085888,257.536939107
142.00328848,124.411634503,1767.24394336
-38.5143382298,27.4925343561,441.625973232
-51.8496905571,37.3566478643,344.955635995
306.398117889,34.3572903608,192.710501541
305.161333565,29.9012718346,2253.54240209
3762.76042896,146.187781459,267.994166362
83.3821874797,41.439817172,2219.70065873
307.090450129,34.1438375537,246.444138952
-55.370031738,37.1234852945,217.678938275
271.176588874,53.8256271259,4147.26916874
161.723878894,147.799842994,58.4125716611
-52.8479372489,42.6005024104,546.978946792
806.736500869,147.973726918,6553.67723214
313.294271591,30.3937657876,2355.3197362
-117.340171999,97.9178544723,2799.5045564
-56.8013064838,39.0196888435,470.21501513
-50.2275545858,39.5454317344,298.105923934
-52.9990308388,36.6627553474,476.984497058
-54.0293997656,38.8152414418,100.197308837
-50.9900100468,38.5826271493,365.647259403
306.425083851,37.8673114353,264.311184157
162.424644458,70.5644182507,3349.04167336
-56.0170396041,35.9574666162,148.420504585
163.325638777,147.142493721,988.159898753
142.937516706,147.579017953,431.924242933
-54.5577787685,39.7050273846,94.589312193
-54.8913806568,40.6888221518,153.064867411
311.397139387,27.9443139698,421.171142075
-48.9224392657,42.6038265202,335.376637763
-53.6944624166,41.459983559,172.939881001
-50.4698320286,28.837308246,485.10395147
140.371380824,147.485194346,366.313886449
-54.8119446404,36.9362136279,274.216024994
-53.6215085504,43.5231210028,662.681079554
-54.1796928508,39.0090406293,92.9232218874
-55.2625851543,38.9306797628,184.777378018
329.522755489,30.3206368012,1418.32750749
160.191884773,71.7161008665,3155.55353855
307.805316881,35.2472251399,350.18430466
-53.8445241165,38.9172488949,95.675368324
130.595303358,140.939318215,1265.53238507
316.510567964,29.0641773193,416.536345573
-55.8318847803,39.2242034805,124.848924881
306.829880696,37.5874043687,122.305816049
-54.344660237,42.6204325349,594.464356379
-54.8592115736,38.1865461134,118.873900118
-50.259540024,39.284000467,306.679759443
-55.87537807,37.8777225226,120.708114335
-55.0993866884,36.5163445505,142.015760409
496.778166159,56.0507688349,1693.98624893
306.796980084,35.8470130873,196.810880145
399.882266452,80.2702214494,726.890132163
322.117956718,27.1792992896,376.083314547
-53.8677952404,41.0918752574,118.674809802
-53.8817931548,39.1590056683,89.1885591563
325.09671825,56.2008601058,2059.14665405
319.76965265,61.6564836289,2045.60403168
259.196461276,55.5681816906,4014.98965746
-53.8939913755,36.0506718358,195.339057731
365.347388627,47.7767059549,1836.68648127
-53.3708685057,43.5218429403,595.659939194
306.303945221,36.0714448355,122.846122132
-52.2327319081,37.1082161645,318.660128425
183.341903905,138.364300133,2124.56217817
313.956631517,30.059457486,1768.63908453
306.489581681,33.0052712649,297.667579094
-56.8889031305,34.7593114702,416.583582311
305.07322657,36.0705468764,248.42661876
-49.1355517707,42.222894027,231.465490159
163.11849538,145.454395902,1049.72412877
306.861585063,36.596422043,1649.96706825
178.410340141,126.291949331,1653.53198503
158.114027496,150.42572396,224.560942276
-53.3916854664,37.230100441,364.1950948
-53.9283664779,39.0048268446,91.5506912581
308.571399019,37.3933409535,211.318863043
225.809033985,61.9026886491,3664.39375866
318.883478524,44.9733012527,728.298318453
-55.4944111657,36.9864261124,130.603501309
317.492912455,27.6692060629,1479.68595651
308.473556369,37.6973226268,46.4423352968
-52.4584103077,38.7695482368,163.225835777
308.410344366,32.540236409,1608.6862566
-54.5316636341,39.6411798939,108.916867784
-51.2782940986,41.0946323914,241.68736114
-53.3806535311,39.479718156,88.4138567493
-55.4621533852,36.6792595368,133.074354182
150.293531567,62.7728908549,3294.63867219
334.177820976,30.4576129114,181.535645341
-53.585339335,37.3460168889,244.170526616
343.266453061,30.9060422845,18.7998921083
-50.7581209182,39.622609974,299.197911554
-52.849040308,36.6503895491,385.935958659
-53.2161720838,39.2736841256,112.437341386
-49.7807963818,42.5761575868,177.618810791
319.92479575,63.6900452528,2179.26249809
-55.9333225458,38.3323557441,132.351039157
-53.9337945278,34.9551023758,410.443998991
161.783689751,145.517233321,1175.24340729
219.871346327,101.060652792,1986.05123474
303.962908264,33.6936775008,184.413224306
4045.02912806,327.690525087,3717.3341088
-54.9011700034,39.3016742059,109.074513659
-52.8719035976,36.6253535822,487.939381007
-54.1813465097,37.439752092,172.394029643
-52.6954961581,38.6132571299,127.231539096
307.405566942,38.6417189459,242.656467403
-54.4197882555,37.320710511,148.922206265
333.699525298,29.0122717383,235.655068168
319.248074728,67.85435282,3640.67787796
-21.4818618953,104.899251022,1889.38131056
240.802242723,12.1056739916,3983.25044663
163.740440888,120.948240681,1485.05249174
-59.215430991,37.9231060157,543.626598719
305.151867293,37.1665630249,250.840395736
-53.9746694385,37.5712626052,111.32285288
-54.0524213048,41.8906321431,162.514289028
-55.5577055023,36.3535412938,138.489676933
-49.6881833181,25.9780131569,535.656737158
334.680941197,67.5487473209,879.375642672
314.152213686,40.359219598,942.092694316
-54.1508143178,37.9082269714,112.386116623
-54.874607948,36.8476144492,147.147712083
303.543214902,35.4236923047,321.395887167
-51.0489476206,37.1367514421,422.079454975
-197.262171086,-211.049462572,749.015409165
164.952842773,148.954289343,1126.15839233
339.961992696,51.480580623,2105.29524082
-54.5953814923,37.8746558999,110.022541797
341.829294399,51.7171061829,2367.75474738
307.920793609,28.2304450392,482.855179155
1514.00807051,183.810021692,9203.83331539
312.729351383,29.6605228649,2311.60602303
-2786.98793872,98.7865581326,1495.13394581
-54.1951135936,41.6922874513,124.114593195
315.027702135,65.7233075977,2187.71894004
-27.1489629501,30.6334853105,265.427720748
-52.7796076612,37.2403872864,271.73241703
-53.8481294259,40.7983023058,101.767751497
182.771361081,134.735374002,1996.41581286
-54.0964195642,36.9911273594,484.204930915
-53.6377233672,38.2664673942,225.097551907
-50.5920636551,25.807642376,525.088109969
152.727371828,123.964945242,1668.80250097
161.74650074,148.508387804,59.501906558
-52.9762912039,36.3466648891,220.67633142
-52.3197651505,35.6252108966,464.573275777
-58.8123396467,38.2947811821,512.661813001
305.664566755,35.7611365357,224.511383314
77.3746060752,39.982626026,2097.89270608
22.8780391497,128.476383354,2056.42439233
-51.4164956936,37.8062427778,403.278272677
-54.1099573398,35.9919892603,177.240642206
69.1445457084,39.5741841216,1908.87964023
-52.8868636112,38.9138174586,169.502564134
332.938617127,58.4518149656,4145.53663198
-54.0885941104,41.4350988948,155.44733692
307.888873701,30.201180699,1688.88283852
305.400602931,31.3776834518,392.44618297
-10093.6504476,119.125992091,1544.78316949
142.330333082,60.4869717957,3113.04266726
185.506448157,7.4273320697,5404.33982084
163.647148167,147.146245631,912.555384565
-52.4720484058,38.3576668299,400.841570636
162.089408883,144.380028455,1101.26949621
-57.5907357,41.3531719301,652.833146981
-24.102522213,82.1893839065,1828.3145298
308.530537272,26.6963515992,449.389776661
-53.6324293503,38.2342500369,99.106318079
334.476259377,31.1849321871,1245.21968891
-53.96770732,40.5074132547,110.712530833
-54.3294325717,37.5384757511,221.141600825
-53.613561583,41.801485644,165.422832799
303.32918789,31.3579678937,336.817677985
-53.7363250649,26.585230934,536.540012839
133.94182948,121.065351964,1655.70698846
-53.686230729,38.4670546839,162.808274884
-52.5100975972,37.6339397186,464.341982589
325.205576531,29.9690507315,1391.80714896
-54.7367122502,39.8263920876,113.704894502
-24.5027515813,102.424396516,1865.92962314
-53.1178724636,35.1214848611,461.498332586
-54.9179932265,40.2920234513,127.46021834
175.281764017,133.032677753,1928.06759248
-60.0351547705,36.3424817584,519.549266081
-45.7998382831,27.1950405149,481.222897818
316.714789762,29.2370792551,1714.72188956
-49.7482823373,44.2426609564,386.301345812
308.15100492,38.563447736,117.316436054
-53.6193655274,44.4352212654,792.978884881
-50.5119608417,28.9464301441,494.902111426
121.289600308,117.365940756,1562.69190337
-54.3406326364,36.9946336423,124.025822451
-53.1130028439,39.1694486522,85.59961164
309.249396362,29.3091705182,385.608657788
316.997873737,24.5158904263,2959.24484621
308.259715285,34.329028959,1687.61749598
293.911098416,78.4120518842,2182.38933094
-54.3292222101,41.2141357184,240.706734188
321.832913275,50.2946542549,1210.85788609
626.791438819,118.772636355,1385.10120132
136.0097117,146.053471508,265.832182096
315.318251754,28.0598936122,1675.42535361
155.818639829,69.6725570983,3099.64502282
306.979600975,34.5111468107,231.22521292
-267.431538574,98.762065055,1004.60847985
330.955865819,34.8239681012,2486.85086718
-53.7740014882,40.9405793583,148.529599445
-49.512872868,43.2466689704,429.650949999
13745.6601336,101.280292538,674.693860108
144.170103955,144.637700386,1421.78561508
312.74685983,29.1062081423,499.271062043
-51.4650876802,39.3517849249,338.093088274
-49.0210337875,41.2553177656,208.338289323
104.811276074,132.99713516,767.667278342
-52.2347361075,43.664622422,682.048772728
107.529613774,47.0683084389,2655.8490067
-52.6460064018,38.3476300953,137.914886406
-17.2775567571,80.7596084545,1823.94131223
294.47360969,76.6951698481,2145.75070405
306.490519866,31.6741627943,370.497528874
-55.2839683558,40.4622873157,168.85292529
-53.9239992049,40.7794103797,101.971188829
308.16770097,37.2933758577,93.9057953837
322.029286264,27.346680849,381.465781592
7693.06332959,115.701119604,1798.12320151
-49.0791050184,42.1753935748,179.982344279
-53.4644766775,38.654505061,93.1559872576
-55.241267742,39.5488525483,159.920043443
-50.0914700821,39.3756410656,295.999581791
-52.8692728897,44.8948220534,755.406332391
337.30985316,51.3291135806,1990.64322884
-52.907666374,36.4112337064,518.395305866
312.590392709,29.5889354131,1839.2364691
313.861360604,30.6400601375,1085.03705896
116.451608729,50.7904087625,2746.632607
-50.7025576277,44.1082521783,542.033939997
-55.1038266355,37.089940469,200.2444777
303.411984034,33.2127061216,344.118606605
-55.7994074852,37.8207332011,115.866657564
305.684299611,31.8407618719,382.826650613
327.774459809,50.5529852359,1323.65223072
317.617960856,60.9356814018,2145.2854944
170.737524264,130.381149762,1821.65839414
-51.9893222156,38.9450458574,378.33257978
189.382156549,133.003566322,1857.73891925
-51.1798452153,44.8721638284,535.103298726
92.4248478647,42.6242792751,2419.42276921
-56.4819431877,37.8306746206,125.437521979
-49.5959229207,44.1005219389,584.415857755
-53.5795874607,35.7192350671,310.844392717
-54.3397454615,39.230000567,118.243288661
-56.3213925907,37.3312236017,128.016357306
-50.7376842052,44.783656667,725.913463509
536.833070136,106.782707787,700.407796192
-53.8387121474,37.0993308133,123.88683652
-54.0114489234,41.4982788257,198.080210404
-49.8507465149,39.3803367691,288.148927349
-54.4548127764,35.4021342714,220.753199276
857.79952828,145.589212743,580.246579546
-54.9666987579,39.0824656333,159.834764769
325.527651508,53.447979056,1764.3962201
298.830300253,73.2843098313,2135.99431165
-44.0702470047,27.5904611707,466.500357622
327.481265425,66.3843415303,886.996110756
324.598858426,49.8238095819,1177.24286924
-53.0102665637,38.0923412803,437.192053514
-57.9650192376,37.5617326168,461.207176798
-50.4213165367,44.076444988,645.139884113
-54.1209440059,37.2243847133,156.071674297
-54.1945333206,40.6245894338,152.087463608
-53.5606282682,39.1310162168,113.634896986
-52.7038369584,36.7500750706,296.03633975
-14.620170103,-48.1740341867,8975.23950791
-53.8304848121,37.794859628,313.81846741
139.561038574,143.083952447,1210.1725134
323.656209804,49.2301059305,983.836579385
-53.8429344181,41.6262073351,182.8314042
1549.09509622,93.7850136537,1035.89598032
305.88695165,36.7825160867,202.965276966
304.388642193,33.743538945,223.455383557
317.030967167,66.3058754389,2165.44255879
596.798017784,67.7225538344,1472.77978042
-49.4494314406,40.9757058574,248.383460719
-54.3509338257,38.4144685002,102.466819383
134.371877259,56.3432551493,3061.09739203
303.403687721,34.3738933053,228.195489053
-52.1149584519,36.9404098547,228.00728073
307.116606923,35.0980269209,140.164122612
-53.8187745541,36.7523626898,195.049284691
312.341828271,28.7482853427,1252.03415517
-53.8053160419,41.826924417,118.964380114
-49.3099233225,42.0539225562,267.302561964
-52.2706747897,38.0043941987,221.213670414
-56.1727313618,37.284424567,131.569779814
319.587257199,45.4284818966,732.1728152
-60.6470675337,31.50281495,476.71526393
33.3011427549,130.176708238,1943.93580847
-55.6959837152,41.6855395334,563.981548408
-52.6748463249,35.5973651039,477.417951593
3401.77269333,145.224717275,1057.75564653
158.181140322,148.083738004,1689.93028674
53.7214633549,35.7790531484,1633.39680986
308.252021143,36.5120185792,1641.56117605
-52.2193778658,37.6926354922,450.639818518
-53.9587989244,35.9003820593,429.87493493
-51.7785908393,39.4106025411,349.266557514
178.598242029,134.07131118,1952.81338092
-53.7265331629,41.3318472652,136.837423455
305.313642109,37.3220403202,304.976950483
-49.5179424081,43.5083562781,264.524111057
-50.7914490912,41.3438630688,234.547167643
-55.3932260474,38.8588689647,103.448964069
-52.3620095733,38.1994213281,155.062555714
-54.8624344074,39.2722967422,103.485029789
-33.4535562254,94.9020331049,1688.20066025
523.395962791,149.500888526,2422.53072394
-55.5693167722,39.8661845685,135.705217075
135.951376962,141.525558494,1310.49386167
-53.857747958,36.2977957093,331.654680628
314.668535582,25.4278732551,453.119416668
-56.4760775313,36.1743243545,148.69834616
-60.4036479772,32.5280320673,476.913588728
-61.6424977337,34.9458061776,522.542572202
309.803675998,29.5329696079,440.005389677
331.773121549,29.6834736063,271.386928875
46.0488311229,33.4783168991,1494.41306337
368.197456828,75.7611738909,731.105682913
73.4356793306,130.858373924,1369.60607932
-52.9492159576,35.2459641951,509.983704806
332.041179407,75.5740212087,3159.06695707
66.8813716671,112.435887621,1524.00945625
306.225644484,35.2279345095,124.357365179
308.300970543,35.748720476,1774.85610614
314.781374872,40.8789524145,899.194203317
-53.4111289557,40.483885431,86.121006393
-52.1212025565,45.0582571542,734.939715922
-56.5726224907,38.1969283038,474.540793052
352.388602651,72.8225782356,753.82125169
-54.3946284086,41.1708875974,174.349963795
-52.9184637257,38.8032914722,121.511118192
313.123991882,31.0542820619,1719.83528598
-53.6347518084,29.9055308372,470.5310931
315.001065664,28.0577150779,446.157814272
-50.6802822844,39.729826744,297.60877811
581.723003141,116.084902782,1039.59617851
99.5878629803,132.584451423,981.547616584
-56.0654940534,36.2267237446,147.533895591
322.257823221,29.7215508935,381.163268014
209.577625972,64.2570503371,3764.51290051
325.890991533,66.0109020227,3740.92657235
-53.3638885369,38.7200489806,96.8269097227
-54.1185857337,41.6413376014,159.487658219
-54.3742439647,38.9218371753,110.312914955
331.101444031,29.0183607783,1270.20188743
-54.5639699954,38.2690240526,106.514307901
48.4554920047,36.0693924845,1509.55536693
-54.5548121053,37.566335253,205.882032165
604.601078173,95.8506006521,2634.56084108
305.969913193,37.21651593,244.152882216
305.231519501,34.1574713837,202.003746764
-53.670893097,38.1654202683,166.289186122
302.533179057,74.3706324651,2227.00407641
288.486825415,29.0016627965,2599.61774782
-55.528141127,37.944113098,119.061997303
-54.4404086366,41.0130880126,159.319548858
304.039385955,30.889887445,379.252038364
308.513345458,33.3817593006,1269.53996894
638.132961388,116.499872046,4026.28718352
-39.9177903067,26.8041316764,466.70809744
-55.8480829762,37.5669698019,128.541509239
307.117083616,30.4668963283,335.723356555
-55.4499367578,36.9106806804,129.328674884
329.999749337,52.7360093402,1591.98147073
127.038639694,55.1730920195,2883.51050899
281.44657912,91.9000236194,2157.83222009
309.07918691,32.7500153626,927.594330068
-53.9888078536,41.7068206626,174.302151316
308.413594759,38.3124831631,125.457403856
-51.8447744784,36.8554636017,493.181614908
-57.2412582573,33.6859694633,446.038236937
58.5510381444,36.1741957165,1741.029283
-55.7310367378,36.758547499,137.782926808
89.5864329425,43.1095269678,2340.48145608
-54.541314647,39.0268598169,104.962185807
106.629383456,134.757197399,936.803170312
2303.33995885,207.235079735,2562.03811808
305.081744272,39.1951332506,1855.17905725
311.366861086,28.4134434873,1504.59498901
319.985825976,60.867696983,2053.81067217
-50.7478702661,37.7850339633,334.438332857
1678.23027115,133.251892364,5288.97387996
-56.516491382,42.495561432,720.212222846
-60.9073503984,33.8647677522,498.585934577
187.149865487,129.531768825,1772.3618316
-49.1869610769,43.7362757253,380.876749378
-54.2187903332,25.8004787232,546.606549916
306.69041173,35.3499571398,168.134871233
-36.7330318711,27.3948953057,437.942755771
120.270363885,114.934053589,1395.93684209
791.955443758,93.7538099937,2496.26418557
-52.8495515752,35.6701458411,525.769910621
-55.2111656746,38.4586555504,106.592959007
1956.94106567,146.290349243,1637.50101668
304.683334465,31.8898568234,271.837584783
318.703512937,29.3982400625,2306.95853351
306.714365854,37.6642922294,204.286004516
250.395999643,95.5436508061,2115.81457533
312.045956149,44.0168762922,495.999363931
-132.334447068,129.946080934,1806.86712829
312.528407509,31.8977732362,1012.90610474
313.709133268,40.7030400162,342.192276493
62.2103413992,37.160455734,1801.25338784
-53.6468037206,39.8809667205,82.0945747368
132.105115989,116.53266803,1424.166091
322.77029046,45.196594693,921.009675307
306.785465196,39.3995906928,346.980904219
-60.1257524583,38.0179478188,570.697838842
-30.4969809711,94.3944051441,1799.49949879
709.341597417,98.8588598015,2499.94843578
-53.3981498917,38.3329863868,130.155146627
1249.04164547,124.197747329,4099.69620795
661.636651338,107.079305028,3411.77455103
-53.8638666439,38.9297870577,93.3244002135
219.807937026,101.48663116,2101.07703875
-53.6025481326,36.9871730572,198.530607318
-55.1702549823,38.054309188,110.941039418
-51.2959713036,37.4027573634,395.022098341
230.187999906,46.3442681321,6515.07520594
116.645553463,138.057717641,1201.71830201
-52.7675528043,38.3347396023,335.920760373
307.200762474,35.0582119419,123.917769158
-54.090332369,41.1717603846,217.673571476
-55.4400807489,37.604307894,125.427723254
248.947343008,25.6784589395,3120.43196022
308.680954497,40.4727607615,1651.2049718
-50.5700319483,39.5177640415,309.402362362
295.4983406,43.0707026233,1879.7826003
-56.1279861143,43.005737927,757.328776766
1356.27407534,163.099131749,4666.65526453
141.325866781,120.268715281,1566.70065634
-54.0516976001,41.6315271592,192.693584488
-52.4059849939,39.3230647556,361.174338003
122.979543276,51.6578079171,2891.91145627
310.250043109,32.6475706844,579.602269946
276.247389637,-6.44068812012,1802.46016185
-54.4544635969,38.6437820171,106.451915725
309.251649647,42.1249384835,372.31743929
-49.5870163308,43.9634509098,513.53466724
-54.070585335,41.4764194056,209.98101146
-54.7856939421,38.6133947718,100.577213521
-54.6963782773,37.2676035671,185.929162498
-52.1309958764,36.4545341159,501.170989135
-51.5125211768,37.3381358567,378.776296917
-222.786739529,115.977147414,973.855576012
180.685260812,140.70454641,2226.64518422
-49.9607129238,44.1211110324,514.686043399
-50.4150790277,38.9088674163,330.358717908
163.688474034,145.948296925,882.203381209
-93.6529564349,-164.374331477,4402.61667271
-52.3326021753,36.3601582687,522.794379923
-54.1496890729,39.9088001624,140.7196546
309.491690339,37.6777050867,1592.08906157
306.090641567,31.0019786433,367.406388213
13.4636096777,36.0903181034,667.268341435
-56.6348007031,37.6731413692,127.079398014
-53.0214856097,38.6927600602,142.504841539
-54.0696467007,36.4270828795,161.189135063
-54.9968290752,37.3245329514,120.214968947
311.088482522,38.808484701,1475.00939154
333.126051934,31.7712616612,2205.14308623
94.5866691559,45.6857522834,2378.70172366
-53.7601960443,38.7197635794,137.856780329
333.569707579,27.9409459571,197.853073245
162.047377681,145.467696805,1169.57876262
89.8706415327,43.7224919679,2323.52577991
-54.3959477147,39.25333357,94.4091784554
-60.6825332821,32.7988136874,490.566420088
-56.6087547943,38.0519392871,127.473087687
305.238847284,37.3537511724,299.364357087
305.917212629,36.3654339571,166.715482333
2048.42603187,116.248485739,3760.25910751
113.23693613,47.2885873965,2794.02247103
140.958902114,118.064820136,1454.68830154
-55.461521048,37.7285927767,142.562849118
-53.6996582675,39.1194824763,94.9128107207
-55.6735210285,36.9388915702,144.348790396
309.244425935,31.6785379505,2192.53376723
-49.3084212711,40.6225894329,224.28657049
-56.2375718104,41.0525710373,546.070589891
-53.3938974487,36.8133142466,145.953664155
-54.4522957631,37.5595409203,143.62468804
310.570843407,26.7262162007,520.096769689
-56.2845141359,38.0776806481,131.423772817
-56.5293373288,39.3751940555,496.414554572
1774.90332011,41.5270494752,6077.64788499
329.549695101,29.4183037442,1250.6780283
331.824225027,64.5182206528,3816.50752764
-52.480392976,28.3404840464,536.441555178
-58.5811163662,39.2241750151,543.549992278
-52.8836865615,36.6984703103,364.53592795
329.329120305,64.7777371928,982.879569458
-58.3268758483,38.9268564583,617.423845524
306.172699053,32.3036588583,2022.66827885
305.089540596,35.9498158827,242.107931465
-329.374082486,124.08737083,4644.08561982
315.755881944,28.2062031227,423.521513776
0.99864243511,118.326837732,1810.42573043
164.390763972,146.297313278,1063.53717573
-55.6525148478,37.7658239203,147.992929975
308.693380938,69.1266039845,2096.81534381
-56.7448532107,39.6950298411,516.27683956
-60.7217375791,30.0089313915,486.247929248
316.44416315,42.6312096845,892.527436259
201.000329582,134.422850736,1946.33637834
-54.1870276024,38.4878220156,133.263757015
-50.0641596925,43.928043219,378.527503866
605.979783151,104.969153336,1056.82800924
-53.3829345894,38.1890895388,165.171818568
-54.0044026906,38.9389809433,94.274989924
515.825162926,127.66358176,2254.96772588
306.009960122,38.1501436046,307.17450761
335.789466015,68.9924991569,795.284627145
-54.8694895681,39.0200048872,110.122915322
-45.5048476694,24.688602592,525.351676484
-53.994729915,40.5070917287,104.720190388
147.637970005,144.589423981,1548.36176431
-53.3472196693,41.6405621103,140.350216899
315.563525826,29.2340954869,1431.11128732
110.917748583,118.00929327,1668.42051366
-55.6136029723,37.1585920735,126.170038702
164.003693258,147.624874571,906.376229392
-51.0246047219,38.0703801066,396.54728246
315.418155668,29.5052573785,2606.88464732
327.930900565,30.928593829,1360.96635361
308.603020637,31.1806080507,1967.59516682
323.479918877,29.5514198233,1579.43007866
-52.4744426282,39.2018295802,197.216549097
-55.6781364612,40.5437291393,518.212223852
160.132420862,148.101520623,1577.68317543
328.779028332,29.2553631234,1404.1478774
-50.239252743,44.3515539609,501.519790019
-55.4327832565,37.7361505386,116.620552334
305.626571999,32.1220444948,365.869400273
307.39656831,34.9712294173,122.974563955
-52.6002195334,39.1528100936,178.294981895
-51.1791364977,36.9996252304,448.667063868
308.908317053,29.1822417202,365.902440692
-54.1695040993,35.6524984794,229.902170983
317.619097134,58.7489999033,1196.05113127
-55.0013965266,40.1785343407,143.821801791
-53.9157618117,38.1636671794,123.549220385
309.022410055,86.3675013853,2488.01866714
-49.6723301368,41.8209909872,181.915965298
306.709604824,35.5077677572,169.418918883
-56.7071814335,40.0311469706,526.512881309
-280.231995296,114.297745717,3231.95233529
30.1971258487,35.7622601202,1077.93469269
1767.27422365,103.903643566,2044.61530527
310.421718015,31.8926020514,1752.71736838
161.113654808,149.585965089,100.355867686
211.48629882,65.1574354767,3657.55996283
-51.6967169652,37.9879120737,376.35535712
-52.1089628661,38.4680977288,215.597664094
-54.105237818,39.3544761188,88.1566479666
-51.1725233878,37.8807830197,386.53906529
307.578583195,29.927068063,2128.05046944
126.137997696,121.54161854,1740.84036678
309.833016353,34.8797840682,1477.73045726
-55.9109990056,38.190764032,137.661055812
-54.1738446541,37.5062620661,207.599220321
308.012680017,32.3743968293,1724.22357572
-55.7139897825,41.0795148691,626.121816423
-76.8106838203,82.5244210282,1740.24615996
165.382530378,129.919164518,1845.85496811
-54.2716270316,41.666838605,186.400360762
66.0397466947,37.9419001107,1874.83902523
320.551637048,55.0997303274,4340.64078715
316.562502838,59.4914090025,4096.11942412
305.822730154,36.1274176392,190.338808802
-7.98509860764,33.4003908448,160.441763672
-55.3175897596,39.7716897981,144.067461992
311.535034238,29.3860854842,1348.33034392
-51.3516086778,36.9552203639,471.508082917
-49.7455280865,38.7505648215,320.042559256
-50.5210899441,39.8262120553,283.283353951
311.193198665,30.1554151649,1723.67590481
163.462751088,144.951265564,824.691484897
-48.4917186093,42.3427273374,233.57228687
-55.7599401842,37.2149082396,126.549418013
-54.9816842201,37.7072179913,131.725899421
314.344305419,29.3701836668,1273.49533549
-4265.01060102,64.67824218,3091.02428048
-55.4379510056,37.995836325,123.195486473
-53.9379809404,36.0982932431,186.089438656
313.346066461,28.1190984525,1386.79489204
155.80850767,151.680548471,368.775447341
327.097593328,50.2394711808,1091.66301686
-52.0794530238,44.7852065028,752.829327839
-52.4648074151,44.1318739106,650.249641574
-54.3149585813,40.7477569623,176.398170218
167.02991805,150.749174177,1405.97380869
-55.6352735099,42.5660299733,756.046812192
614.083383245,96.1883723109,1446.12647171
312.066120562,28.919519018,1331.1922791
-55.7582189907,39.0437218499,142.917409384
-53.4816980249,40.5497966876,113.505103323
-54.7250742268,36.6541744853,209.98947608
-52.4308935656,37.8550745686,189.376595457
189.02109817,69.8597148692,3392.97803703
441.112936255,83.7691965351,767.487055265
268.153253626,53.0722058119,4195.18210525
330.064452939,31.375244058,1245.21773915
8.50095809187,34.3011494136,557.213953286
-53.9140451412,38.5709125625,108.656862024
309.369380645,31.7163614372,1757.55911422
-56.2594536913,32.5048236053,421.667663732
-52.0057218795,38.2366148764,302.185648752
-54.0889902322,39.4183691624,116.075712734
-54.3015619661,41.4440722674,178.969289626
-49.6784971783,44.0160485462,478.304096265
-49.5284112367,41.1461927486,271.610989043
1603.04023456,146.917991477,336.440974709
-49.3399782874,40.7502444906,214.247518577
-55.9265902778,40.4931447387,583.020594167
-49.8170312533,43.8493100268,472.604921533
312.261751027,27.2035057796,511.323159348
-45.1539253164,28.8563943845,504.996456253
322.676616529,30.1433253348,1944.14555204
952.798093079,142.903562939,6425.43609226
-53.4881609664,38.4369295522,188.634199772
-54.1133954832,39.3774461107,87.8297007479
-52.9891663465,34.7310688666,539.797145282
59.9494888287,1.7722432322,5925.18153322
-53.7005970221,41.0058767159,153.909848494
148.442859742,62.9407645847,3205.71721012
305.361160416,33.3498076056,336.585860195
137.31400386,58.6464001702,3030.00564417
-48.7021310213,42.9985242372,309.996633939
-50.7750974508,40.554058228,255.935077208
236.277722803,58.8402173721,3933.00329138
-60.132960479,35.3253395967,512.472186848
-58.517060116,29.8312266632,489.531272303
319.677150054,28.1301766097,415.317990835
-50.6218320743,38.0864528206,380.503796133
-56.8053873564,28.8745183809,500.314960622
-51.2869721195,37.7119333548,358.361016509
162.660618732,146.236583179,1050.43887547
310.050337713,26.9524395474,451.204851261
206.946716468,65.5642901508,3721.02660182
5276.18451768,93.6836114009,1125.71681107
163.344197035,151.784603435,1504.98308281
-52.1052684348,37.4237203863,326.083828758
-53.2828628227,38.4178946075,129.666391826
145.795724996,63.4630608339,3084.55999316
161.870720911,150.681694118,1420.99440739
-55.2721182116,35.5434739958,209.75082709
-55.9158618393,38.9086907043,123.260675094
284.389104421,52.4043366872,4255.7686879
1148.90039898,170.126277696,8776.41697089
-55.2261102675,38.4534445956,120.406670147
-51.8509926811,44.1980833658,548.48487136
310.36627219,37.800239014,1669.43182644
308.468180444,35.8885682026,1611.4019682
180.29785944,71.9495477993,3385.63292598
307.219505231,30.8166567496,357.272025867
-82.8869773718,86.2960581618,969.475680878
-55.0683166627,38.9222973808,110.946221241
318.394586416,71.5006233941,3437.09535237
-53.9155301336,38.8137092466,93.6584844365
-52.0059084606,43.891298088,680.097292912
-52.8342100444,35.4896062278,398.307716463
-59.0528843817,31.5323549469,454.30954645
-53.6753936931,40.9434615122,128.449319768
-50.2941738829,44.7500831624,444.204266808
303.405005358,31.6323733533,325.726098903
-53.8122728704,36.6381422608,401.618022513
192.721654198,132.221534839,1845.18012901
304.002511083,36.2348347527,326.892401773
-53.5831226621,44.6479661769,763.375123
-54.5760733296,38.7916025316,97.3770050057
314.729296854,46.0425678679,752.303177968
-54.4730253209,38.9665097475,94.7143695682
-60.3250444596,31.9017240358,488.6015261
-49.0274031777,42.8345859964,264.434647324
314.73518309,60.0203077313,1136.83941902
-56.2083504764,37.6227334097,136.629734343
-2.52036510725,33.142291969,292.220299409
-53.3327006637,37.0612952821,365.345396991
105.856937027,115.953487443,1598.45060147
-52.8893190211,44.1294086244,740.928008872
257.307610691,95.0525400088,1966.63476135
-55.527396606,38.8176457398,143.991509695
-54.3538512398,40.6435027502,205.82241239
-53.5584371759,41.6126418167,168.407755314
306.633526347,31.6414513745,345.424113419
166.837363995,149.564753044,1420.65231749
306.600683143,37.2406001346,183.904370512
-55.2435127196,36.0525984423,174.199420555
306.899110887,30.8536662226,399.376349699
-54.5367854094,38.4975225092,102.257718797
308.836061783,34.0817631419,1753.39979538
-54.827124637,40.4074988782,185.205155745
-53.8891571433,36.9395955388,130.736792876
306.502674707,37.6432048518,228.525954093
-54.3411995411,40.8083664465,161.765630029
310.148557794,37.4848045544,813.479890237
166.159514255,126.699875118,1700.00250163
-55.6310786412,41.0470019824,587.726192158
311.510190242,26.0068011761,453.964272514
252.950020749,96.524204325,2178.81630313
-54.5194883149,38.8155819922,104.956336332
-11.3081484408,31.659489533,86.407588843
-0.371143510959,34.2404831198,341.949142468
-52.0501168626,39.0484335955,321.944807675
161.725115291,150.926363108,1776.50004245
307.705645207,35.9965420904,130.868885797
-48.7876900813,42.2562075886,268.688404593
-45.1699603356,24.6191483751,519.115944565
-50.5556283163,44.7562612322,516.004338074
46.3207975371,33.8545093851,1503.43951468
1270.54816139,133.717647897,7824.29494709
137.188714168,142.85115375,1095.01565451
-55.8142076791,36.9869172041,141.513257662
-54.6111977282,37.8789545453,113.156337465
-53.904612707,41.2383258082,180.008028677
-55.1304618393,37.5333424901,154.692096699
-50.0555369499,43.2784859902,288.685158235
-52.7825225449,37.2507985534,158.687380883
-53.2917468275,39.6508914146,83.3893219346
314.140429424,84.8832495852,2557.35426094
148.811318972,151.210774326,501.959442176
-54.7861616663,43.3937340012,758.279546592
312.485763712,39.9689253303,830.590482426
-54.8595461679,37.4944462692,146.449803966
319.450405941,61.7318105317,3962.72921817
464.340287503,53.1362908642,1747.92061138
160.500498267,144.802075648,1348.59404411
-54.0173030143,38.772844218,124.313672217
306.429677706,34.177907512,193.872279772
307.665060032,35.4887006544,124.975507595
-53.6207508557,39.1519003706,89.7104692375
315.754858988,27.223143543,447.740511749
56.6505082572,37.5931206376,1665.64991205
-129.247108026,124.655425709,1537.82983486
-16.6499585026,80.1565996721,1818.37022308
304.001057011,39.3115096743,1849.23956448
306.521451082,37.4979690187,218.677238165
307.438564276,31.2465208568,387.609784237
4.36309630977,34.8058037786,449.930099729
-54.5023992155,36.5968650341,415.805117573
16.702548546,125.998102916,1962.39093497
690.702830388,86.5295690523,943.822775311
307.297073796,33.948976515,282.083010685
305.87950762,35.8492832691,152.185060454
481.740203881,121.290544408,3895.93916561
-51.0198560002,40.6376887098,266.119429178
311.504590444,39.1623087541,1632.45089113
27.6818558422,109.410134907,1567.84142122
305.295639975,38.008656779,289.068132443
323.95036033,52.9191657842,1650.88953879
3253.51260452,184.261482925,2302.84261781
-52.6118729429,37.7520164224,354.73353639
-53.9799739842,39.1909592902,90.0254466149
154.658207341,125.036874526,1724.53084729
-54.0582211612,41.8689666279,170.205652207
-55.1790220322,39.5353761695,123.202769265
-57.1260815534,41.3422109895,686.007373623
-49.4958300275,41.9676932598,178.517413045
-58.7291080512,34.4525467259,450.961539926
-54.0752011671,40.932569237,196.067181715
159.543285167,130.534877276,1933.46185576
-49.3099941524,40.7412474046,211.392876331
306.885960872,35.8172826588,1599.5218054
340.759428467,61.4436510247,3977.54204461
107.743590347,117.13569986,1610.57518902
155.797051512,149.647485122,1374.51063252
1623.87730922,148.915872164,3984.61843034
-49.6966478598,41.4494106785,224.252753041
-52.7665849429,37.1501275882,224.499838168
306.689649195,35.541542281,133.397448217
-46.16145196,26.1278424051,545.403003774
325.491221729,30.506185898,1333.28574787
-55.3852126446,39.2177885754,149.020556022
317.415746014,43.3413135004,690.542813982
-56.2709733944,35.7406671221,153.453750907
1184.91874947,92.9182583535,917.149577273
-55.0162102043,40.8456835895,185.017444002
-50.3570228045,38.3627147965,358.786549769
-54.6621722576,36.1623687809,309.161510829
-54.3779885163,39.886327788,144.211914126
378.726813964,45.5060544999,1956.63789741
-53.6279970059,39.7477199291,91.2334250479
-53.8781428436,41.4503668841,192.441992987
310.732108326,40.9929267695,285.445182494
-52.3750603625,37.4352793582,175.605422665
170.787687808,132.798565955,1971.50652438
-25.7337389061,103.090818791,1760.1826793
-54.0894620081,40.7483927291,107.169745241
-52.2229175015,28.6539962898,504.320369255
305.189428618,37.8416022557,336.150745072
252.187778702,27.9159262287,2977.42452553
162.72623961,148.884835087,1480.84668015
-54.3556388045,38.7116921848,106.977669955
309.153885698,34.1378310409,481.621622674
311.794110478,37.1614402236,1358.60247759
329.561624144,28.2820986354,265.395849496
517.677453295,149.501448705,2498.1179041
124.583320375,139.885947074,1326.89760571
-21.1676025135,78.4280201151,2840.82946145
-54.0649278754,37.9899994834,123.03415872
-106.80861777,94.6880080187,2782.48212189
300.731204515,73.2974019678,2087.11352394
-52.7799000165,38.527872148,118.342897716
-49.9012139901,44.3989658804,416.282606216
173.541129043,73.5220655292,3334.42685024
307.770261342,35.9160012958,1645.49695734
126.098618695,51.9043571439,2995.46939412
-54.2564930448,40.6401019014,123.928503754
173.530996133,73.3345789006,3312.42516462
308.063841565,27.4777627707,414.033326822
-55.3943145372,38.3495180875,121.613106876
-49.9421301718,44.2038311658,488.998966826
325.543597448,49.783988918,1135.36881878
335.206361917,80.1555804601,2823.61576307
164.681356834,146.853232363,976.304174737
-51.9524956907,36.8289994063,439.153778665
-55.5263952959,36.9412853332,137.190156189
-52.97968851,37.5996690406,456.958713412
-54.7365975502,40.4595712881,223.417388906
318.924711443,29.3457272163,417.181438153
-49.7223976029,43.9803055182,423.042943587
225.192624495,61.4809074667,3822.97202457
42.5695800324,34.7595576246,1392.9496697
109.82267791,117.422826252,1625.7444367
305.990004971,37.4122977113,221.444274555
308.06291424,39.351938759,253.097390863
-52.7500778529,36.3769961734,239.487084167
333.585889235,30.0201807346,190.720472671
-54.1928977643,35.8749366662,234.104245025
-50.2541368666,44.4224511025,505.8770027
245.478307546,96.6210669311,1911.80447937
-51.1590766632,37.2398176658,346.52474913
306.84498546,35.983731509,120.797028938
157.929025109,132.964726406,2021.28180394
306.175718382,38.1307701865,1754.92406761
-53.6125946185,40.324585585,91.3604099227
39.0443194439,34.1547619997,1329.44285652
304.661667903,34.6988024715,274.504279759
1.21240512204,36.1023483461,371.487800096
-53.7350384185,40.5587792607,131.95872896
304.096573737,34.4106589346,321.082598852
320.821226025,63.554495635,995.794621173
-50.6332441742,40.6000694513,271.542493804
-51.6747095381,37.5513053027,391.908662194
115.887843242,119.361962619,1725.23514949
-51.7271861559,44.6006055206,576.200474232
-51.2540318484,39.2210836746,305.996708299
112.892910668,49.6411390119,2705.01056546
-49.838897723,28.0745102679,524.350751301
234.862221289,59.2624142225,3946.36194592
-55.1284772905,39.5737704259,191.948232805
-974.507609981,132.860584425,2081.67354336
-60.2931842051,28.8682905595,498.341769975
308.920568179,67.9304686537,2121.87245391
-54.0215513168,38.3805944278,99.6476959701
-58.6024905336,38.032372355,528.262466556
308.10198596,36.171252512,1710.23716313
136.713519263,57.180217675,3098.95386637
-16.6295292018,80.9770026433,1783.05242509
297.838887767,31.5967148963,2308.31795176
1408.36791601,125.878600075,3472.21320342
186.248148504,69.5783284453,3523.93946989
137.813118122,143.042566021,1374.7179588
-53.6881188821,44.0106750751,726.977125816
223.505053244,101.413754321,2121.61489722
-51.3110618879,37.6773218269,380.13610692
-54.0956228634,39.90838186,125.668587849
169.94809332,72.2681889602,3363.08630363
-53.2268765429,39.7206606782,80.5517625375
-51.4902213727,44.6642856841,633.696461776
304.555384809,36.3978341546,300.849515389
-54.4864656345,41.5676581614,202.279286929
-53.5559345578,41.3310797833,119.964779889
-59.512166407,29.5970536506,485.677966529
164.460836123,147.088720624,1089.30974781
-53.9002491784,41.8855654875,145.508852088
55.9791938551,35.8345980695,1683.84233684
-60.4921942661,33.6534006584,484.34806455
-55.4096105871,37.602907521,131.365239945
307.239065833,34.2126649074,1881.93136442
1454.13070091,193.515180453,9986.64679781
-53.9911675468,38.5463761025,101.456187989
223.56378149,62.8492443235,3715.31692473
-55.2694722546,37.3476862089,215.177408046
-54.2459577715,40.0878980118,112.807591584
82.4817564065,41.4361594846,2192.81605277
318.630179242,26.1592895672,428.042867295
-50.1647926611,44.1304962021,461.457090913
-53.1682455044,36.0525925947,290.116976966
-53.6199251753,41.5175840039,132.901808134
77.0125910526,39.4463023619,2104.46134934
88.0346493671,40.8069104046,2363.95110061
330.987091521,56.6557887146,4267.5396062
-53.3353601392,41.8955442171,540.292178655
-21.3194332255,31.413836548,142.431849342
-54.3768090383,41.5537328952,213.385069634
309.853571279,33.115626112,453.68772315
329.016429592,55.3265645078,2139.48292319
-53.6228971392,39.1425845603,88.5967080921
164.12018346,147.874366453,803.409645517
321.984492306,61.8967053868,2205.55535205
-239.636688079,17.8617123749,4611.56253495
108.356876098,48.125103026,2637.22244155
-54.666777718,37.512489592,115.452134484
-54.2955804656,39.4054798279,120.906588051
