-70.9574825295,43.3471410751,4.26325641456e-13
-70.8923861446,42.9724759535,3.04879263626e-12
-71.0461346888,43.7115595245,7.49402361512e-13
-70.9500462135,42.8992859466,1.27897692437e-12
-70.8113689712,42.9176553615,0.0
-71.1122218731,43.4115553123,2.13162820728e-12
-70.8815471715,42.7840170648,2.55795384874e-12
-70.9623395919,43.1504023601,3.46686996106e-12
-70.8032499001,42.8312732615,0.0
-70.9453820354,42.9806206972,2.22102413047e-12
-70.9672565365,42.4633455432,4.26325641456e-12
-70.8693581075,43.4336068352,2.21973233832e-12
-71.0449490694,43.0039254853,1.27897692437e-12
-70.9710659561,43.2436876738,1.70530256582e-12
-71.0210115287,43.8256615037,1.70530256582e-12
-70.8239616944,43.4447529842,3.8369307731e-12
-71.0631266672,43.6212786825,2.13162820728e-12
-70.9280762632,42.987749736,1.8157852241e-12
-70.9134171932,42.6072725138,0.0
-70.915799113,43.5271129766,1.27897692437e-12
-70.8923076392,42.8559823961,7.56597820065e-13
-70.8575352024,43.5977758531,2.46353586135e-12
-70.9580990901,43.513434702,5.15314204418e-12
-71.0129275547,43.7691185935,3.04713714386e-12
-70.9744054589,43.1673524124,2.13162820728e-12
-70.74506254,43.1558479622,1.42220708104e-12
-70.8895806335,42.268243222,4.26325641456e-13
-70.8170500921,43.0681034081,3.41060513165e-12
-71.0691489165,43.5267641179,1.70530256582e-12
-70.9500692089,43.2027591878,6.00083271435e-12
-70.7814378367,43.0325887,7.55119269568e-13
-70.9627565066,42.7613645438,6.26006217097e-13
-71.0228666959,42.596547719,4.26325641456e-13
-70.8200699395,42.7789004019,0.0
-70.9075215599,43.6037464421,8.52651282912e-13
-70.9691051969,43.4472834341,0.0
-70.874330589,42.6474090709,3.8369307731e-12
-70.9132262478,42.9087966613,2.98427949019e-12
-71.1242783783,43.2480357251,6.00078493725e-12
-71.0340273702,43.1902127289,2.63241025291e-12
-70.9270891643,42.5422090146,6.28215933679e-13
-70.9910001558,43.6130452178,4.26325641456e-12
-70.891950277,42.9050104393,8.52651282912e-13
-71.0646051442,43.9071841126,7.69841030901e-12
-70.9860379547,41.876600672,2.13162820728e-12
-71.0547262273,43.8103132026,1.81291348264e-12
-70.9577855697,43.1266853855,4.7306912949e-12
-71.0132261412,43.5977003839,3.8369307731e-12
-71.0828919538,43.243369993,4.26325641456e-13
-70.9037858175,43.7606192369,3.04715482374e-12
-70.8620280652,43.3616573782,8.52651282912e-13
-70.792163426,42.639176358,3.6339983771e-12
-70.8458343691,43.4195897186,0.0
-71.0841937459,43.2228892337,1.81496525456e-12
-70.8845542435,43.0869755371,4.68958205602e-12
-70.8287013767,42.7196711879,2.13162820728e-12
-70.9067449442,42.29594447,6.30688018532e-13
-70.9949090448,43.4611824981,4.26325641456e-13
-70.9648990393,42.4948576529,0.0
-70.872672902,42.8111222549,1.27897692437e-12
-70.9287839054,42.5217033168,4.26325641456e-13
-70.885848688,42.4995240926,3.04977358638e-12
-71.0026658546,42.9598814206,2.22108322317e-12
-70.8758735088,42.6881604297,1.27897692437e-12
-71.018367486,43.3915351178,0.0
-70.840504112,43.0739108186,0.0
-70.8893274379,43.4506785779,8.52651282912e-13
-70.9264209411,43.2297742818,1.05497348258e-12
-70.8888234425,42.5834180558,2.63386828634e-12
-70.9504483015,43.0979427003,3.46696575553e-12
-70.8901793993,43.2532936646,5.26451701885e-12
-70.8892508849,43.2935614116,0.0
-70.8635771411,43.4708073742,1.42080381183e-12
-71.0177547241,42.4182301009,0.0
-71.0381426083,43.1910395193,1.24329461884e-12
-70.8199357841,43.3761684264,4.26325641456e-13
-70.8607612868,42.5191381072,3.04973293749e-12
-70.997752981,44.1052234698,1.04970143492e-12
-70.9644519807,44.2359055016,1.70530256582e-12
-70.9750407938,43.6084392819,0.0
-70.9590117938,43.8195928902,7.48488049191e-13
-70.8668116281,42.7560976195,1.27897692437e-12
-71.0522684982,43.2891095665,5.5768766992e-12
-70.9796875458,42.2403048459,0.0
-70.8576346596,43.3324153085,8.52651282912e-13
-71.0254733007,43.5075001444,8.52651282912e-13
-70.9932594628,42.8547005866,1.70530256582e-12
-70.9374776233,43.8367871173,1.81282091138e-12
-71.1109721479,42.948821245,3.46723798099e-12
-70.861304333,42.6010901628,0.0
-70.8755368706,42.409395613,9.40026879415e-12
-71.0037700226,44.0702637377,2.98427949019e-12
-70.752488656,42.8131807047,3.46748549005e-12
-71.0369469494,43.2711571029,4.26325641456e-13
-71.0606174798,43.8400276022,8.52651282912e-13
-70.9754761621,43.8157722342,3.0470400918e-12
-70.9240992601,42.8668159071,7.56507224035e-13
-70.9160191659,42.9672122076,3.04880356236e-12
-70.9887401654,44.1899131766,7.45344424289e-13
-71.0570849457,43.5135435093,5.67853769046e-12
-70.9357456456,43.6682983757,2.13162820728e-12
-70.9299173092,44.0634450044,4.43586634322e-12
-70.8842870531,42.1195655601,3.468749364e-12
-71.0421886479,44.1608745589,5.15234554738e-12
-70.9286012137,43.7191056127,2.98427949019e-12
-70.8512591715,43.2044710577,6.21510486203e-13
-70.8023939522,42.9246554484,0.0
-70.9596878115,43.0388138489,5.11590769747e-12
-70.82366437,42.7544976396,1.42399179173e-12
-70.866552705,42.9362084395,1.27897692437e-12
-70.8109903103,42.7609683291,5.54223333893e-12
-70.800863803,42.6005053459,2.55795384874e-12
-70.8865922927,42.6066774737,0.0
-71.0226235687,43.5005166673,3.8369307731e-12
-70.9591560897,44.0438752925,0.0
-70.8424210694,42.8857914732,1.27897692437e-12
-70.7987526267,43.4158381652,3.4663850516e-12
-71.0322513764,43.6981505741,1.41978952295e-12
-70.9290631923,42.5722287058,5.57769003377e-12
-71.0212349941,43.3441621729,0.0
-71.0493569879,43.5490869892,7.50775013592e-13
-70.8771833772,42.7153973094,2.98427949019e-12
-71.0618120294,43.1013167531,5.11590769747e-12
-71.0415934553,43.7999801089,7.24753590475e-12
-70.8196665921,43.1704900074,5.11590769747e-12
-70.9920821049,43.3981539529,1.81435356184e-12
-71.0696183993,43.7787572731,4.72981800567e-12
-70.8689766989,43.9238160845,0.0
-70.9304917414,42.6849945962,0.0
-70.8476996886,42.5388932869,5.11590769747e-12
-71.0283137782,43.644297363,1.42002988934e-12
-70.9353793015,43.7635783967,1.4979245424e-12
-70.9769995638,44.1464253366,2.13162820728e-12
-71.0159313899,42.6038679857,1.81712204557e-12
-70.7937100212,42.9543089682,3.04883034519e-12
-70.7601421119,42.7413529196,6.26208372152e-13
-70.9058466356,42.8280366069,0.0
-71.0957697442,43.5326324268,4.68958205602e-12
-70.9811879046,42.5067120554,4.68958205602e-12
-70.9624252627,43.9483718357,4.02857664122e-12
-70.8734808075,42.8932094045,2.22127316117e-12
-70.8708460944,42.2250208804,4.73189634921e-12
-70.9458637674,43.2987070535,0.0
-70.9257892948,43.2027348256,4.26325641456e-13
-70.8770000489,43.1697626908,2.63245943984e-12
-71.0805693429,43.1003426885,7.54551093448e-13
-70.9583606478,44.0127343524,1.81220547256e-12
-70.9344406276,42.6049161928,0.0
-70.9820868168,43.302522892,1.05453669797e-12
-70.9956260113,43.5388568622,3.46616020588e-12
-70.9109527528,42.9517956028,4.26325641456e-13
-70.8564126985,42.6629289188,1.42439840091e-12
-70.8971360148,42.301093468,8.52651282912e-13
-70.9292436526,43.8285416993,1.27897692437e-12
-71.0828377671,43.5512849194,1.81381877709e-12
-70.9331202961,44.2483954739,4.26325641456e-13
-70.9406092201,42.9382370562,3.04886370359e-12
-70.9514482779,43.5152273743,1.05325820788e-12
-71.016571636,43.1668643421,4.26325641456e-13
-70.8886938814,42.1752959032,3.41060513165e-12
-70.9522018233,43.1836683213,6.00085285806e-12
-70.9389330857,42.4728464451,4.26325641456e-13
-70.9256564587,43.1459764904,2.22055281824e-12
-70.9061121296,42.0674264384,2.22362132132e-12
-71.0031515096,42.599016943,8.52651282912e-13
-70.8290140544,43.3755165233,7.69884795428e-12
-70.9565543798,42.2699132554,7.6997563096e-12
-71.0986876908,43.2732511789,0.0
-71.0137650253,44.1955397178,2.13162820728e-12
-70.9639807364,43.5543086966,5.11590769747e-12
-70.9052277258,42.7917822805,4.30892727227e-12
-70.9475370763,43.117976239,1.05564423413e-12
-71.0640646842,43.8181939565,2.98427949019e-12
-70.93157706,42.1026754663,3.46878009917e-12
-70.9298626657,42.5203077097,8.52651282912e-13
-70.8500280083,42.5842109298,4.26325641456e-13
-70.8200563604,42.561861347,1.42484693139e-12
-70.9810201426,43.770676914,3.04713390229e-12
-71.0108289089,44.1441680976,0.0
-70.9331421005,42.7689191664,2.22162711327e-12
-70.934914715,42.6506633231,1.79134523751e-12
-70.9424539211,43.1559377646,4.26325641456e-13
-71.0297768227,42.8295404412,1.51363777301e-12
-71.0197118691,43.7914736259,4.26325641456e-13
-70.9347457801,43.1773811445,4.73062344704e-12
-71.0283756668,42.4814167973,5.57779294295e-12
-71.0076699406,43.8122663499,4.26325641456e-13
-70.9078459759,43.5310866119,1.42053498657e-12
-70.8972793969,42.5285715857,1.42499460873e-12
-70.9172577926,43.7458410386,2.462011769e-12
-70.8459530788,42.2382494078,1.4262812141e-12
-70.7977355407,43.0434426843,3.46706526066e-12
-71.0182708524,43.4671135456,6.42475662018e-12
-70.8416222454,43.1849503481,2.13162820728e-12
-70.8415383933,43.0253693866,1.42278772816e-12
-70.9195368538,42.7813481229,4.26325641456e-13
-70.8861131716,42.851310501,1.05724171003e-12
-70.9315146129,42.5303084628,0.0
-70.9309476203,42.7757770124,5.11590769747e-12
-71.0201174604,43.3611302989,0.0
-71.0123028843,42.9873402985,8.52651282912e-13
-70.9939419398,43.2651775726,1.70530256582e-12
-71.0310540574,43.3277302173,1.0543852948e-12
-71.002045577,43.3665260946,1.05415221683e-12
-70.8685106161,42.4046663374,2.98427949019e-12
-70.9291682031,42.3321155845,4.26325641456e-12
-70.9857430157,43.9197910383,1.81253061903e-12
-70.859563747,43.0127258826,1.8156981673e-12
-70.9437790613,42.3871121456,1.70530256582e-12
-70.9689830158,44.0867154108,7.46221932648e-13
-70.9280018066,42.2510614722,3.46851000782e-12
-71.0084796129,42.9496033432,4.26325641456e-13
-71.0807342288,43.6366942588,2.98427949019e-12
-71.0597956204,43.3806110681,1.05406757986e-12
-71.0029030059,43.0973885827,2.22069133732e-12
-71.0397132748,43.0413905665,1.05610337846e-12
-70.9088404275,43.4217143025,6.19292753356e-13
-70.8448243294,42.72936951,8.52651282912e-13
-70.8666209064,43.1284471517,4.26325641456e-13
-70.9785680178,42.3782904353,6.42582884487e-12
-70.9174879125,43.5159634359,1.42060243843e-12
-71.0376103797,43.2346747866,2.55795384874e-12
-71.0911251495,43.3846516316,4.26325641456e-13
-70.9105134934,42.6502580428,2.13162820728e-12
-70.9134473897,43.5674841413,6.00044771069e-12
-70.915576845,43.9159897342,2.2183546645e-12
-71.0461475793,43.4377881845,1.70530256582e-12
-70.9508349676,43.4349137535,3.88656584131e-12
-70.792134662,43.2701877277,0.0
-70.9248146834,42.9301895746,1.27897692437e-12
-71.0192018457,43.6458926794,0.0
-70.8700723618,42.422555096,8.52651282912e-13
-71.0317051594,42.8943589763,2.22126988663e-12
-71.0289820078,43.8087246015,1.81291903723e-12
-70.9336132597,42.0543110392,4.31000855757e-12
-70.8030572094,43.0752203734,1.81548029541e-12
-70.9859092862,43.7803575706,1.05166174672e-12
-70.9873988104,42.4457731258,7.60018280995e-13
-70.8383895779,42.4528303076,1.0596222217e-12
-70.9472364546,42.1643319522,1.06134056249e-12
-70.9122296588,43.2743832629,2.22018663e-12
-70.9774648122,44.1569121412,8.52651282912e-13
-70.7970945051,42.9001774557,6.39488462184e-12
-70.9739269973,41.8862500953,2.13162820728e-12
-71.1107535309,43.2482384471,4.26325641456e-13
-70.8987485781,43.966030236,3.04672745079e-12
-70.8231409374,42.9075051774,3.46731338321e-12
-71.0567612156,42.7756187237,7.57269447768e-13
-70.9657548955,43.749500272,3.41060513165e-12
-70.8582038034,42.2089160644,2.55795384874e-12
-70.9011537582,42.9279279622,1.42322108269e-12
-70.9819167661,43.2195483381,1.70530256582e-12
-71.0777503333,43.621755865,5.11590769747e-12
-71.0173405792,44.0196111574,5.96855898038e-12
-70.8636800628,42.9804416208,5.15379697017e-12
-71.017962655,42.9279682816,8.52651282912e-13
-70.8675185812,42.465326364,7.5985568265e-13
-70.9449855795,42.1740742217,1.42656529391e-12
-70.952652986,42.9126797742,1.27897692437e-12
-71.0557278449,42.5897049748,1.70530256582e-12
-71.0551425369,43.0717618618,1.70530256582e-12
-70.9750044928,42.8098419335,4.73111512872e-12
-70.8520773787,43.2887938351,8.10018718767e-12
-70.9307857361,43.3751956987,1.05410012204e-12
-71.063403299,43.9314837038,5.57614674534e-12
-70.9321253337,44.1202880051,1.04961042458e-12
-70.9622666156,44.2970205789,1.0485420257e-12
-71.0090917537,44.0788624772,1.81197407663e-12
-70.8532578317,42.5060993571,7.59516484183e-13
-70.8944630457,42.8635495665,1.42350726426e-12
-71.0571011755,43.6086475895,8.52651282912e-13
-70.9149210254,43.0574157679,1.81554237282e-12
-70.9917194658,43.391199027,6.19604807468e-13
-70.8541087466,42.649966325,6.42556161652e-12
-70.8582157184,42.4292277776,4.26325641456e-13
-71.0596990628,43.3532316111,1.05423209532e-12
-70.9733767203,42.8252717646,3.88755875077e-12
-70.8765672965,42.7040408472,4.68958205602e-12
-70.9216132386,42.37274071,8.52651282912e-13
-70.7997881248,42.9410325947,5.15384536014e-12
-70.9483676769,42.399655367,1.27897692437e-12
-70.9556806384,42.3580760011,2.22279581746e-12
-71.0022073528,43.2129218942,8.52651282912e-13
-70.877687418,42.2336914785,1.27897692437e-12
-70.8959312568,42.3703085124,1.81793418852e-12
-70.9339779151,43.3292183047,1.70530256582e-12
-70.9863340864,43.2579693083,2.84350468467e-12
-71.004024916,42.8687482431,2.98427949019e-12
-71.0382838443,43.9968017929,0.0
-70.9250486476,43.4360473152,2.21972537339e-12
-70.8663603135,42.3967487433,0.0
-70.9583014505,43.0261581073,2.13162820728e-12
-70.8602638149,43.0182371948,1.27897692437e-12
-70.9318575782,43.6227622237,1.27897692437e-12
-70.9094327734,43.2714621086,5.96855898038e-12
-70.8267687285,42.5359887383,1.05912610502e-12
-70.9457268662,43.222897782,0.0
-70.9261818128,42.4272335742,2.63424304696e-12
-70.9498467686,43.3433257923,7.27401493504e-12
-70.9937579857,43.7857449105,0.0
-70.8629637659,43.419395352,4.73029943602e-12
-70.9520761742,44.384423343,1.41672135619e-12
-70.9321998486,43.1304540802,8.52651282912e-13
-70.9060140996,42.5314021291,1.81737412771e-12
-70.7587110801,43.1974628669,5.54223333893e-12
-70.8252202048,42.9281077377,3.46727578453e-12
-70.8250159202,42.6819698402,7.58051168938e-13
-71.0457924791,43.5897017953,2.10562016366e-12
-70.9351128895,42.7798712859,1.81650942947e-12
-70.9311429891,42.601857913,0.0
-70.9940237239,43.9392865936,1.70530256582e-12
-70.9154307005,42.6910501086,3.04937653556e-12
-70.8167354012,42.6611467241,1.42440631252e-12
-71.0784361486,43.2244491367,0.0
-70.9469016,42.2300788271,7.61808947943e-13
-71.046614771,42.6123179727,6.42559866219e-12
-70.9601468201,43.4109595959,4.26325641456e-13
-70.9291074756,43.3468087456,4.26325641456e-13
-70.8605233343,42.7120317973,2.11614934674e-12
-70.8508846225,43.8715870531,1.27897692437e-12
-70.8854230344,43.5583018537,1.70530256582e-12
-70.9764744411,43.0590719549,8.52651282912e-13
-71.0449176076,42.5798867264,1.27897692437e-12
-70.7861072418,42.7515457059,4.68958205602e-12
-70.893625014,43.6371294988,2.63133457679e-12
-70.8269251152,43.2138115782,2.2203593876e-12
-70.8401492256,42.3983191729,1.81783683889e-12
-70.9936020519,42.2151144094,6.31496879892e-13
-70.9318855973,42.449080129,2.55795384874e-12
-70.8080941136,43.1121334274,5.26519606809e-12
-70.912966431,43.8075380149,8.52651282912e-13
-70.9256315262,43.1291059703,1.81529238962e-12
-70.9116741518,42.8099681445,7.56982468023e-13
-70.9391888058,44.0038873356,7.46925415985e-13
-70.9676009717,42.9692616827,3.4672006735e-12
-70.9382483046,42.9067332882,0.0
-70.8185309972,42.9519287236,2.98427949019e-12
-70.9409554978,44.1032406463,1.27897692437e-12
-71.015462902,42.4450345811,4.73160262797e-12
-70.9639611542,44.4407192117,1.27897692437e-12
-70.9686242283,43.4506119138,1.70530256582e-12
-70.7815498419,43.3975479623,2.13162820728e-12
-70.8496396405,43.3617976424,2.55795384874e-12
-70.9976377543,42.5344786824,2.55795384874e-12
-70.9880225343,43.9530408427,2.63057345214e-12
-70.8479138687,43.5850186989,0.0
-71.0492030099,43.4730178367,4.68958205602e-12
-70.8058500479,42.6704897199,1.27897692437e-12
-71.0501098797,43.1571251128,0.0
-71.009491164,43.1362772218,1.81526737935e-12
-70.7576006534,42.9502226327,2.22111074251e-12
-71.0419179258,42.8189685471,2.22148460412e-12
-70.9995865036,43.5532206581,8.52651282912e-13
-70.894270054,42.5961478047,4.73140076128e-12
-70.9188980655,42.5887457485,4.26325641456e-13
-70.9759143809,43.2434029514,2.22027499399e-12
-71.0286767088,43.2693194348,2.220201074e-12
-70.9626606357,43.2693454327,6.20849148867e-13
-70.7768975453,43.1955058205,0.0
-71.0437281049,43.8698436313,4.30734244759e-12
-70.7738720746,43.0591004039,1.27897692437e-12
-70.8842968654,43.1117802769,3.88709232531e-12
-70.7847919885,42.9954036261,2.84584204204e-12
-70.9223624214,43.7130494493,2.13162820728e-12
-70.8635670179,42.6993629666,4.30906292567e-12
-70.8930518089,43.1004749635,4.85206640118e-12
-71.0069095907,43.8321074758,1.05134977807e-12
-70.9879843243,44.1514293252,1.04942225889e-12
-71.0339999145,43.8131430601,1.41927606581e-12
-70.9735572908,43.6322952463,8.52651282912e-13
-70.9836487132,42.7931589465,1.05758960626e-12
-70.9260257401,43.8597262577,5.15271613327e-12
-71.072104128,43.306704104,2.13162820728e-12
-70.8903597522,43.0032004308,4.26325641456e-13
-70.8263681592,43.4454694939,2.84183357235e-12
-71.038204173,43.3200798496,3.46656002566e-12
-70.8596136293,43.0305007654,0.0
-70.905450711,43.5584839544,8.52651282912e-13
-70.9830177283,44.1512148913,4.26325641456e-13
-70.9343403166,43.1498223838,7.54135836097e-13
-70.8777389538,43.2673543261,6.20869458296e-13
-70.984414549,42.7998626335,1.32187010401e-12
-70.8631985095,43.4522284298,4.3079568428e-12
-70.9717383932,42.8308524857,4.26325641456e-13
-70.8672879085,43.3908551341,5.15329273797e-12
-70.9619040987,43.3061262014,0.0
-71.083854,42.5857724478,3.41060513165e-12
-70.9455334085,43.302603537,2.13162820728e-12
-70.9040796376,42.3760253193,3.05002946112e-12
-70.9567393549,42.712270039,7.5779835271e-13
-70.8279446331,42.6080836579,4.68958205602e-12
-70.8691169734,42.8763002841,7.56427899229e-13
-70.9323632572,43.6070658008,3.04747417858e-12
-70.91117887,43.197756681,4.85155862745e-12
-70.9539245953,43.664311552,4.26325641456e-13
-71.0453196913,43.6176360444,4.30771355635e-12
-70.8797262637,43.5454472925,2.13162820728e-12
-70.9124837429,43.6080173947,2.13162820728e-12
-70.8333926983,42.5992549486,8.95283847058e-12
-70.844041976,42.5245442021,7.59362974263e-13
-70.8264731875,42.686510689,0.0
-70.8365433709,43.6562861545,2.10481844285e-12
-70.9785058386,44.4194478408,1.27897692437e-12
-70.9393840938,43.4149625168,2.13162820728e-12
-70.7874511721,43.0961479733,0.0
-70.9732572108,43.7069093939,1.41975042335e-12
-71.0175577912,43.5132350693,0.0
-70.8477321974,42.616469738,2.22206101551e-12
-70.9861276393,43.3459938664,6.20066759651e-13
-70.9859836082,43.4478006492,4.26325641456e-13
-70.8772023837,42.6406443235,0.0
-70.9176637434,42.6190725509,6.42559201605e-12
-70.8941503867,43.9949599293,1.41846367823e-12
-71.0197244569,44.1367162383,0.0
-70.991565006,43.1984459674,2.13162820728e-12
-70.8454651942,42.8811582128,1.81615665151e-12
-70.9379727594,42.6007168022,0.0
-71.0860590677,42.8562695359,2.55795384874e-12
-70.7762496648,42.6853464506,5.15415918323e-12
-70.8407727337,42.5822420691,0.0
-70.9962204113,42.4108616463,2.13162820728e-12
-70.8930026526,42.5062740008,4.26325641456e-13
-70.9191696628,42.844578551,1.70530256582e-12
-71.0407849891,42.9578967279,6.00109100847e-12
-71.0057873445,43.7728307459,1.49776792736e-12
-70.95503342,44.1817092386,1.41762857877e-12
-70.9791086399,42.58251682,3.41060513165e-12
-71.0178873104,43.2186555549,4.26325641456e-13
-70.7915073584,43.3915521682,2.98427949019e-12
-71.087254494,42.6946947299,2.22183840505e-12
-70.9353336514,43.113621399,2.55795384874e-12
-70.8611480623,42.9223566691,1.27897692437e-12
-70.9913969582,43.3617408277,0.0
-70.8218877736,42.6660553559,3.23701733786e-12
-71.0099171477,42.3212250217,8.52651282912e-13
-71.0035948353,43.1399227278,4.26325641456e-12
-71.0207191269,42.8627784145,4.30882303796e-12
-70.8521487673,43.361547683,0.0
-70.8583024201,42.7708303103,1.42391924376e-12
-70.8688313658,42.7471348039,2.98427949019e-12
-71.0135406805,42.9914528702,3.41060513165e-12
-70.9980537023,44.0257296882,2.21804099362e-12
-70.8778808017,42.5332225211,2.98427949019e-12
-71.0331427564,42.8240135526,4.30887995407e-12
-71.072205108,42.6969267339,6.8212102633e-12
-70.954607579,43.8671767346,4.68958205602e-12
-71.0360774872,43.6569381653,5.96855898038e-12
-70.8704061461,42.2964524063,5.57800245101e-12
-71.0608013974,43.5675532369,7.50619146643e-13
-70.8409158265,42.5905542594,2.55795384874e-12
-70.9106981484,43.2621265669,4.26325641456e-12
-71.0494686625,43.6547423577,1.41998327437e-12
-70.8829478529,42.9197686661,2.98427949019e-12
-70.8141394733,42.5220451997,6.28418781556e-13
-70.9152780348,43.3666359338,2.21992344657e-12
-70.8923353079,43.1249519742,4.30843793871e-12
-70.8180718372,42.8648065328,2.13162820728e-12
-70.9811712775,43.0195767594,3.46710882967e-12
-70.9712591786,42.6896292756,2.55795384874e-12
-71.0482115704,43.8745650554,1.70530256582e-12
-70.9818211555,43.7645525692,6.15774781514e-13
-70.8677372684,43.8124016782,2.21865066902e-12
-70.9858107042,43.53379339,7.50904073012e-13
-70.9998146207,42.5307999779,1.42498472426e-12
-70.8751705747,43.4753690796,7.51396866419e-13
-70.8857592872,43.017797768,2.22091818987e-12
-70.9278978834,43.9287362901,1.70530256582e-12
-70.9920735516,43.1538216161,8.52651282912e-13
-71.1180150093,43.299042941,2.6321484396e-12
-70.9360659644,42.1812410176,3.46863711445e-12
-70.7969352632,42.7331936457,1.70530256582e-12
-70.9219870807,42.2756626288,3.88845230551e-12
-70.9012598835,42.7038222002,4.26325641456e-12
-70.96374459,42.2992179443,2.2229630764e-12
-71.1034724474,43.6503291809,1.27897692437e-12
-70.9878166464,42.8785288933,2.2213149771e-12
-71.0328819972,42.8705589663,0.0
-70.9098042983,42.2191282912,4.44638119472e-12
-70.8058752565,42.8490071694,6.2511996241e-13
-70.8363450102,42.7842417289,2.13162820728e-12
-71.0239833504,43.6005495111,4.68958205602e-12
-70.8889512196,43.0968725693,1.05577078241e-12
-70.8882333091,42.7635322683,3.8369307731e-12
-70.7905780609,43.2423421954,1.05489804223e-12
-71.0590287991,43.4164937057,5.15326122234e-12
-70.9037531187,43.1427813745,1.27897692437e-12
-70.8657111361,43.2754787891,4.26325641456e-13
-70.9393168075,43.2471394115,1.81488064445e-12
-71.0491474164,43.6764760884,2.98427949019e-12
-71.0234553044,42.9068868919,7.69923331171e-12
-70.9534631245,43.3963550484,1.70530256582e-12
-70.9363624064,42.0662007928,7.63165768133e-13
-71.0572242702,43.2786746769,4.26325641456e-12
-70.8867504374,42.824727655,1.42367978856e-12
-70.9826096232,44.1711642559,4.26325641456e-13
-70.8365731787,42.5470836696,2.98427949019e-12
-70.9720321538,43.4716779143,2.21962368034e-12
-70.8963206014,42.7040818082,7.57866683413e-13
-70.8643044399,42.9806712536,1.70530256582e-12
-71.0262418075,43.6361192786,2.21915420392e-12
-70.9346768374,43.1951256737,7.53755387779e-13
-70.9696473837,43.0911325974,1.05580519849e-12
-70.978037468,43.7397996987,0.0
-70.7710915507,42.916041418,7.56095403349e-13
-70.9981627893,42.8789902306,1.8161642042e-12
-70.957011301,44.0647674139,2.63030413852e-12
-70.9432051313,42.3218799794,1.33098178123e-12
-70.854350143,42.8306683965,4.73108728129e-12
-70.9055696654,43.4393557791,4.26325641456e-13
-70.8291348368,42.5668576711,2.55795384874e-12
-71.0146149939,43.6209570978,2.84026809234e-12
-70.9721191915,42.6947307409,0.0
-70.9456865326,43.2228482171,7.53522465664e-13
-70.9771792201,43.5475307763,1.27897692437e-12
-70.9110772517,42.9519700635,5.11590769747e-12
-70.8069199937,43.0344454775,2.22087074545e-12
-70.8195122898,43.1836257571,5.54223333893e-12
-70.996889559,43.6565046597,8.52651282912e-13
-70.9330548692,42.8038092647,8.52651282912e-13
-70.7974732251,43.0377720539,4.26325641456e-13
-70.7548025135,43.2038483193,3.46677235116e-12
-70.853322004,43.4632810442,6.42476039932e-12
-70.8889479484,43.2380897541,0.0
-71.0559776346,43.6444889963,3.41060513165e-12
-70.8915091775,43.4497672737,1.27897692437e-12
-70.934100009,43.3928905269,2.55795384874e-12
-71.0039958503,43.9398941256,6.13967017014e-13
-70.9634246361,42.8474878359,0.0
-70.7696762885,42.8544671796,2.98427949019e-12
-70.93708377,43.9956756324,4.26325641456e-13
-71.0540751302,43.118041432,4.26325641456e-13
-70.9732947034,42.2764021115,0.0
-71.0648044203,43.0782154083,3.88714698742e-12
-70.7477082774,43.0890907522,1.05581744073e-12
-70.9975540656,43.1887354841,4.26325641456e-13
-70.8075602776,43.1333300865,1.0555521513e-12
-71.0064541825,43.0252075528,8.52651282912e-13
-70.9843831319,43.2328514187,3.88689511378e-12
-70.8016037961,42.7808432441,4.73115390053e-12
-71.0513237453,42.8918596096,3.04895995365e-12
-70.9295588316,42.5303540073,1.27897692437e-12
-71.0552973994,43.6133360065,0.0
-71.0340865847,43.0510778855,1.05604531692e-12
-70.865823738,42.7269086274,4.26325641456e-13
-70.8914571215,42.3308714459,1.06034916573e-12
-70.8614315536,42.9726910908,1.05651500254e-12
-70.7880327305,42.9076908522,4.26325641456e-13
-71.101582344,43.3009884825,1.70530256582e-12
-70.9973367264,43.3055824828,5.11590769747e-12
-70.9266424755,42.348981542,0.0
-70.9361539988,42.7018259492,0.0
-71.0468501379,43.437648185,1.70530256582e-12
-70.947015918,43.7849409621,4.7298097186e-12
-70.904535273,43.0874482948,3.41060513165e-12
-70.8217520347,43.2068162456,0.0
-70.8287990837,43.365879645,1.05415610114e-12
-70.9053148239,42.6261703182,3.41060513165e-12
-71.0186138727,42.9167111806,3.8874099331e-12
-70.9503223143,42.6599850028,4.26325641456e-12
-70.9724817612,44.1450049668,5.57590393852e-12
-70.9482801623,43.6468048639,2.98427949019e-12
-70.8694048455,43.3311970744,4.26325641456e-13
-70.7929160417,42.6682840054,1.05833610805e-12
-70.9263960042,43.3316869544,7.52607182603e-13
-70.9196553085,42.7248603454,3.88772212214e-12
-70.9246654304,42.006680333,4.26325641456e-12
-71.0114146233,43.8214468304,2.21862482564e-12
-71.0642815033,43.79901398,2.98427949019e-12
-70.8209991829,43.6294268369,0.0
-70.8947582733,42.7650229434,1.27897692437e-12
-70.9177983109,43.7426640245,3.41060513165e-12
-70.9581018393,42.968978217,3.41060513165e-12
-70.9679971835,43.0223198236,2.13162820728e-12
-71.0253073008,43.559109109,6.1788555722e-13
-71.1074209356,43.4523403833,1.42088615227e-12
-70.9144222319,43.1089339821,7.54479010967e-13
-70.9015996138,42.4850762513,3.88811203978e-12
-70.9490764835,43.5361351736,0.0
-71.030674825,43.0361415355,4.26325641456e-12
-70.887401172,42.7751108176,4.26325641456e-13
-70.9531307733,43.4728704255,5.57666797841e-12
-70.8847393671,42.8712038043,4.26325641456e-13
-70.9066895952,42.2095128973,0.0
-70.970276307,42.6574585801,1.05840078529e-12
-70.8293911991,43.4155749231,2.21978379828e-12
-70.8659596137,43.0021510722,2.55795384874e-12
-71.0105414355,43.5039070504,4.3078808416e-12
-70.9369169344,42.3720149466,2.63437548644e-12
-70.9830894697,43.4231411468,4.26325641456e-13
-70.9859039308,43.0177824658,1.51048672724e-12
-70.9134552685,43.4622425685,1.27897692437e-12
-70.9942574024,43.9718504627,0.0
-70.9659449059,43.2633981248,0.0
-70.8702854991,42.5284513283,2.63400020394e-12
-70.8639502097,42.5288091994,0.0
-70.8174236342,43.017668812,2.55795384874e-12
-71.0191522051,43.7970522775,6.15440145697e-13
-70.9789139864,43.5848399842,1.70530256582e-12
-70.7709587835,43.0646578591,1.4226129328e-12
-70.9949148915,43.42578558,1.05379606338e-12
-70.8712586435,43.4105856274,4.26325641456e-13
-70.8134690072,42.9657055175,4.73090668015e-12
-71.0473576725,43.2952545613,2.55795384874e-12
-71.0131747864,43.0345260256,2.98427949019e-12
-71.0452374428,43.7615702493,3.04715284551e-12
-71.1028313851,43.2929315885,3.8369307731e-12
-70.990714252,43.4215612366,1.70530256582e-12
-70.8534175639,42.5863399018,8.52651282912e-13
-70.8762340497,42.6395212737,2.13162820728e-12
-70.9574548851,43.2932207578,0.0
-70.7787168366,43.0049418139,7.67386154621e-12
-70.945044675,42.9096910101,0.0
-70.9534391866,43.8489475826,3.4655931677e-12
-70.9921432791,43.6068904993,3.46603583065e-12
-70.834525581,42.7407293527,1.70530256582e-12
-70.860181258,42.4070733416,4.30949168284e-12
-70.917161384,42.3393334857,4.26325641456e-12
-70.945250451,43.0100921957,1.70530256582e-12
-71.0298725057,43.7830480849,6.15584365259e-13
-70.8948837539,42.2662994395,5.54223333893e-12
-70.9414697036,42.2345840947,0.0
-70.7891554935,42.9906455045,5.57721551214e-12
-70.922373775,43.9307062114,4.68958205602e-12
-70.9516272223,42.9091889608,2.13162820728e-12
-70.9572783058,43.0293941354,2.22088514161e-12
-70.8852656399,42.1510847641,2.13162820728e-12
-70.9033596821,43.9856754265,5.11590769747e-12
-70.9479596841,43.2521392943,5.54223333893e-12
-71.0178037362,42.4510052885,0.0
-70.868597434,42.7894659446,1.42383645782e-12
-70.8317853287,42.6776531373,6.26851351092e-13
-70.8956852467,42.6281455229,4.7313580039e-12
-71.0293068636,43.9341209953,1.81248049441e-12
-70.934899061,42.9501392379,0.0
-71.0571213854,42.5113744615,1.70530256582e-12
-70.9699289873,42.7559910013,2.63345393947e-12
-71.0257711351,43.9018624802,2.55795384874e-12
-70.900868968,43.3281503559,3.04805395183e-12
-70.9632365174,43.4933944227,7.51244867574e-13
-70.8794614085,42.7465926262,1.05786807122e-12
-71.1046646951,43.5651016018,0.0
-70.9340276505,43.7529895834,8.52651282912e-13
-70.9192000581,43.0382484068,1.27897692437e-12
-70.8297340537,42.7012687885,6.42551112854e-12
-70.98351852,43.9118544032,3.8369307731e-12
-70.8613991694,42.482719525,7.24753590475e-12
-71.0486594075,43.0419970382,3.63119225563e-12
-71.0435289669,43.6912452582,4.68958205602e-12
-70.9819047092,43.265859938,2.13162820728e-12
-71.0050281011,42.6125664152,1.05866893298e-12
-70.9397956631,42.0075293902,1.81919371382e-12
-70.9494828192,44.3403993353,6.09816284703e-13
-71.0497512188,43.0097880427,2.2209410158e-12
-70.9034725302,43.0160755355,3.8369307731e-12
-70.9839113578,42.1698524293,8.52651282912e-13
-70.8559820738,43.2830018628,7.53016764908e-13
-70.8974366436,42.1983109455,2.13162820728e-12
-71.0571724574,43.2747230324,1.81478439367e-12
-71.0503580398,43.3163978844,7.27403838163e-12
-70.9471196126,42.2977672439,1.70530256582e-12
-70.916802371,43.3946719382,1.27897692437e-12
-70.9725910364,43.3460167626,1.05427544154e-12
-71.0222690023,43.3804519318,2.55795384874e-12
-70.9958823797,42.4744740575,3.04982549676e-12
-70.7990989659,42.8846898727,1.05704193952e-12
-70.9398739795,43.9296295795,2.21831568238e-12
-70.9789223436,42.3106596235,4.7317820476e-12
-70.9954923008,43.5834836231,3.46607862393e-12
-70.9518005221,42.1661443355,2.22334106897e-12
-70.7949893097,43.4531500031,1.05363154697e-12
-70.901681517,43.5090861966,0.0
-70.9100894149,42.4681683874,0.0
-70.85021915,42.9511446813,2.13162820728e-12
-70.9162713148,42.3615249384,0.0
-70.9477919239,43.7143210104,5.57639361285e-12
-70.989724745,42.2497265019,1.81835310447e-12
-71.0234144119,43.3050005006,4.30817331483e-12
-71.0373993613,43.8595695531,2.63079871143e-12
-70.8737059228,42.2893297148,2.98427949019e-12
-70.9583140148,43.260728067,6.20937041211e-13
-71.0900652056,43.1504382822,1.81521798939e-12
-70.8749873235,43.4836279827,3.8369307731e-12
-71.0773917583,43.2970381598,7.77358107099e-12
-71.0115482486,43.3238073539,2.63208885172e-12
-70.9818378302,42.5985498536,0.0
-71.0020151638,43.8770157766,3.46554182388e-12
-70.8035655775,43.6650969969,7.49795195276e-13
-70.9116030919,43.1413490122,1.27897692437e-12
-70.8981527984,42.5747832213,6.27888072959e-13
-70.9861876315,42.7764646689,4.30894975818e-12
-70.9252440711,42.5503941493,0.0
-70.9648567444,43.2433638742,1.05489190916e-12
-70.8757486945,42.6037983969,4.26325641456e-13
-70.8508090308,43.2390213399,1.81490896975e-12
-70.8501134876,42.8910374565,3.41060513165e-12
-70.9667536743,42.9878365069,4.26325641456e-12
-70.9209353917,42.5791003721,4.26325641456e-13
-70.9091098634,43.4319755811,7.51762635385e-13
-70.9660221537,42.8096454005,1.27897692437e-12
-70.9136417997,43.4824673904,1.70530256582e-12
-71.0022480916,43.7921730577,4.72980002639e-12
-71.0150435579,43.5830236435,6.39488462184e-12
-70.9849866425,42.1789229954,2.98427949019e-12
-71.0798381784,43.5451134403,1.42047242009e-12
-70.9233953274,43.403240918,3.46640807227e-12
-70.7574524009,42.8342341291,1.0573438882e-12
-71.0295151164,43.5404640395,4.30782707388e-12
-70.9329087285,43.3316466493,0.0
-70.8093310746,43.0251423997,1.05620075267e-12
-71.0576631195,43.6234965234,2.21919024987e-12
-70.9075597444,42.4675199217,2.98427949019e-12
-71.1040021416,43.1689437951,7.53975286265e-13
-71.1008317971,43.2820572665,2.13162820728e-12
-70.8969606331,42.7898892125,1.42383457741e-12
-70.7997327085,42.6726849134,6.09882924019e-12
-70.8241286434,43.3946352918,3.04791578945e-12
-70.7834300756,42.8582140634,3.88750514191e-12
-71.041888297,42.7482615413,1.27897692437e-12
-70.9489441343,43.5767905055,2.84066221828e-12
-71.0589880623,43.4598887107,2.13162820728e-12
-70.8837736721,43.4699939059,3.41060513165e-12
-70.9703727993,43.7194236275,1.0520289309e-12
-70.9372454795,42.998283352,8.52651282912e-13
-70.927500826,43.7986724988,0.0
-70.9013371631,42.2846062744,6.00180030524e-12
-70.9238216503,42.2790228658,1.06065797499e-12
-70.9166799581,43.823339169,3.41060513165e-12
-70.946932675,43.4537890853,7.51578792752e-13
-71.0851719753,42.9979776948,1.05636352041e-12
-70.8725128016,43.5656744226,1.30711552501e-12
-71.0117062793,43.3751323125,3.04795632115e-12
-70.9079481255,43.3813787956,0.0
-70.9634608255,43.3727725755,1.05411468269e-12
-70.9217503865,42.3110343495,2.63452171071e-12
-70.7653999379,43.0042697368,3.88726739374e-12
-70.9962898505,44.201210228,3.8369307731e-12
-70.8342068728,43.2805606797,0.0
-70.9560958338,42.723476463,1.81670577881e-12
-70.9051424057,43.8642061538,5.26157507734e-12
-70.8630347155,42.865450435,8.52651282912e-13
-70.8829877569,42.5206794369,1.05921746602e-12
-70.9690518137,43.8952979599,0.0
-71.046563108,43.2235906332,0.0
-70.9637736731,43.2994803513,2.13162820728e-12
-70.9679385395,43.5391656404,2.55795384874e-12
-70.8901187079,43.2155265273,0.0
-70.8982835808,43.3123472561,1.31201735271e-12
-70.9762954227,42.8679598456,2.22134508047e-12
-70.81861087,42.806693821,2.13162820728e-12
-71.0190116784,43.3719898219,0.0
-70.7803047212,43.0121109742,7.55290890965e-13
-71.0200127898,44.0874174405,1.04980899552e-12
-70.818123962,42.7517910903,7.57468441375e-13
-70.9861478856,42.5088611981,7.59493500881e-13
-71.0607033984,43.4219285614,2.98427949019e-12
-70.969579653,43.1984956765,1.31421359542e-12
-70.9883332146,43.0450358873,7.55014927971e-13
-70.963422358,44.4222725754,4.26325641456e-12
-70.9532887363,43.2769288882,2.98427949019e-12
-70.8558149925,43.0900400068,1.42249998694e-12
-70.9909733603,42.6044380161,1.4246580126e-12
-70.9196939748,42.0938964152,2.63504207352e-12
-70.7849226749,42.789554691,1.42383606356e-12
-70.9728884588,43.6364641248,0.0
-70.7449741255,42.9423740824,7.55874990868e-13
-70.9101652696,42.6685508787,1.70530256582e-12
-70.884331415,43.4532756683,1.70530256582e-12
-70.9302769487,43.4063251441,3.8369307731e-12
-70.9204163982,42.5521383618,8.52651282912e-13
-70.8662577584,42.3191571113,1.70530256582e-12
-70.9874725683,44.0050634466,3.04664621931e-12
-70.948671369,42.8841250159,0.0
-70.8432289156,43.4317547968,7.5176449587e-13
-70.9481589701,42.4418946912,0.0
-70.8130578549,43.0681821739,1.05594279024e-12
-71.0350524654,43.5156685225,0.0
-70.888216701,42.6380115442,3.8369307731e-12
-70.9199394356,43.1283424294,1.70530256582e-12
-70.9853194643,43.4862460962,3.88648216691e-12
-71.0419272476,43.6586854967,3.8369307731e-12
-71.1065753478,43.330913887,3.8867353356e-12
-70.9814997649,44.0729750234,3.41060513165e-12
-70.8530616072,43.4411295999,2.55795384874e-12
-70.902596272,42.3845632797,0.0
-70.8844063879,42.1480367809,6.32167167339e-13
-70.8969496585,43.0480612069,3.0486357221e-12
-70.9792038652,43.4330765371,5.57671318445e-12
-70.8217508841,42.7995364353,3.88760062754e-12
-70.8364928248,43.2713207264,3.41060513165e-12
-70.8882511102,42.9260374721,2.98427949019e-12
-70.9116537836,42.2620300352,4.26325641456e-12
-70.8630621971,42.4477415417,3.41060513165e-12
-70.8178340392,42.9355846048,8.52651282912e-13
-70.8784606033,42.1909244711,1.81855729347e-12
-70.8398791617,42.9660746594,2.22106557718e-12
-70.9569546753,43.3682643124,1.81445790994e-12
-70.9132643479,43.220022803,1.81497525513e-12
-70.9155510787,43.7867836142,3.88599208847e-12
-70.9598859249,42.9218558838,2.55795384874e-12
-71.0470672054,44.0455099781,1.41823769608e-12
-70.925890417,43.3501173336,1.05425080594e-12
-70.8108559009,43.2566197414,3.23239592962e-12
-71.014639555,43.8750842064,1.70530256582e-12
-70.897972293,42.3521836584,2.63442304359e-12
-70.9880524118,43.5668134756,4.68958205602e-12
-70.8607335391,43.2708680886,0.0
-70.8779122004,43.2682200027,3.4666547685e-12
-70.9636115431,42.1001342063,7.62885080162e-13
-70.8452448617,42.814445574,4.68958205602e-12
-70.9631510516,43.8968475356,1.05095933705e-12
-71.0100790833,43.2507565268,6.8494232281e-12
-70.9858082781,43.3998860291,1.81434751459e-12
-71.0588936723,43.5334736145,0.0
-70.9687708012,42.0536488047,3.88881275279e-12
-71.124357303,43.1554702542,4.30839309341e-12
-70.8251054861,43.6893270077,8.52651282912e-13
-71.0159551056,43.6900075669,5.15292490757e-12
-71.1000115075,43.024018981,4.26325641456e-13
-70.8322523729,43.0643078818,8.52651282912e-13
-70.8561717273,42.6138379827,2.55795384874e-12
-71.0364169407,43.0547012784,0.0
-71.008554565,43.2810922663,4.30820846047e-12
-70.9867251063,42.6873362517,3.04938423731e-12
-70.9290991717,43.8895652915,1.70530256582e-12
-71.0786027186,42.9092283055,1.05689504561e-12
-71.0473426217,42.3941384945,4.26325641456e-13
-70.9694468245,44.1625110976,2.63006847934e-12
-71.0069709191,43.6072903633,1.70530256582e-12
-70.8059522975,43.0545055761,2.55795384874e-12
-70.956137566,43.5779703927,2.10576137668e-12
-70.9150036894,42.4035858821,4.73165797988e-12
-70.909409161,43.3136507438,2.2200746155e-12
-70.9330672565,43.7809354194,0.0
-71.0550847758,43.0410480784,3.88720751041e-12
-70.9781126971,42.9330902198,1.42319813035e-12
-70.846904697,43.3700736186,1.42125286922e-12
-70.9027876761,43.1419469332,6.8212102633e-12
-70.9707408032,42.4176026118,1.70530256582e-12
-71.0028881488,43.8198224196,2.46124976446e-12
-71.0085491666,43.9541496524,3.41060513165e-12
-70.9052007967,42.235843096,1.70530256582e-12
-71.0053702106,43.0738304362,2.55795384874e-12
-70.9770191293,43.9791275016,2.98427949019e-12
-70.9102089214,43.2930210616,7.52932496076e-13
-71.0165238725,43.6394623461,1.70530256582e-12
-70.8900937027,43.7753311667,5.152819957e-12
-70.9595496836,43.8147222877,1.70530256582e-12
-70.9731392723,43.549344962,2.98427949019e-12
-70.9561878556,42.9635133864,5.15381775683e-12
-70.9609964553,43.2239542056,3.8369307731e-12
-70.9213963641,42.8101434954,5.54223333893e-12
-70.9166244632,42.9527246221,8.52651282912e-13
-70.8917445542,43.2826303572,1.42164249171e-12
-71.0411959715,43.4938456818,0.0
-70.9814986655,42.4007832166,4.26325641456e-13
-71.016259982,44.0529310211,2.55795384874e-12
-71.1070719272,43.5601204502,5.54223333893e-12
-70.9408613731,44.0319896436,1.81213809923e-12
-70.9694952945,42.7821363941,0.0
-70.8967811546,43.0660293756,8.52651282912e-13
-70.9356669006,43.2605451924,2.10957752698e-12
-71.0060189664,43.5905822269,4.26325641456e-13
-71.0229248547,44.0581093587,4.26325641456e-13
-70.9127819197,42.348953666,6.42585768723e-12
-70.9233647119,42.9718312033,4.68958205602e-12
-71.0248933254,43.6815629846,4.72994824844e-12
-70.9180272268,42.9202640166,1.42325515675e-12
-70.9199375011,43.543140761,1.50165039119e-12
-70.9922295207,43.7995237078,7.48657995095e-13
-70.86989051,42.9819657693,4.26325641456e-13
-70.99082018,42.9558306938,6.84969580307e-12
-70.9359652968,44.2046133758,4.72924710327e-12
-70.9044147869,43.7847889415,1.8130027254e-12
-71.0495959075,43.1942077705,4.73060092548e-12
-70.9028357828,42.8412997865,1.27897692437e-12
-70.8943560803,42.8519353418,4.26325641456e-12
-70.9935429436,43.560046516,0.0
-70.887256393,43.1765986323,2.55795384874e-12
-70.9636333472,44.0419566464,1.70530256582e-12
-70.8376199271,43.2046415389,2.2203855385e-12
-70.8649796792,42.1494287091,0.0
-70.8989138493,42.8187888581,0.0
-70.9337565468,43.3477478545,4.30811047024e-12
-70.9618009549,42.9798338011,6.23794304263e-13
-70.8672632369,43.8684068021,4.68958205602e-12
-70.9437148075,42.6259747096,2.55795384874e-12
-71.0449608747,43.1607295317,2.63248116561e-12
-70.9491556856,43.2762821842,4.26325641456e-13
-70.8942807819,43.7437647514,0.0
-70.903565253,42.8016713479,4.26325641456e-13
-70.9986584362,43.3465016673,3.41060513165e-12
-70.9635089233,43.3497925679,2.55795384874e-12
-70.8868404095,42.3889561513,0.0
-70.9149842789,42.564623587,0.0
-70.8988922033,42.9089110491,8.52651282912e-13
-70.8719659359,42.5919395242,1.70530256582e-12
-70.9479560833,43.0357504245,2.63278168995e-12
-71.0559799974,42.6261079952,0.0
-70.9457759835,42.0782321994,3.05064593901e-12
-70.8574720871,42.3975692496,0.0
-70.9584250413,43.4927207793,1.42070609468e-12
-71.0472813549,43.7688253765,7.48917864377e-13
-71.0223021932,44.1035050072,7.46079244681e-13
-71.0212862981,42.3395314025,1.4258326363e-12
-70.9471694458,42.77943121,8.52651282912e-13
-70.8982720832,43.0929704973,3.88712295863e-12
-70.9772368475,43.6294855654,2.55795384874e-12
-70.9391041878,43.0283787777,5.54223333893e-12
-70.7915806493,43.2924828083,4.26325641456e-12
-70.9179891671,43.4736350151,0.0
-70.9911362985,44.1107546318,0.0
-70.9336762936,42.2533946822,4.26325641456e-12
-71.0302015676,43.6872539069,1.81334367372e-12
-70.8318165154,42.497561437,1.70530256582e-12
-71.0667483823,43.3803324483,4.73035174617e-12
-70.8740420857,43.2803180486,1.27897692437e-12
-70.8712568111,43.4181430406,1.70530256582e-12
-70.9877090778,44.0865249472,4.26325641456e-12
-71.0104277511,43.090750029,0.0
-71.0197744792,44.110099282,4.26325641456e-13
-70.9744168711,44.0228347057,0.0
-70.9045998272,43.0204681578,1.42280953119e-12
-70.9969973793,43.1292353241,1.27897692437e-12
-71.1225715495,43.3230056238,1.70530256582e-12
-70.8452167048,43.0438447191,2.2208439572e-12
-71.026841775,43.3443251809,7.52500815465e-13
-70.9708967851,42.7500973038,1.27897692437e-12
-71.0400704298,42.8467229925,2.22140556477e-12
-71.0987116278,43.114402644,2.22064283474e-12
-70.745947221,42.8714085445,8.52651282912e-13
-71.0067890462,44.3319744387,2.21716521446e-12
-70.9963898285,43.8331015739,6.42439560339e-12
-70.9657526597,44.1427512963,3.04635963203e-12
-70.8561018498,42.5431971926,4.30929205589e-12
-70.8901748857,43.1924821405,1.70530256582e-12
-71.044366115,43.745818543,2.13162820728e-12
-70.9863759487,43.6526181583,8.52651282912e-13
-71.0118888808,42.6830090501,1.27897692437e-12
-70.9548628676,42.8642460132,1.81621556728e-12
-70.8259085353,42.8396938927,4.26325641456e-13
-71.0344369095,42.3919231125,4.73167355329e-12
-70.9907069292,44.190392081,3.04626045498e-12
-70.9859424749,43.2443337274,2.63228006467e-12
-71.033917367,43.6123466547,6.17339343305e-13
-70.8656481297,43.8128092568,1.41927755669e-12
-70.8750639762,44.0406642667,2.21799829926e-12
-71.0017683868,44.0681503999,1.29733180606e-12
-71.0621386118,43.4750853957,6.39488462184e-12
-70.8615069379,43.3356932953,0.0
-70.8969344114,43.5196381806,1.42058604893e-12
-71.077401345,43.3356757964,6.42488621046e-12
-70.9275923308,43.5533959568,1.0530285718e-12
-71.0407122228,43.3058310348,3.8369307731e-12
-70.7615020734,42.9345196795,8.52651282912e-13
-70.99918857,43.8645155233,2.21850176313e-12
-70.8601392553,43.2479187357,1.27897692437e-12
-71.0134794323,43.9079090551,1.05089260813e-12
-71.0491583472,43.2892998058,4.26325641456e-12
-70.9561966995,43.0297573148,2.63279609788e-12
-71.1080087116,42.7973755677,2.98427949019e-12
-71.0027649261,42.6194396223,4.30918020565e-12
-70.8722729444,42.6683373724,0.0
-70.9593128196,43.2711190591,2.2201959408e-12
-70.8588057868,43.7524231847,1.27897692437e-12
-70.990647831,44.1535036726,3.04633724878e-12
-70.8750662498,42.877170635,2.63316283071e-12
-71.0252924031,43.4907615718,0.0
-70.828955964,42.6000904363,5.11590769747e-12
-70.9910769334,42.8467816635,6.25142485151e-13
-71.0318320329,43.2673810949,1.70530256582e-12
-71.0200795351,43.7421725742,2.98427949019e-12
-70.8807951455,42.5322317281,4.26325641456e-13
-71.0438044139,43.5117916694,4.73017568792e-12
-71.0206868643,42.9390935202,4.26325641456e-13
-71.0872798109,43.5404193745,3.0476127516e-12
-71.0258999323,43.3345722206,4.26325641456e-12
-71.0504845449,42.6182157719,1.05863519417e-12
-70.8528163331,43.2403654483,7.69895913322e-12
-71.0280477524,43.6839643959,0.0
-70.9123435995,43.4350675847,4.73027844766e-12
-70.8002469261,43.0435025209,2.2208449325e-12
-70.9004203055,43.1399085216,0.0
-70.9672006352,42.9538150013,4.26325641456e-13
-71.0887505155,43.3369339986,6.20159296149e-13
-70.9926193353,43.7413477912,1.81315459468e-12
-70.7425232769,43.1982633156,5.11590769747e-12
-70.9663732674,42.0110200941,3.24212639768e-12
-70.9211366969,42.7942620834,3.8369307731e-12
-70.9636075396,42.9641946912,0.0
-71.0870694662,43.3259781952,4.68958205602e-12
-70.8561062599,42.5899321605,3.88794157005e-12
-70.8170856942,42.7542531878,4.68958205602e-12
-70.9519860184,42.3397634246,3.46834847821e-12
-70.7521351413,43.2884319866,7.52971094962e-13
-70.9390963696,43.4860742741,1.42073573417e-12
-71.0731683468,43.8078726357,5.15277992589e-12
-71.0108977499,43.5674538456,0.0
-70.9432695336,43.3059741862,4.68958205602e-12
-70.9105884505,43.2790715118,4.30821143093e-12
-70.9700372005,43.6567457699,3.46594467607e-12
