-70.9868178299,43.1338823427,4.26325641456e-13
-71.113240979,43.1340815755,1.42230397302e-12
-70.8465171953,43.133497291,0.0
-70.9402876596,43.1337737572,0.0
-70.7162098547,43.1329851808,8.52651282912e-13
-71.084930988,43.1340491304,2.13162820728e-12
-71.15352608,43.1341156376,3.4668997031e-12
-70.7400893833,43.1330901618,3.04845915953e-12
-70.7548569791,43.1331525839,3.8369307731e-12
-70.775220371,43.1332355252,1.81527798758e-12
-70.8700673903,43.1335739697,0.0
-70.7532615946,43.1331459324,7.54275823667e-13
-70.950278201,43.133798671,7.54270344954e-13
-71.0645896213,43.1340214821,0.0
-70.795514492,43.1333145695,1.81527771191e-12
-70.9922338892,43.1338937494,3.88705630966e-12
-71.0214689113,43.1339508823,1.42230455476e-12
-70.8426350881,43.1334841844,1.31546580472e-12
-70.8668950856,43.133563924,4.30842528418e-12
-71.0100685554,43.1339294938,4.26325641456e-13
-70.8327079625,43.1334500684,2.13162820728e-12
-71.1548151091,43.1341164927,3.88705594687e-12
-70.7265355937,43.1330311887,2.13162820728e-12
-70.9610835302,43.1338246323,8.52651282912e-13
-70.8260241036,43.1334266119,5.68023327249e-12
-70.935481785,43.133761461,1.50854131455e-12
-71.0523337569,43.1340030734,4.30842463888e-12
-70.9888459543,43.1338866442,8.52651282912e-13
-71.1455680169,43.134110036,1.27897692437e-12
-70.9306230503,43.1337488239,8.52651282912e-13
-70.8808159187,43.1336073514,8.52651282912e-13
-71.0993538972,43.1340665375,1.81527508935e-12
-70.8764312847,43.1335938563,3.46690065593e-12
-70.7505293045,43.1331344889,8.52651282912e-13
-70.877201042,43.1335962377,1.42230613335e-12
-71.0345391328,43.1339740024,5.96855898038e-12
-70.7309667555,43.133050646,1.81527863236e-12
-70.7613036829,43.1331792348,2.63254742335e-12
-71.158762938,43.134119021,0.0
-70.8001090838,43.1333319641,7.54274262228e-13
-71.1264020427,43.1340942675,1.27897692437e-12
-70.9431079176,43.1337808788,5.15360863813e-12
-71.0896421955,43.1340550169,7.54268193322e-13
-70.7441671738,43.1331075895,5.11590769747e-12
-71.0654043046,43.1340226591,4.26325641456e-13
-71.1015226428,43.1340689973,1.27897692437e-12
-71.0581854117,43.1340120269,2.63254542059e-12
-70.9598432095,43.1338217042,4.26325641456e-12
-71.1625332859,43.1341213081,7.54267636906e-13
-70.757962659,43.1331654683,7.54275659694e-13
-70.8496202827,43.1335076725,2.13162820728e-12
-70.7584241876,43.1331673759,2.63254745187e-12
-70.8907558373,43.133637321,1.27897692437e-12
-70.8426544653,43.1334842502,2.22058843461e-12
-70.7578184477,43.1331648719,7.542756647e-13
-70.7140476258,43.1329754284,1.05555427845e-12
-70.7539033897,43.1331486108,1.27897692437e-12
-70.8915271701,43.1336396104,4.26325641456e-13
-70.8374961327,43.1334666315,4.73068221984e-12
-70.845474252,43.1334937829,3.46690083867e-12
-71.1236063205,43.1340916984,2.98427949019e-12
-70.8623948951,43.133549522,0.0
-71.0390393588,43.1339816165,4.73068153065e-12
-71.0092581245,43.13392793,7.54269260024e-13
-70.8303828651,43.1334419531,0.0
-70.8363594128,43.1334627176,1.05555135582e-12
-71.1472332202,43.134111254,2.98427949019e-12
-70.9726119019,43.1338512027,2.22058738843e-12
-71.0814079849,43.1340446015,2.63254534226e-12
-71.0934137362,43.1340595891,8.52651282912e-13
-71.0948744832,43.1340613264,2.98427949019e-12
-70.8589745244,43.1335384571,8.52651282912e-13
-71.0022937025,43.133914254,3.04845744809e-12
-70.9130407512,43.1337013653,4.26325641456e-13
-71.0709883419,43.1340305702,2.98427949019e-12
-71.1001506303,43.134067446,3.04845712994e-12
-70.7661164245,43.1331988934,3.8369307731e-12
-71.0402113665,43.1339835704,7.54268793007e-13
-70.9950384589,43.133899555,1.27897692437e-12
-70.7477203084,43.1331226561,1.81527838122e-12
-70.8132720424,43.1333807738,0.0
-71.1116078683,43.1340798947,1.4223039805e-12
-70.8847558892,43.1336193343,2.13162820728e-12
-71.1424824849,43.1341077148,6.22226877946e-13
-71.1623404237,43.1341211942,2.98427949019e-12
-70.9904659151,43.1338900541,3.8369307731e-12
-70.7890657634,43.1332898433,9.82521276865e-12
-71.0805518023,43.1340434844,2.55795384874e-12
-70.8481432648,43.1335027416,1.42230654952e-12
-71.080231033,43.1340430643,2.55795384874e-12
-71.024826841,43.1339569651,5.15360842182e-12
-70.7922572351,43.1333021258,1.27897692437e-12
-71.0064316359,43.1339224309,2.63254563606e-12
-71.1110619626,43.1340793276,7.54267989269e-13
-71.1279961152,43.1340957017,3.8369307731e-12
-70.8757631166,43.133591785,6.849531537e-12
-71.0992880363,43.1340664622,2.55795384874e-12
-70.8311080421,43.1334444893,3.8369307731e-12
-70.9532928133,43.1338060169,0.0
-71.0786981358,43.1340410439,2.13162820728e-12
-70.9772660075,43.1338615995,1.27897692437e-12
-70.7100300215,43.1329571987,4.26325641456e-13
-70.7784932187,43.1332485168,4.26325641456e-13
-70.7389354709,43.1330852038,0.0
-70.8091283365,43.1333655722,3.04845858757e-12
-70.9126162188,43.1337001859,0.0
-70.9465037679,43.1337893613,1.27897692437e-12
-70.9137710184,43.1337033904,4.26325641456e-13
-70.8294286268,43.1334386088,1.27897692437e-12
-70.7383916258,43.133082863,1.05555363409e-12
-71.1463896886,43.13411064,8.52651282912e-13
-70.7869391587,43.1332816094,1.70530256582e-12
-70.821416842,43.1334102152,7.54273605435e-13
-70.9742710718,43.1338549309,8.52651282912e-13
-70.7540214601,43.1331491032,3.41060513165e-12
-70.7629907041,43.1331861488,1.05555301461e-12
-70.7890249897,43.1332896858,0.0
-71.0790772364,43.1340415455,1.4223041512e-12
-70.8631589484,43.1335519797,0.0
-71.0204644462,43.1339490436,5.11590769747e-12
-70.9999672569,43.1339095909,1.05554867558e-12
-70.8520352913,43.1335156937,1.05555103808e-12
-70.761244151,43.1331789903,3.04845897506e-12
-70.8450222826,43.1334922596,3.23336054244e-12
-70.8708928956,43.1335765694,1.4223062209e-12
-71.1120424511,43.1340803442,0.0
-70.9896500757,43.1338883397,0.0
-70.7172155154,43.1329897028,0.0
-70.9158461668,43.1337091194,4.68958205602e-12
-71.1137339545,43.1340820782,3.46689976438e-12
-71.0631637212,43.134019408,4.26325641456e-13
-70.825852459,43.1334260044,0.0
-71.0763174192,43.1340378653,3.8369307731e-12
-70.7146582508,43.1329781867,4.30842614488e-12
-70.8369697312,43.1334648204,1.70530256582e-12
-70.8173114926,43.133395448,3.04845852553e-12
-71.006541733,43.1339226464,3.41060513165e-12
-71.1165837077,43.1340849429,3.04845709361e-12
-70.788416001,43.1332873317,4.26325641456e-13
-70.8483018643,43.133503272,2.55795384874e-12
-71.0839228803,43.1340478456,2.22058682779e-12
-70.7679330388,43.1332062609,4.26325641456e-13
-70.8739926025,43.1335862776,5.57705327867e-12
-70.7289308649,43.1330417278,1.70530256582e-12
-70.7642931015,43.1331914695,1.05555298269e-12
-71.0285032051,43.1339635114,0.0
-70.7779556809,43.1332463894,6.00090605625e-12
-70.8346997808,43.1334569828,2.55795384874e-12
-71.1552970222,43.1341168086,0.0
-70.8599859477,43.1335417397,1.27897692437e-12
-70.7561825771,43.1331580937,3.46690145168e-12
-70.9243007097,43.1337320703,1.27897692437e-12
-70.8750685047,43.1335896276,1.05555059464e-12
-70.9461666709,43.1337885238,2.55795384874e-12
-70.8083602825,43.133362738,0.0
-70.9046850528,43.1336778619,0.0
-70.8442698177,43.1334897196,1.27897692437e-12
-71.0865138053,43.1340511298,7.54268225948e-13
-70.8373635835,43.1334661757,2.13162820728e-12
-70.8535859209,43.133520817,8.52651282912e-13
-70.9895364611,43.1338881005,3.0484575024e-12
-70.7294191486,43.13304387,8.52651282912e-13
-71.0647668087,43.1340217386,1.27897692437e-12
-71.0098710599,43.1339291132,2.63254561999e-12
-70.748262899,43.1331249471,6.42508584051e-12
-70.7891484976,43.1332901628,5.11590769747e-12
-71.1376676253,43.134103926,3.04845705418e-12
-70.7438510164,43.1331062435,2.22058951232e-12
-70.7113018106,43.1329629847,3.41060513165e-12
-70.9694751469,43.1338440885,5.15360856049e-12
-70.8794774705,43.1336032498,8.52651282912e-13
-70.900565754,43.1336660497,1.4223058226e-12
-71.0378520327,43.1339796249,8.52651282912e-13
-71.0217181265,43.1339513371,4.26325641456e-12
-70.8623743456,43.1335494558,0.0
-70.8046326727,43.1333489093,5.11590769747e-12
-70.770694681,43.1332174058,0.0
-71.0190501249,43.1339464395,6.42508503106e-12
-70.8116674099,43.1333749049,3.46690105576e-12
-70.7469941282,43.1331195858,6.00090619003e-12
-71.0887084954,43.1340538657,3.04845715815e-12
-70.954242114,43.1338083137,4.26325641456e-13
-71.007828712,43.1339251577,2.22058717758e-12
-70.8334715156,43.1334527231,2.13162820728e-12
-70.897604113,43.1336574653,0.0
-71.0993975178,43.1340665874,1.81527508918e-12
-70.8148089833,43.1333863739,1.70530256582e-12
-70.9031722711,43.1336735412,0.0
-70.8694811233,43.1335721198,6.22232327413e-13
-70.7258063869,43.1330279703,4.26325641456e-12
-70.7371451341,43.1330774881,2.2205895943e-12
-71.0147405052,43.1339383967,2.98427949019e-12
-71.1362427575,43.1341027658,7.54267792541e-13
-70.8895417885,43.1336337069,3.88705673319e-12
-70.986037251,43.1338806776,3.04845751782e-12
-71.078118468,43.1340402745,0.0
-70.7465450202,43.1331176846,4.73068268682e-12
-71.1407629364,43.134106385,3.04845704908e-12
-70.9115396976,43.1336971881,6.42508527666e-12
-71.0020856383,43.1339138389,4.30842477e-12
-70.8891496489,43.1336325368,3.46690058529e-12
-70.9836087802,43.133875463,0.0
-70.7547552752,43.1331521606,4.26325641456e-13
-70.7861089367,43.1332783841,4.26325641456e-12
-71.036862806,43.1339779561,2.63254550253e-12
-71.1520618294,43.1341146486,1.42230382581e-12
-70.9135175596,43.133702688,3.88705662084e-12
-70.9917157439,43.1338926692,3.8369307731e-12
-71.0320494158,43.1339697137,0.0
-70.7227439216,43.1330144029,0.0
-70.7386905406,43.1330841499,8.52651282912e-13
-70.8982746846,43.1336594157,1.05555017607e-12
-70.7570309344,43.1331616118,8.52651282912e-13
-70.7453806218,43.1331127474,4.30842594715e-12
-70.9937601192,43.1338969173,4.26325641456e-13
-71.0499271455,43.133999304,1.81527532384e-12
-71.0619611501,43.1340176449,2.98427949019e-12
-71.0341411087,43.1339733205,7.54268879039e-13
-70.9235976688,43.1337301857,8.52651282912e-13
-70.7465923341,43.133117885,2.63254757089e-12
-70.9385453663,43.1337693228,3.46690033551e-12
-70.7680527437,43.1332067454,0.0
-71.0300079905,43.1339661567,3.0484573403e-12
-70.7224889861,43.1330132698,2.98427949019e-12
-70.7987609496,43.1333268794,8.52651282912e-13
-70.8785422193,43.1336003744,0.0
-70.8860981641,43.1336233855,1.27897692437e-12
-70.8485684947,43.1335041632,4.26325641456e-13
-71.0015150434,43.1339126986,4.03369716082e-12
-71.0671621301,43.134025179,1.70530256582e-12
-70.7991090243,43.1333281938,0.0
-71.0532393456,43.1340044786,4.26325641456e-13
-70.71653811,43.1329866578,1.42230884669e-12
-71.0775778715,43.1340395544,2.63254535439e-12
-70.8846571852,43.1336190357,2.13162820728e-12
-71.1125705008,43.1340808882,2.22058673359e-12
-71.1527497037,43.1341151155,7.54267688884e-13
-71.1008248538,43.1340682104,2.98427949019e-12
-71.0140009171,43.1339370001,1.42230461656e-12
-70.990262267,43.1338896267,3.04845749923e-12
-70.8288361288,43.1334365282,7.54273384579e-13
-71.0236561839,43.1339548557,4.26325641456e-13
-70.7833668464,43.1332676887,1.05555252555e-12
-70.7152686715,43.1329809408,0.0
-71.1158717647,43.1340842339,3.88705599941e-12
-70.8487354152,43.1335047208,2.6325466406e-12
-71.1378673472,43.1341040872,2.98427949019e-12
-70.8110943444,43.1333728034,1.0555518951e-12
-71.1143505143,43.134082704,1.81527503297e-12
-70.877150667,43.133596082,7.54272045375e-13
-70.7816757842,43.13326106,1.05555256531e-12
-71.1538733218,43.1341158694,4.26325641456e-13
-70.9142638459,43.1337047544,1.42230565032e-12
-71.0224368543,43.1339526458,1.42230454691e-12
-71.0057734317,43.1339211402,2.55795384874e-12
-71.1585824199,43.1341189084,1.27897692437e-12
-70.9879913994,43.1338848362,7.5426962173e-13
-71.0571535633,43.1340104699,1.27897692437e-12
-70.927329001,43.1337401387,1.05554969191e-12
-70.7297979246,43.1330455304,4.73068278338e-12
-70.7306923726,43.1330494462,1.05555383451e-12
-70.8887773305,43.1336314246,1.42230597673e-12
-70.8168342301,43.1333937217,8.52651282912e-13
-70.7665064932,43.1332004778,4.26325641456e-13
-70.9129139917,43.1337010133,5.15360873625e-12
-71.0215831315,43.1339510908,2.98427949019e-12
-70.9328004927,43.1337545128,3.04845777983e-12
-70.7281791119,43.1330384255,2.55795384874e-12
-71.0242871519,43.1339559941,5.96855898038e-12
-70.7398809143,43.133089267,1.81527849767e-12
-71.073014556,43.1340333733,3.23335630442e-12
-70.9081180611,43.1336875925,4.26325641456e-12
-70.9728160834,43.1338516628,1.70530256582e-12
-70.7449572015,43.133110949,3.8369307731e-12
-70.7869409303,43.1332816162,1.81527782684e-12
-70.8931576126,43.1336444326,0.0
-71.016577091,43.1339418441,2.22058713001e-12
-71.0932294122,43.1340593685,1.81527511436e-12
-70.7685857147,43.1332089009,1.70530256582e-12
-71.0948955333,43.1340613513,7.54268140153e-13
-70.8238229785,43.1334188016,1.05555161921e-12
-70.8785123494,43.1336002825,4.26325641456e-13
-70.8602052892,43.1335424504,3.88705688183e-12
-70.9928878721,43.1338951093,1.42230480302e-12
-70.7825994748,43.1332646838,1.05555254357e-12
-71.0188004726,43.1339459781,0.0
-71.0887863988,43.134053962,3.41060513165e-12
-70.9194322679,43.1337189308,4.73068188219e-12
-71.0295322649,43.1339653226,8.52651282912e-13
-71.1279634055,43.1340956725,4.26325641456e-13
-70.8218958892,43.1334119288,0.0
-70.7439668785,43.1331067368,3.41060513165e-12
-70.7092199189,43.1329535058,1.05555440994e-12
-70.8064582983,43.1333556972,1.81527756847e-12
-70.7922719823,43.1333021823,1.5085490244e-12
-70.7907879311,43.1332964822,3.88705728244e-12
-70.7622498084,43.1331831154,3.41060513165e-12
-70.9801269511,43.1338678963,1.27897692437e-12
-70.7262418593,43.1330298929,2.6325477825e-12
-71.006335967,43.1339222435,5.15360846448e-12
-71.0262492934,43.133959512,2.63254554689e-12
-70.847502077,43.1335005951,5.15360898245e-12
-70.7912156304,43.1332981269,8.52651282912e-13
-71.0999904153,43.1340672637,3.46689979144e-12
-70.9073545471,43.1336854373,1.27897692437e-12
-70.9730576906,43.1338522068,4.26325641456e-13
-71.1623422956,43.1341211953,6.8212102633e-12
-70.9991969697,43.1339080365,4.73068162912e-12
-71.0977242597,43.134064662,3.88705603129e-12
-70.7192806517,43.1329989608,2.55795384874e-12
-70.7812791216,43.1332595015,1.05555257466e-12
-70.7604376667,43.1331756758,2.63254743191e-12
-70.7587646776,43.1331687819,8.52651282912e-13
-70.9564857615,43.1338137106,3.41060513165e-12
-70.7913369417,43.1332985932,4.26325641456e-13
-71.1514660942,43.1341142408,2.46829974559e-12
-70.7297970196,43.1330455264,2.22058968542e-12
-70.7099489602,43.1329568295,5.15360965044e-12
-70.925092816,43.1337341885,2.22058772204e-12
-71.124113597,43.1340921696,2.13162820728e-12
-70.9136803227,43.1337031391,1.27897692437e-12
-70.7707235951,43.1332175221,3.41060513165e-12
-70.8917585187,43.133640296,2.98427949019e-12
-70.9369098664,43.133765136,3.41060513165e-12
-71.0225524451,43.1339528559,1.81527548583e-12
-71.0323039614,43.1339701547,1.27897692437e-12
-70.7147399754,43.1329785556,3.04845939131e-12
-71.1236479577,43.1340917372,3.88705598719e-12
-70.903685832,43.1336750102,2.22058789075e-12
-71.0978579993,43.1340648168,2.13162820728e-12
-71.0668349862,43.134024712,1.42230422613e-12
-71.0419405115,43.133986431,3.41060513165e-12
-71.1591659176,43.1341192714,7.69904651056e-12
-71.0723246706,43.1340324229,3.41060513165e-12
-70.8420978609,43.1334823603,3.41060513165e-12
-70.9516635471,43.1338020567,0.0
-70.8011671129,43.1333359435,1.05555211618e-12
-70.8824154478,43.1336122326,7.54271909816e-13
-70.788225269,43.1332865937,3.8369307731e-12
-71.0496912574,43.1339989318,0.0
-70.8470342271,43.1334990266,4.26325641456e-13
-71.0706481799,43.1340300961,2.46830060889e-12
-70.808682153,43.1333639264,7.54273993956e-13
-71.1511516128,43.1341140243,4.03369589689e-12
-70.9935634328,43.1338965102,4.26325641456e-13
-70.857423931,43.1335334071,1.70530256582e-12
-71.0316998118,43.1339691072,1.70530256582e-12
-70.8164167596,43.13339221,8.52651282912e-13
-70.7686178355,43.1332090307,2.55795384874e-12
-70.9427870345,43.133780072,1.27897692437e-12
-71.0331370336,43.1339715939,1.81527542048e-12
-71.1081472054,43.1340762558,6.22227198031e-13
-71.1407153724,43.1341063479,3.04845704915e-12
-70.9901083454,43.1338893034,2.2205872798e-12
-70.7184869564,43.1329954071,2.13162820728e-12
-71.0690204436,43.1340278134,2.4683006323e-12
-71.1019324475,43.1340694575,2.63254528248e-12
-71.0789464768,43.1340413726,6.22227552955e-13
-70.7532324185,43.1331458105,2.13162820728e-12
-71.1389111569,43.134104924,6.22226906342e-13
-70.8148830149,43.1333866431,2.63254692456e-12
-70.8373143369,43.1334660063,0.0
-70.9192979471,43.1337185653,1.0555498213e-12
-70.7490118906,43.1331281054,3.46690150644e-12
-71.0655245557,43.1340228324,1.27897692437e-12
-70.9309901263,43.1337497858,1.05554963405e-12
-70.8721011089,43.1335803635,0.0
-71.1455502637,43.1341100228,4.26325641456e-13
-70.8926050968,43.1336428011,1.81527656717e-12
-70.7145567866,43.1329777286,7.69904744925e-12
-70.9771726906,43.1338613929,3.04845755787e-12
-71.1303230634,43.1340977554,2.13162820728e-12
-71.0898841845,43.134055314,4.26325641456e-13
-71.1617128116,43.134120821,4.26325641456e-13
-71.0914090856,43.1340571744,1.27897692437e-12
-71.0086054347,43.1339266663,8.52651282912e-13
-70.9357162893,43.1337620657,2.22058764256e-12
-71.0461789252,43.1339933321,1.05554817332e-12
-70.895331233,43.1336508251,1.70530256582e-12
-70.9131752179,43.1337017385,1.70530256582e-12
-70.9019531537,43.1336700447,4.26325641456e-13
-71.0792472559,43.13404177,1.42230415021e-12
-70.8605735092,43.1335436426,2.98427949019e-12
-71.1604920564,43.1341200854,1.8152749026e-12
-71.017107597,43.1339428344,2.55795384874e-12
-70.9831690438,43.1338745132,1.27897692437e-12
-70.9548723665,43.1338098341,6.22229908771e-13
-70.8644762609,43.1335562051,1.31546441826e-12
-70.7088761765,43.1329519371,0.0
-71.0602828998,43.1340151632,3.04845723852e-12
-70.8581418685,43.1335357479,1.0555509178e-12
-71.093435748,43.1340596154,4.26325641456e-12
-71.1543377199,43.1341161777,0.0
-70.7593741527,43.1331712962,4.26325641456e-13
-70.9633793378,43.1338300165,6.22229703423e-13
-71.1010055544,43.1340684146,3.41060513165e-12
-70.9475434657,43.1337919382,0.0
-70.7424738642,43.1331003703,1.70530256582e-12
-70.9561331447,43.1338128653,0.0
-70.8023383076,43.1333403371,1.05555208982e-12
-71.0932015632,43.1340593352,4.73068142664e-12
-71.1499816864,43.1341132112,1.81527492657e-12
-70.9186805757,43.1337168835,7.24753590475e-12
-70.8034931953,43.1333446578,1.05555206391e-12
-70.8876132543,43.1336279394,2.13162820728e-12
-71.0711995045,43.134030864,1.81527521377e-12
-71.0640237721,43.1340206611,8.52651282912e-13
-71.0038820061,43.1339174104,1.42230470375e-12
-70.9156080546,43.1337084639,2.98427949019e-12
-71.0557675341,43.1340083637,1.4223042989e-12
-70.8275956941,43.1334321625,2.98427949019e-12
-70.7894642267,43.1332913816,1.05555238345e-12
-70.9936115657,43.1338966098,0.0
-70.714686036,43.1329783121,7.54277230568e-13
-71.0671041819,43.1340250963,1.27897692437e-12
-70.9369136644,43.1337651457,8.52651282912e-13
-71.1210609567,43.1340892998,1.05554759772e-12
-70.7503334646,43.1331336662,0.0
-71.0495368528,43.1339986879,0.0
-70.917958584,43.1337149125,2.22058777699e-12
-71.056587218,43.1340096113,3.41060513165e-12
-70.8118430655,43.1333755484,4.26325641456e-13
-71.1549103439,43.1341165553,1.31545363102e-12
-70.835667519,43.1334603297,7.6990470524e-12
-70.7947078534,43.1333114965,3.46690117155e-12
-71.0789202274,43.1340413379,7.54268308136e-13
-70.8854960724,43.1336215703,1.70530256582e-12
-70.9125073898,43.1336998833,1.42230567201e-12
-71.122735339,43.134090884,1.27897692437e-12
-70.7691204541,43.133211061,1.70530256582e-12
-71.1544359909,43.1341162427,1.7845018049e-12
-70.899019104,43.1336615763,8.52651282912e-13
-71.0007973577,43.1339112602,7.54269399941e-13
-70.8420168256,43.1334820849,1.42230664146e-12
-70.720226785,43.1330031899,2.46831114449e-12
-71.0449593433,43.1339913625,0.0
-71.1183709372,43.1340867031,0.0
-70.8573250777,43.1335330845,4.26325641456e-13
-70.7852185937,43.1332749186,0.0
-71.0385234751,43.1339807527,0.0
-70.9415517329,43.1337769578,5.11590769747e-12
-70.9896721256,43.1338883861,3.04845750181e-12
-70.9843919111,43.1338771502,0.0
-70.9371406942,43.1337657283,1.42230537892e-12
-71.0273520201,43.1339614743,5.54223333893e-12
-71.1314835365,43.1340987618,2.98427949019e-12
-71.0191576249,43.1339466381,4.73068157746e-12
-70.9229067056,43.1337283293,0.0
-70.9911258481,43.1338914367,1.70530256582e-12
-70.9534610499,43.1338064245,1.81527599652e-12
-71.0107879944,43.1339308772,1.42230464381e-12
-70.8191849947,43.1334022054,4.26325641456e-12
-71.0080837406,43.1339256536,7.5426927913e-13
-70.7646100559,43.1331927621,6.42508577369e-12
-70.8249445673,43.1334227867,5.57705346426e-12
-70.927748082,43.1337412489,2.13162820728e-12
-70.9750618644,43.1338566993,1.70530256582e-12
-70.7729832069,43.1332265907,1.81527801874e-12
-71.1411585947,43.1341066933,2.84460772244e-12
-71.1363188917,43.1341028283,1.70530256582e-12
-70.9078948743,43.133686963,5.57705316438e-12
-71.078770657,43.1340411399,1.81527517793e-12
-70.8634149282,43.133552802,1.27897692437e-12
-70.9314330905,43.1337509451,0.0
-71.1277653674,43.1340954955,3.04845707169e-12
-70.9405778014,43.133774493,0.0
-70.9553560716,43.1338109987,0.0
-70.9198116412,43.1337199622,2.98427949019e-12
-71.1587299287,43.1341190004,0.0
-70.7737960794,43.1332298421,2.22058915994e-12
-70.7131321239,43.1329712868,6.22238440586e-13
-70.763370933,43.1331877037,2.98427949019e-12
-70.7937426896,43.1333078122,0.0
-71.1435421384,43.1341085213,4.73068136081e-12
-70.8332768235,43.1334520467,8.52651282912e-13
-70.9308802718,43.1337494981,5.57705309339e-12
-71.0689670512,43.1340277381,2.13162820728e-12
-71.043633005,43.1339892057,2.13162820728e-12
-70.7558249241,43.1331566087,1.42230809021e-12
-70.8012079785,43.133336097,1.70530256582e-12
-70.7400387821,43.1330899446,2.13162820728e-12
-71.0882820869,43.1340533374,6.22227431217e-13
-71.0024910893,43.1339146475,2.55795384874e-12
-71.0014916833,43.1339126518,2.13162820728e-12
-71.1250849824,43.1340930657,2.13162820728e-12
-70.9774568641,43.1338620218,2.22058735758e-12
-70.9560446955,43.1338126531,3.41060513165e-12
-70.7304995328,43.1330486025,0.0
-70.9150515426,43.13370693,4.26325641456e-13
-71.0358124477,43.1339761748,1.70530256582e-12
-71.0053155068,43.1339202401,3.41060513165e-12
-70.9479524048,43.1337929492,2.46830304192e-12
-71.1547693762,43.1341164626,4.26325641456e-13
-71.0169251988,43.1339424942,0.0
-70.7158640517,43.1329836239,8.52651282912e-13
-71.1265666341,43.1340944166,1.05554756703e-12
-70.7489131226,43.1331276892,1.05555336523e-12
-70.7616340113,43.1331805905,2.22058930035e-12
-70.7169210798,43.1329883797,1.81527884952e-12
-70.86857653,43.1335692596,8.52651282912e-13
-70.7258700799,43.1330282516,2.98427949019e-12
-71.0033195598,43.1339162952,1.05554863537e-12
-70.7344506616,43.133065823,2.22058962756e-12
-70.8407784612,43.1334778695,6.39488462184e-12
-70.9982879695,43.1339061955,0.0
-70.9121617076,43.1336989214,2.84461135257e-12
-71.0112812374,43.1339318231,2.13162820728e-12
-70.70791805,43.1329475591,8.52651282912e-13
-70.7214228536,43.1330085249,4.73068283291e-12
-70.7516331993,43.1331391202,0.0
-70.9432518497,43.1337812404,1.70530256582e-12
-71.134713012,43.1341015005,6.22226941175e-13
-70.7876497457,43.1332843651,1.05555242553e-12
-71.0703700312,43.1340297077,0.0
-70.7809492121,43.1332582042,1.05555258244e-12
-70.7530155129,43.1331449044,4.26325641456e-13
-71.0292561084,43.1339648375,7.54268950241e-13
-70.8975331825,43.1336572587,0.0
-71.0634453593,43.1340198191,3.41060513165e-12
-71.0883422176,43.134053412,1.42230409838e-12
-70.7311776716,43.1330515678,3.04845923968e-12
-70.7754621809,43.1332364882,4.26325641456e-13
-70.7197880771,43.1330012299,4.26325641456e-13
-70.9399213869,43.1337728272,1.8152761137e-12
-70.8825387487,43.1336126079,8.52651282912e-13
-71.1317572668,43.1340989975,3.8369307731e-12
-70.8311668794,43.1334446948,6.22233623904e-13
-70.8323854966,43.1334489457,8.52651282912e-13
-71.0028997208,43.1339154609,0.0
-70.7944659615,43.1333105739,0.0
-71.1291456541,43.1340967222,2.22058668844e-12
-70.7247116845,43.13302313,1.27897692437e-12
-70.8617475993,43.1335474359,0.0
-70.9394496491,43.1337716276,2.63254599872e-12
-70.9358711457,43.1337624648,4.26325641456e-12
-70.782872673,43.1332657542,1.27897692437e-12
-70.9649488722,43.1338336708,3.41060513165e-12
-71.1518999257,43.134114538,6.22226808522e-13
-70.7150683644,43.1329800374,1.81527887862e-12
-70.8992732823,43.1336623129,1.70530256582e-12
-70.7890706251,43.133289862,2.22058898882e-12
-70.7873587046,43.1332832369,3.46690122315e-12
-70.7178499936,43.1329925511,4.26325641456e-13
-70.761288364,43.1331791719,1.27897692437e-12
-70.9403173555,43.1337738325,2.13162820728e-12
-70.86698889,43.1335642223,3.88705684636e-12
-71.0959345094,43.1340625755,1.81527510317e-12
-70.7706195472,43.1332171035,8.52651282912e-13
-71.0175127242,43.133943589,0.0
-71.043714457,43.1339893386,8.52651282912e-13
-70.9147266753,43.1337060334,5.11590769747e-12
-70.8053165149,43.1333514553,5.11590769747e-12
-70.7137510349,43.1329740874,7.54277266027e-13
-71.0438444107,43.1339895505,1.42230438264e-12
-70.9662866459,43.1338367685,3.23335784424e-12
-70.9708353659,43.1338471841,7.54269937762e-13
-70.9800495691,43.133867727,1.81527578272e-12
-70.9248491854,43.1337335376,4.26325641456e-12
-71.0179160681,43.1339443389,1.05554846717e-12
-70.9071791119,43.1336849413,2.13162820728e-12
-71.1550383159,43.1341166393,2.13162820728e-12
-70.9318364211,43.1337519991,4.68958205602e-12
-70.9286014666,43.133743505,2.55795384874e-12
-71.0970995173,43.1340639369,4.68958205602e-12
-70.8564183508,43.1335301209,1.70530256582e-12
-71.1040226154,43.1340717817,5.54223333893e-12
-71.0320758265,43.1339697595,2.13162820728e-12
-71.1177046833,43.1340860502,3.04845709131e-12
-71.1275951511,43.1340953431,3.8369307731e-12
-70.9812450475,43.1338703377,1.70530256582e-12
-70.7533605494,43.1331463456,6.22236659458e-13
-71.1324707427,43.1340996087,1.05554753589e-12
-70.7651281227,43.133194873,1.05555296228e-12
-70.7265470401,43.1330312392,4.30842606692e-12
-70.9470892439,43.1337908136,2.55795384874e-12
-70.8479129774,43.1335019711,3.88705694775e-12
-71.1084272114,43.1340765541,8.52651282912e-13
-70.9206016271,43.1337221058,8.52651282912e-13
-70.9740102773,43.1338543465,4.26325641456e-13
-71.1117630948,43.1340800554,5.54223333893e-12
-70.8143701517,43.1333847771,0.0
-70.7648190926,43.1331936141,6.42508577285e-12
-71.0913140145,43.134057059,1.81527512241e-12
-70.8243129356,43.1334205438,1.42230691539e-12
-70.8288420872,43.1334365492,4.68958205602e-12
-70.8989681627,43.1336614286,5.15360878487e-12
-70.7523904102,43.1331422907,0.0
-70.9452406123,43.1337862179,8.52651282912e-13
-70.85076455,43.1335114795,2.98427949019e-12
-70.8656851449,43.1335600692,6.22232450022e-13
-70.9479586675,43.1337929647,7.54270392851e-13
-70.9486436579,43.1337946547,2.13162820728e-12
-70.7215593015,43.1330091327,1.24447611105e-12
-71.0080474725,43.1339255831,7.54269279722e-13
-70.9239731769,43.1337311929,2.13162820728e-12
-70.7681819684,43.1332072682,4.26325641456e-13
-70.7728952105,43.1332262384,3.46690132724e-12
-71.0418638386,43.1339863047,1.70530256582e-12
-70.8483774029,43.1335035246,1.27897692437e-12
-70.9702824723,43.1338459278,1.27897692437e-12
-71.1247813941,43.1340927866,4.26325641456e-13
-71.1476828434,43.1341115787,1.70530256582e-12
-71.012447975,43.1339340519,1.27897692437e-12
-71.0473637984,43.1339952332,4.26325641456e-13
-70.8527927168,43.1335181989,0.0
-71.0117651703,43.133932749,7.54269219575e-13
-70.8001307364,43.1333320457,4.26325641456e-13
-71.1415396279,43.1341069889,1.27897692437e-12
-70.7755903019,43.1332369983,3.46690130759e-12
-70.9118737901,43.1336981195,8.52651282912e-13
-70.7451719662,43.1331118614,1.42230828939e-12
-70.7148512216,43.1329790577,4.85189676048e-12
-70.8625968161,43.133550172,2.98427949019e-12
-70.8926864832,43.1336430416,3.41060513165e-12
-70.9484358782,43.1337941425,8.52651282912e-13
-70.7793056021,43.133251727,1.70530256582e-12
-70.9570330173,43.1338150202,4.26325641456e-12
-71.0350827264,43.1339749316,4.26325641456e-13
-70.9223357673,43.1337267921,1.42230555223e-12
-70.8972106416,43.133656319,3.8369307731e-12
-70.7666854372,43.1332012042,0.0
-70.8508321329,43.1335117039,4.26325641456e-13
-71.1149005074,43.1340832595,2.63254524929e-12
-71.1456863702,43.1341101233,1.50853546157e-12
-70.8012789361,43.1333363635,1.70530256582e-12
-71.0175435941,43.1339436465,4.03369696653e-12
-71.1263673635,43.1340942361,0.0
-70.7745618327,43.1332328998,8.52651282912e-13
-71.1227422134,43.1340908905,7.54267892217e-13
-71.0191800393,43.1339466795,1.70530256582e-12
-70.9913188458,43.1338918403,2.63254570963e-12
-70.8202048815,43.1334058711,2.13162820728e-12
-71.0565350324,43.1340095321,8.52651282912e-13
-70.7558425846,43.133156682,0.0
-70.8354562788,43.1334595998,4.26325641456e-13
-70.9815724964,43.1338710507,2.55795384874e-12
-71.1160944763,43.1340844561,2.55795384874e-12
-70.9835195873,43.1338752705,1.27897692437e-12
-71.1272667201,43.1340950483,2.22058669322e-12
-71.0394867996,43.1339823639,0.0
-70.9836901774,43.1338756386,4.26325641456e-13
-70.9005713893,43.133666066,8.52651282912e-13
-70.9853816635,43.1338792749,1.70530256582e-12
-71.0218770364,43.1339516269,3.41060513165e-12
-71.1634606595,43.1341218516,1.05554740248e-12
-70.7591219798,43.1331702563,2.13162820728e-12
-70.9815696965,43.1338710446,0.0
-71.1267253366,43.1340945602,3.88705598259e-12
-70.7107070142,43.1329602805,4.26325641456e-13
-70.8770843117,43.1335958769,8.52651282912e-13
-70.7559230609,43.1331570163,8.52651282912e-13
-70.7427069257,43.1331013654,1.42230833611e-12
-70.9932359375,43.1338958316,6.22229033781e-13
-70.898056122,43.1336587804,7.5427151912e-13
-70.8992502196,43.1336622461,5.54223333893e-12
-70.9914905118,43.133892199,5.15360850138e-12
-71.0300200686,43.1339661779,4.26325641456e-13
-71.146139838,43.134110457,2.46829978442e-12
-70.7471728876,43.133120342,1.27897692437e-12
-70.9316016012,43.1337513856,2.22058767301e-12
-70.8076425241,43.1333600847,6.22234484771e-13
-71.0564292708,43.1340093714,5.15360835744e-12
-71.1358790215,43.1341024668,2.22058667207e-12
-71.097232638,43.1340640917,0.0
-70.7627344226,43.1331851001,2.98427949019e-12
-70.7700189607,43.133214685,3.46690134834e-12
-70.8551188725,43.1335258611,8.52651282912e-13
-70.9443074031,43.1337838865,3.8369307731e-12
-71.0132748872,43.1339356244,6.09691480741e-12
-71.0593702411,43.1340138033,1.81527527327e-12
-70.9650435221,43.1338338905,2.98427949019e-12
-71.0109386152,43.1339311663,8.52651282912e-13
-70.9301554758,43.1337475969,5.57705309555e-12
-71.1499324247,43.1341131767,2.98427949019e-12
-71.110508703,43.1340787503,2.22058673968e-12
-70.745328525,43.1331125262,1.27897692437e-12
-70.7929537325,43.1333047944,0.0
-70.7487353082,43.1331269397,2.98427949019e-12
-71.0788526973,43.1340412485,2.2205868466e-12
-70.8909888626,43.1336380132,4.26325641456e-13
-71.1101318158,43.1340783554,1.70530256582e-12
-70.9593344787,43.1338204993,1.70530256582e-12
-70.7329141204,43.1330591425,1.42230852405e-12
-70.8853551067,43.1336211448,7.54271835012e-13
-70.8125154022,43.1333780092,5.15360913304e-12
-71.0416922386,43.1339860219,0.0
-71.03399504,43.1339730698,1.31545639325e-12
-70.7997121331,43.1333304686,7.54274274781e-13
-70.7073340407,43.1329448866,0.0
-70.8802720437,43.1336056866,2.63254639779e-12
-71.0255591473,43.1339582785,3.88705620456e-12
-70.9570987845,43.1338151775,3.8369307731e-12
-71.0360981587,43.1339766603,8.52651282912e-13
-71.0323406031,43.1339702181,8.52651282912e-13
-70.8190792498,43.1334018249,6.22234060085e-13
-70.7397853204,43.1330888565,2.55795384874e-12
-70.8865755738,43.1336248227,3.8369307731e-12
-70.8499371592,43.1335087279,8.52651282912e-13
-70.7613787997,43.1331795431,2.22058930334e-12
-70.8687055523,43.133569668,5.57705329753e-12
-71.041873696,43.133986321,9.82521231987e-12
-71.1142661978,43.1340826187,3.88705600204e-12
-71.03235017,43.1339702347,4.26325641456e-13
-70.7258110872,43.1330279911,1.05555396319e-12
-71.0036165201,43.1339168843,2.98427949019e-12
-71.1114933072,43.1340797759,1.70530256582e-12
-70.811563252,43.1333745231,1.42230712024e-12
-71.0099708148,43.1339293055,2.63254561953e-12
-70.889218856,43.1336327434,1.42230597086e-12
-71.0245938427,43.1339565462,3.46689999362e-12
-70.9236582211,43.1337303482,2.13162820728e-12
-70.7648962359,43.1331939285,1.70530256582e-12
-70.8989869942,43.1336614832,1.27897692437e-12
-70.9934424576,43.1338962596,0.0
-70.7292002423,43.1330429099,2.98427949019e-12
-70.9371575738,43.1337657716,4.26325641456e-13
-70.9506320851,43.1337995375,8.52651282912e-13
-70.8555178564,43.1335271706,4.73068213882e-12
-70.9233333751,43.1337294761,3.88705657721e-12
-71.0079981818,43.1339254873,8.52651282912e-13
-70.9755650241,43.1338578217,7.54269848475e-13
-71.1256576504,43.1340935902,1.27897692437e-12
-70.7104681076,43.1329591934,0.0
-70.8145499129,43.1333854314,1.27897692437e-12
-70.7523070405,43.1331419419,7.54275857161e-13
-70.8934653347,43.1336453401,2.22058797534e-12
-70.908019914,43.1336873157,4.26325641456e-13
-70.8590072287,43.1335385634,0.0
-71.1060766522,43.1340740284,0.0
-71.0923844334,43.1340583536,1.70530256582e-12
-70.814986287,43.1333870186,1.70530256582e-12
-70.7709091607,43.1332182685,2.63254732948e-12
-71.0838097222,43.1340477008,2.22058682821e-12
-71.1012477521,43.1340686878,1.27897692437e-12
-70.7598196186,43.1331731319,1.27897692437e-12
-70.864708197,43.1335569474,6.22232481785e-13
-70.7390325995,43.1330856216,1.42230840619e-12
-70.9336246314,43.1337566551,3.8369307731e-12
-70.9630131787,43.1338291609,5.57705300296e-12
-71.1356416068,43.134102271,1.50853559339e-12
-70.770648204,43.1332172188,1.50855045066e-12
-71.1009012059,43.1340682967,2.98427949019e-12
-70.8589574518,43.1335384016,1.50854505902e-12
-70.8041712612,43.1333471891,0.0
-71.0201785485,43.1339485186,1.27897692437e-12
-71.0253149576,43.1339578411,0.0
-70.8095795362,43.1333672348,2.98427949019e-12
-70.9752102743,43.1338570306,4.26325641456e-12
-70.8863052838,43.1336240093,4.26325641456e-13
-71.0525550456,43.1340034174,0.0
-70.7582067871,43.1331664776,3.41060513165e-12
-70.9925961219,43.1338945031,8.52651282912e-13
-71.1618697009,43.1341209146,1.27897692437e-12
-70.7263190983,43.1330302337,5.68023503963e-12
-71.1412014395,43.1341067266,2.13162820728e-12
-71.1191039184,43.1340874169,3.04845708847e-12
-70.8862698294,43.1336239025,2.55795384874e-12
-70.78278947,43.1332654283,3.8369307731e-12
-71.1588012342,43.1341190448,2.55795384874e-12
-71.0192115507,43.1339467376,1.42230457321e-12
-70.9584781319,43.1338184661,2.63254588608e-12
-71.0120763856,43.1339333434,2.63254560982e-12
-71.0226791295,43.133953086,2.22058709795e-12
-70.9382019834,43.1337684457,5.11590769747e-12
-71.1032808668,43.1340709613,8.52651282912e-13
-70.8210543541,43.1334089173,6.8212102633e-12
-71.0566775145,43.1340097484,1.50853714656e-12
-71.1039470397,43.1340716983,1.70530256582e-12
-71.1394838941,43.1341053791,3.04845705116e-12
-71.1607915483,43.1341202671,5.11590769747e-12
-70.9519748954,43.1338028153,1.81527600911e-12
-71.12584709,43.134093763,3.8369307731e-12
-71.075468704,43.1340367201,7.54268346895e-13
-70.726376921,43.1330304888,8.52651282912e-13
-70.9963814111,43.1339023106,1.81527566211e-12
-70.9590045766,43.1338197168,1.81527595016e-12
-70.872401945,43.1335813062,2.13162820728e-12
-71.1277509526,43.1340954826,8.52651282912e-13
-71.0447270701,43.1339909859,7.54268730765e-13
-70.737972059,43.1330810553,7.54276368205e-13
-71.0920542717,43.1340579554,1.42230407816e-12
-71.1175409533,43.1340858891,1.42230395382e-12
-71.1646173268,43.1341225189,0.0
-71.1102186784,43.1340784466,7.54267996665e-13
-71.0753541421,43.1340365651,1.27897692437e-12
-70.7971144054,43.1333206476,6.22234886025e-13
-70.9603106034,43.1338228092,1.27897692437e-12
-70.8439747755,43.1334887224,1.50854589298e-12
-71.1290790873,43.1340966634,1.05554755356e-12
-71.1281143251,43.1340958072,5.26509043823e-12
-71.0556564552,43.1340081942,2.46830083359e-12
-70.9512626621,43.1338010787,0.0
-70.9453015319,43.1337863698,3.46690030438e-12
-70.7458272998,43.1331146428,1.81527840917e-12
-71.1601948111,43.1341199043,1.70530256582e-12
-70.833819682,43.1334539319,2.55795384874e-12
-70.8733931194,43.1335844066,3.46690067319e-12
-71.0483766458,43.1339968486,7.54268681557e-13
-70.9898115025,43.1338886794,1.42230483164e-12
-70.7445282528,43.1331091256,1.05555347657e-12
-71.0435028585,43.1339889932,3.8369307731e-12
-71.0090549249,43.133927537,2.63254562378e-12
-71.1317951307,43.13409903,4.26325641456e-13
-70.8537336278,43.1335213039,5.57705335243e-12
-70.8448909236,43.1334918166,7.5427292052e-13
-71.1620860331,43.1341210433,6.22226742333e-13
-70.8992531454,43.1336622545,8.52651282912e-13
-71.1467575971,43.1341109086,2.13162820728e-12
-70.968736681,43.1338424011,2.13162820728e-12
-70.879921248,43.1336046115,3.8369307731e-12
-71.1150801177,43.1340834403,4.26325641456e-12
-70.7403498518,43.1330912794,1.70530256582e-12
-70.8541774845,43.1335227659,3.63055397161e-12
-70.8278216135,43.1334329586,3.04845844763e-12
-71.0720113039,43.1340319899,3.8369307731e-12
-71.087081989,43.1340518421,7.54268219969e-13
-70.8268948922,43.1334296901,0.0
-70.971764649,43.1338492896,8.52651282912e-13
-70.8769373834,43.1335954226,7.5427205091e-13
-71.1043695167,43.1340721637,1.0555477005e-12
-70.9140231526,43.1337040885,0.0
-70.8592269155,43.1335392771,4.26325641456e-13
-70.83578864,43.133460748,2.55795384874e-12
-70.8832949133,43.1336149068,0.0
-71.1284103653,43.1340960708,1.05554755711e-12
-71.0748314006,43.1340358561,0.0
-70.9430300367,43.133780683,2.13162820728e-12
-71.0290682848,43.1339645071,2.63254553487e-12
-70.9262521243,43.1337372788,8.52651282912e-13
-71.1035318909,43.1340712395,8.52651282912e-13
-70.9181861198,43.1337155342,1.05554983948e-12
-70.941974039,43.1337780239,1.81527609557e-12
-70.9186089284,43.1337166881,0.0
-70.7179924332,43.1329931901,3.04845936092e-12
-70.9718063505,43.133849384,0.0
-70.8759687385,43.1335924229,0.0
-70.8966962735,43.1336548185,3.41060513165e-12
-71.1480482679,43.1341118413,0.0
-70.7314062979,43.1330525667,7.54276607321e-13
-70.9489039899,43.133795296,2.22058754782e-12
-71.0990922873,43.134066238,4.26325641456e-12
-70.7865206954,43.1332799845,0.0
-71.1376858574,43.1341039407,1.27897692437e-12
-71.0037268584,43.133917103,4.73068161698e-12
-70.9599935441,43.1338220598,3.88705642642e-12
-70.8792519912,43.1336025573,2.22058809732e-12
-70.9995306081,43.1339087104,5.1536084811e-12
-71.0461966198,43.1339933606,2.63254546548e-12
-70.8129830015,43.1333797183,2.13162820728e-12
-70.9090191725,43.1336901295,1.81527640211e-12
-70.7345223341,43.1330661342,0.0
-70.8780675235,43.1335989121,4.85189352524e-12
-70.9390563295,43.133770626,1.81527612137e-12
-71.1236549974,43.1340917437,0.0
-70.8917032497,43.1336401323,6.84953149232e-12
-71.1240295202,43.1340920917,2.52835029419e-12
-70.7837722762,43.1332692742,1.27897692437e-12
-70.9496415176,43.1337971094,7.54270358062e-13
-70.7347940871,43.1330673134,2.1111074547e-12
-71.0081636093,43.1339258088,3.8369307731e-12
-71.0856531387,43.1340500453,7.5426823505e-13
-71.0507726611,43.134000634,0.0
-70.9641603273,43.1338318376,2.55795384874e-12
-70.7348088912,43.1330673776,0.0
-70.7972106403,43.1333210125,3.41060513165e-12
-70.8885230697,43.1336306644,3.04845803704e-12
-70.9775274684,43.1338621779,2.55795384874e-12
-70.8374610259,43.1334665108,4.26325641456e-13
-70.80410064,43.1333469256,2.22058882613e-12
-71.1187988174,43.1340871204,3.8369307731e-12
-70.8792868226,43.1336026643,2.98427949019e-12
-70.9605947231,43.13382348,3.41060513165e-12
-70.8905130398,43.1336365992,2.22058800026e-12
-70.8774107844,43.1335968856,5.57705326663e-12
-70.8406882951,43.1334775621,1.05555126678e-12
-71.1609910244,43.1341203876,0.0
-71.0399074062,43.1339830648,4.26325641456e-12
-71.0882601042,43.1340533102,3.46689981692e-12
-70.7084940795,43.1329501921,0.0
-70.7178477466,43.132992541,0.0
-71.1011033285,43.134068525,6.22227276689e-13
-70.8606221079,43.1335437998,4.26325641456e-13
-70.9759751696,43.1338587349,1.24445882245e-12
-71.1223202482,43.1340904936,8.52651282912e-13
-70.8206894153,43.1334076094,7.54273627307e-13
-70.911196676,43.1336962308,2.22058783025e-12
-70.8902906833,43.1336359378,1.31546288334e-12
-70.7892244483,43.1332904561,3.46690120997e-12
-71.1468721947,43.134110992,1.42230384208e-12
-70.7299690524,43.1330462801,2.55795384874e-12
-70.8182189628,43.133398725,2.98427949019e-12
-71.1029955926,43.1340706445,1.81527507503e-12
-70.7637068498,43.1331890763,0.0
-70.7229702936,43.1330154086,0.0
-70.9225845063,43.1337274621,7.54270942643e-13
-70.7088728699,43.132951922,8.52651282912e-13
-70.7114184535,43.1329635147,4.26325641456e-13
-70.7529857667,43.1331447801,1.27897692437e-12
-70.7361075836,43.1330730038,1.81527855439e-12
-71.0388738165,43.1339813396,0.0
-70.8927695769,43.1336432871,5.11590769747e-12
-71.1031258861,43.1340707893,3.8369307731e-12
-71.0147494396,43.1339384135,3.41060513165e-12
-70.7829734953,43.1332661491,5.57705364207e-12
-70.7504802308,43.1331342828,8.52651282912e-13
-70.7703019107,43.1332158248,5.5770536992e-12
-70.9997760102,43.1339092055,0.0
-70.7888162978,43.1332888794,3.04845874684e-12
-71.125679208,43.1340936098,8.52651282912e-13
-70.710981765,43.13296153,3.8369307731e-12
-70.7160288043,43.1329843658,1.27897692437e-12
-71.0386440157,43.1339809548,0.0
-70.8699531473,43.1335736095,1.70530256582e-12
-71.1055565732,43.1340734631,0.0
-70.9199880461,43.1337204413,4.30842505419e-12
-70.9128283162,43.1337007753,4.26325641456e-12
-70.8197952763,43.1334044,6.42508556516e-12
-70.8439155492,43.1334885221,4.26325641456e-13
-71.1217133519,43.13408992,0.0
-70.9003424862,43.1336654052,5.96855898038e-12
-71.1203237171,43.1340885944,3.41060513165e-12
-70.7754894162,43.1332365967,4.85189541629e-12
-70.8723529832,43.1335811528,1.70530256582e-12
-70.9459773223,43.1337880529,2.55795384874e-12
-70.9442196831,43.133783667,3.46690030931e-12
-71.0528828236,43.1340039262,0.0
-71.0674223917,43.1340255497,4.68958205602e-12
-71.1362390329,43.1341027628,0.0
-71.1291947733,43.1340967655,0.0
-70.8335823548,43.1334531081,5.15360904078e-12
-70.8504207331,43.1335103368,3.41060513165e-12
-70.7094521667,43.1329545651,3.88705783933e-12
-70.9043142165,43.1336768046,1.42230577473e-12
-70.9240145706,43.1337313038,7.54270910398e-13
-71.0611629663,43.1340164677,8.52651282912e-13
-70.9658556667,43.1338357723,7.54270033546e-13
-71.0883961784,43.1340534789,2.63254532091e-12
-70.7372771445,43.133078058,0.0
-70.81443366,43.1333850083,3.04845854721e-12
-70.7726533058,43.1332252695,1.27897692437e-12
-70.9328983175,43.1337547674,1.42230542771e-12
-70.8693932465,43.1335718423,4.30842527254e-12
-71.1331897248,43.1341002201,1.81527497188e-12
-70.9369645292,43.1337652763,4.3084249883e-12
-71.1588803913,43.1341190941,4.26325641456e-13
-71.0392279219,43.1339819317,4.26325641456e-13
-70.7304602486,43.1330484306,6.2223765569e-13
-70.9902673449,43.1338896374,2.63254571493e-12
-70.7859856687,43.1332779047,6.93380246578e-12
-70.7659156189,43.1331980772,8.52651282912e-13
-70.8847213541,43.1336192298,2.55795384874e-12
-70.9091347284,43.1336904543,5.54223333893e-12
-70.9677347065,43.133840104,2.22058742007e-12
-71.0473492318,43.1339952099,4.26325641456e-13
-71.0484968684,43.1339970397,2.13162820728e-12
-70.8591817759,43.1335391305,2.98427949019e-12
-71.0076914865,43.1339248906,0.0
-71.0116001458,43.1339324335,2.13162820728e-12
-71.1459856882,43.1341103438,6.8212102633e-12
-70.8542409839,43.133522975,7.54272658994e-13
-71.0318751614,43.1339694116,1.42230447229e-12
-71.0379227229,43.1339797438,1.05554825482e-12
-70.7945212413,43.1333107848,1.81527772511e-12
-70.7988436041,43.1333271916,2.63254706754e-12
-71.0978040016,43.1340647544,3.88705603114e-12
-70.9770925132,43.1338612153,3.04845755824e-12
-70.7918579908,43.1333005942,1.81527776065e-12
-70.8267507245,43.1334291809,2.22058859162e-12
-70.7969119878,43.1333198798,4.26325641456e-13
-70.8217420714,43.1334113788,1.05555166373e-12
-71.1019192045,43.1340694427,1.70530256582e-12
-71.1193891192,43.1340876934,1.05554760736e-12
-70.7911836529,43.133298004,8.52651282912e-13
-71.0029728858,43.1339156064,1.42230471178e-12
-70.8397211234,43.1334742597,7.54273067882e-13
-70.9565221856,43.1338137978,2.22058749507e-12
-71.1235001873,43.1340915995,7.54267886266e-13
-70.825121556,43.1334234145,3.41060513165e-12
-70.8713924318,43.1335781396,0.0
-71.1117501087,43.134080042,1.81527504226e-12
-70.9616130016,43.1338258781,3.63055185735e-12
-71.148909036,43.1341124553,1.42230383557e-12
-71.0005203653,43.1339107038,1.4223047336e-12
-70.9903511899,43.1338898134,8.52651282912e-13
-71.141786447,43.1341071796,1.27897692437e-12
-70.9945282007,43.1338985039,0.0
-71.0069086468,43.1339233638,2.22058718269e-12
-70.7423509456,43.1330998453,0.0
-71.0862782569,43.1340508336,7.54268228434e-13
-70.9514039762,43.1338014236,1.42230522003e-12
-71.1564578336,43.1341175613,4.26325641456e-13
-71.1412959998,43.1341068,4.44117331943e-12
-70.7098100937,43.1329561968,6.22238594119e-13
-70.9361410831,43.1337631599,1.05554955384e-12
-71.0661593572,43.1340237448,8.52651282912e-13
-70.8507019809,43.1335112716,6.42508545985e-12
-71.0232256524,43.1339540769,1.70530256582e-12
-70.720715852,43.1330053729,6.22238093779e-13
-70.9567236592,43.1338142802,1.27897692437e-12
-71.0657357769,43.1340231364,3.8369307731e-12
