-72.4694875275,40.5010958197,1.04547922156e-11
-68.680089847,46.589658669,2.6700800901e-12
-72.6484269884,40.1786205701,5.03381090796e-12
-68.5831932264,46.7281659601,3.73270629639e-12
-72.892928041,39.73251155,2.62288144614e-12
-72.1493744671,41.0696296856,8.0449955953e-12
-71.7389571606,41.7831007176,9.11255112263e-12
-73.4857344473,38.6241865257,9.05948345386e-12
-70.2800283582,44.1840872884,2.75998558051e-12
-73.175993043,39.2080429314,1.27835169058e-11
-68.0792267846,47.4359108568,7.17209260826e-13
-72.638750277,40.1961458019,6.85284858518e-12
-68.7178857367,46.535416608,5.86543987905e-13
-69.7723190827,44.9722496296,6.03207446688e-13
-70.7106093265,43.4968574984,5.38780191666e-12
-70.9779170405,43.0613376264,5.1452297771e-12
-72.0387844702,41.2635755551,7.69764293105e-13
-73.0550163011,39.4332478869,5.68335824616e-12
-72.8180511764,39.8698058549,5.65262804274e-12
-72.5301750131,40.392105809,2.14358404555e-12
-69.3228557241,45.6505052623,1.74836973427e-12
-70.0053203193,44.6134792104,2.57324643591e-12
-72.5927203817,40.2793738174,7.77746100593e-13
-70.8816894907,43.2189122838,1.24823991232e-11
-71.2252660023,42.6521668686,0.0
-71.6417900275,41.9495113019,1.10056101757e-11
-72.3000727334,40.8033112603,4.42043867932e-12
-69.9520100062,44.6960022308,0.0
-70.3045547072,44.1454101422,2.5916407089e-12
-70.8360092081,43.2934018275,2.51875704341e-12
-71.9876036923,41.3529079747,1.34921870942e-12
-68.919995117,46.2432978709,8.98663353728e-12
-69.4109121449,45.5190419434,6.67817857733e-12
-70.3572424523,44.0621335485,2.59489887181e-12
-71.2266792742,42.6498117987,1.32473862079e-12
-69.7330537431,45.0322240626,7.26916837002e-12
-68.0538345713,47.471016495,1.26114715185e-11
-70.6515072707,43.5922264592,5.02293819672e-12
-72.6611557233,40.1555528143,4.26575989235e-12
-72.050761911,41.2426309929,2.59971260789e-12
-69.877256741,44.8112808684,1.48007467125e-12
-68.7038276323,46.5556059834,4.26325641456e-13
-71.5564761041,42.0948392263,7.41486797363e-12
-69.7392760787,45.0227292683,5.57283559131e-12
-73.2634147327,39.0443151105,5.44995247019e-12
-69.3295214116,45.6405777038,6.33101898229e-12
-70.0998074204,44.4665745292,6.23684362555e-12
-73.2705543084,39.030907034,0.0
-69.6127872157,45.2150562215,8.89645393101e-12
-71.2853806905,42.5518184102,4.32978691083e-12
-71.1129449915,42.8387115358,5.43707402599e-12
-72.7774705861,39.9439644715,4.27690550419e-12
-71.6460784849,41.9421868488,1.94983445281e-12
-71.989215475,41.3500988146,6.48777302193e-12
-73.2595704967,39.0515322614,4.32343248429e-12
-73.1942651333,39.1738906538,2.35968338713e-12
-69.868965671,44.8240353235,2.21978395457e-12
-68.3642742331,47.0381927908,1.7946459204e-12
-72.0495233541,41.2447975,7.83362095534e-12
-69.9392169516,44.7157668596,5.01308824189e-12
-72.8002298764,39.9023948315,4.26325641456e-13
-73.2134998879,39.1378999085,3.72053201969e-12
-72.8972961824,39.7244836159,1.31159343948e-12
-70.7805350743,43.383592068,1.05404966578e-12
-69.1805287254,45.8615488876,7.18106603801e-12
-68.7643780544,46.4685276486,1.45139240175e-12
-71.7847722471,41.7043061632,0.0
-71.7696492821,41.7303387012,1.06391698578e-12
-73.3011295636,38.9734240786,4.26325641456e-13
-70.4061508474,43.9845978923,2.76730918171e-12
-70.4905718149,43.8502345616,2.99291396605e-12
-70.2461094319,44.2374838116,1.13948056723e-11
-68.891058294,46.2853360644,1.34080511362e-11
-70.4422076486,43.9272923993,7.47575307545e-13
-68.4478528074,46.9203039354,4.26325641456e-13
-71.7258703423,41.8055689706,5.69177935431e-12
-72.7041060932,40.0775890126,2.90625818703e-12
-72.2693500206,40.8577964124,1.98108732922e-12
-72.5646620138,40.3299972886,1.30000261855e-12
-69.8566000372,44.8430462071,6.205748517e-12
-69.4239783441,45.4994764211,4.51767316933e-12
-70.7285004773,43.4679220259,2.52081323441e-12
-69.0478298762,46.0567218344,2.07568382236e-12
-70.8184067084,43.3220521175,0.0
-68.4328868516,46.9414564257,1.21865599123e-11
-73.1668560927,39.2251071794,3.54160816643e-12
-72.8411480232,39.8275193284,2.01017563917e-12
-73.2394274242,39.0893224773,4.93648213061e-12
-70.6853860866,43.537599272,1.9026954198e-12
-71.2488151252,42.6128990884,8.52651282912e-13
-69.7955896467,44.9366400247,7.11510835321e-12
-70.7638384702,43.4106797033,5.57652043187e-12
-71.9164167648,41.4767140827,5.15170492984e-12
-71.6877733224,41.870877879,0.0
-71.6344580812,41.9620295877,9.48300156547e-12
-72.6008744705,40.2646464746,3.67301664524e-12
-72.9006518184,39.7183151147,1.0559590501e-11
-69.3865971207,45.5554113881,5.78075277438e-12
-72.1565390547,41.05702142,6.42947062268e-13
-73.3889483776,38.807752931,1.08400112556e-11
-73.0012368491,39.5328539872,3.52806443351e-12
-72.0896632944,41.1745037425,1.97202653075e-12
-70.6701798619,43.5621317603,2.78274865482e-12
-68.0356223199,47.4961632285,3.8542854393e-12
-68.8884663195,46.2890980672,1.44539899256e-11
-72.5195968603,40.411131194,1.36663676531e-12
-68.711403661,46.5447278458,8.73575612081e-12
-72.5064170343,40.4348193719,4.26325641456e-13
-72.3984204295,40.6282359269,1.36264865982e-12
-69.5644105952,45.2882334133,0.0
-69.7898380151,44.9454459778,2.00120168255e-12
-70.9037379272,43.1828865432,7.84183785687e-12
-73.5094288455,38.5790904422,3.74373654932e-12
-68.7400435493,46.5035608644,5.15633962357e-12
-70.6871236475,43.5347946285,7.05983682574e-12
-71.9267151769,41.4588354186,2.0398614538e-11
-71.528362643,42.1425693734,1.47364911445e-11
-69.4402869014,45.4750345132,5.87460062264e-12
-70.3050707673,44.1445957316,1.22369855585e-12
-68.1103880157,47.3927574414,5.7721849634e-13
-72.6513463032,40.1733315327,1.12622252743e-11
-68.4132498701,46.9691824834,0.0
-72.8715377114,39.7717940207,1.19287388637e-11
-71.2022097875,42.6905599235,1.32396037377e-12
-71.0969150341,42.8652336936,2.53440006203e-12
-72.3770041626,40.6664463763,7.12281149705e-12
-73.5025840743,38.5921240181,2.37340115609e-12
-70.7015815346,43.5114465948,9.15716594267e-12
-68.5485355061,46.7775146799,5.32588206557e-12
-72.588193815,40.2875463561,1.08247234581e-11
-68.1245461648,47.3731244074,3.15777108728e-12
-68.6441200963,46.6411676032,2.95788861364e-12
-70.331492577,44.1028654137,4.61276576104e-12
-70.9871727956,43.0461338734,2.80147521854e-12
-72.6233289356,40.224054517,2.14554605633e-12
-69.0693074402,46.0252365153,4.48136133721e-12
-71.2938577715,42.5376391158,8.69554061053e-12
-71.077840233,42.8967609819,1.51251347286e-12
-70.2662790335,44.2057449347,2.23562911352e-12
-70.1588341875,44.3743845033,1.48754607518e-12
-70.6501283848,43.5944474993,0.0
-71.0995695917,42.860843363,3.2392351321e-12
-70.2091846823,44.2954905567,7.44445518649e-13
-68.6406094745,46.6461889773,0.0
-71.6106558139,42.0026314527,2.8388930528e-12
-68.9267387112,46.2334907252,5.01708327713e-12
-69.8035280111,44.9244811818,6.73442341499e-12
-68.0714138305,47.4467181433,1.43422800145e-12
-73.5057483485,38.586099358,7.76485461388e-12
-68.3438543012,47.0669071037,1.93977934336e-12
-68.2399992501,47.2124126673,7.19177106794e-13
-73.0973985715,39.3545310116,7.8513189587e-13
-68.8600879078,46.3302489333,4.36141593544e-12
-70.5477164088,43.758902564,5.08997005669e-12
-71.9628329621,41.3960472061,2.69682709694e-12
-68.7722393762,46.4571993107,1.10319716632e-11
-70.1587245257,44.3745560756,6.09460911262e-13
-71.8456036149,41.5993574305,8.21279316114e-12
-71.5659112778,42.0788027671,6.32858094236e-13
-72.5881823671,40.2875670221,5.35816076912e-12
-70.6173662191,43.6471659365,5.94792651341e-12
-70.9035037227,43.1832694651,5.80040735812e-12
-72.051689386,41.2410085331,2.8658088957e-12
-73.4920986408,38.6120800173,4.26325641456e-13
-72.8633022739,39.7869050198,6.55202655592e-13
-69.6384308256,45.176181229,1.99460736512e-12
-69.6997553553,45.0829754142,0.0
-72.778690119,39.9417384043,1.07441685058e-12
-69.2753933165,45.7210804593,2.19659005199e-12
-68.562579191,46.757530216,4.10216582578e-12
-69.6915466292,45.0954712924,2.95038775646e-12
-72.1493120285,41.069739542,7.08717369093e-12
-70.7465258271,43.4387385597,3.53422585218e-12
-72.4103344014,40.6069585259,8.66386420421e-12
-68.8475319576,46.3484340039,4.26325641456e-13
-71.4376911672,42.2959710987,3.40293373158e-12
-69.05852906,46.041042223,2.69083427256e-12
-69.1804250226,45.8617020122,3.42380296644e-12
-73.1008226512,39.3481629758,7.8518235522e-13
-70.2385080628,44.2494355019,4.46253748549e-12
-73.2831611983,39.0072178179,7.10229663189e-12
-68.4704553508,46.8883226367,1.74816340021e-12
-68.8037153133,46.4117890282,7.3109426764e-12
-73.1891194313,39.1835121256,1.1249186215e-11
-70.830434746,43.3024781918,8.93268069041e-12
-70.3292991384,44.1063321895,2.50632406482e-12
-69.910709814,44.759755185,3.85120493638e-12
-69.8709625576,44.8209640122,8.74863771306e-12
-69.6037882414,45.228684438,1.01552152305e-11
-70.0507510645,44.5429478444,6.07705766544e-13
-68.6747747028,46.5972768872,4.11106337559e-12
-73.3295480559,38.9199045097,1.57712630303e-12
-71.1319304228,42.807266965,9.18180677074e-12
-69.5775211095,45.2684224,2.71981638311e-12
-70.7886206728,43.3704648392,6.70525218047e-12
-70.9379041886,43.1269682959,3.94677370116e-12
-68.3105000848,47.1137351085,8.66484054926e-12
-68.226189896,47.2316931019,5.80480887038e-12
-69.0686673869,46.0261753882,1.77606325157e-12
-72.0807694043,41.1900931607,1.14703844294e-11
-69.3777216522,45.5686739319,1.98334070593e-12
-71.8185028786,41.6461590814,2.09301446818e-12
-73.0659549828,39.4129499636,7.8367118432e-12
-69.0056562265,46.118430623,4.65408191518e-12
-72.6666515126,40.145587724,5.80783333295e-12
-70.7400616956,43.449207716,2.78685930641e-12
-70.6850502831,43.5381412681,5.95732735813e-12
-71.4891569039,42.2089998179,2.83154205986e-12
-69.1017653713,45.9775784336,5.74311430293e-12
-70.4711457124,43.8812123367,1.33136146769e-11
-70.0581467358,44.5314480894,1.0064894422e-11
-68.5659702107,46.7527022372,1.44642297512e-12
-72.2881962018,40.8243853082,6.94070949492e-12
-73.4738698147,38.6467445435,6.6593022091e-13
-70.5811191748,43.7053731449,7.49454679992e-13
-69.7893604028,44.9461770846,2.95551986642e-12
-69.6712909942,45.1262798363,1.75596157708e-12
-71.2222548369,42.6571840061,6.82432106486e-12
-73.0321948321,39.475554084,1.56834377357e-12
-73.0563176039,39.4308338534,6.58580927356e-13
-68.240070442,47.2123132295,7.19177981393e-13
-72.9943319667,39.5456201146,1.38237129938e-12
-71.1287829768,42.8124823505,1.78905851042e-12
-72.5013767868,40.4438734134,5.01762250924e-12
-73.2189085276,39.1277723962,4.26325641456e-13
-69.1961255072,45.838508441,6.46761350286e-12
-72.8912516033,39.7355920278,0.0
-68.4908104797,46.8594847463,9.01931995698e-12
-69.640737022,45.1726822082,3.26629479973e-12
-69.5824984853,45.2608971699,0.0
-70.0785726649,44.4996610366,1.13525509628e-11
-71.0332109634,42.9703867754,0.0
-73.4880535178,38.6197755091,1.0820402292e-12
-73.1735651155,39.2125782331,3.93127702195e-12
-71.865619416,41.5647432158,1.19913799203e-11
-71.269580326,42.5782281741,7.5891595632e-13
-72.1023356289,41.1522773186,9.94803003397e-12
-68.4569896254,46.9073810032,6.0696226452e-12
-71.3940723907,42.3694756881,6.21989050968e-12
-70.3853801132,44.0175536361,3.32190456647e-12
-72.0964850355,41.1625409204,1.03409458724e-11
-69.1796364802,45.8628663201,6.46522473264e-12
-68.8923650926,46.2834391527,2.5065215685e-12
-72.120892594,41.119699813,4.21442823571e-12
-71.0382117091,42.9621465916,4.26325641456e-13
-71.9627179562,41.3962473473,1.06589308894e-12
-71.7766958392,41.7182117009,6.45876329118e-12
-71.0159381206,42.9988301053,3.37012672704e-12
-68.4718549762,46.8863408435,5.83522388684e-12
-71.3939635545,42.3696588583,2.07329181321e-12
-72.6934007817,40.0970396591,2.0026237519e-12
-68.7342037185,46.5119606944,3.62658451106e-12
-70.1109679548,44.4491682956,1.87515815906e-12
-69.8128098977,44.9102572804,5.28026248685e-12
-73.3919204812,38.8021312691,4.82401999867e-12
-71.7931741719,41.6898331567,7.66269714861e-13
-71.9254929111,41.4609579116,3.32815640558e-12
-69.2069605788,45.8224897449,3.95204425602e-12
-69.9668618915,44.6730380377,6.21981038502e-12
-68.2889930196,47.1438813293,2.43618962178e-12
-68.6351431198,46.6540056363,1.2457444654e-12
-70.556228305,43.7452719058,7.40379003856e-12
-71.7069477403,41.8380258814,1.38612870816e-11
-68.3394625607,47.0730782059,1.14565764731e-11
-68.3192864805,47.1014082982,3.36596550845e-12
-73.0307007005,39.4783219314,1.3835836276e-12
-72.975536322,39.5803445676,5.84658745005e-12
-68.8319993714,46.370911537,2.45420529591e-12
-70.5862457466,43.6971482253,1.31459353868e-11
-70.9158938456,43.1630044758,1.47345811146e-11
-68.0869798746,47.425181454,1.22997497999e-12
-70.6603971031,43.5779028187,6.30794903069e-12
-71.903351898,41.4993799167,1.96267448492e-12
-73.4370929276,38.7165695107,1.0851729065e-11
-70.7126563694,43.4935483525,3.20816893422e-12
-68.5666978935,46.7516660698,3.04292209362e-12
-71.5831322225,42.0495102692,2.28991133169e-12
-69.2117255898,45.8154418464,3.78808620197e-12
-68.1940831922,47.2764593728,4.78968419836e-12
-68.5963397374,46.7094203521,9.43349145354e-12
-70.1656288798,44.363751644,1.76694669706e-12
-70.1305783451,44.4185556143,2.47303545408e-12
-69.9272036059,44.7343132616,6.05704796476e-13
-69.2210168664,45.801693462,4.67517897799e-12
-70.8739646495,43.2315230884,5.98367669293e-12
-73.1736390256,39.2124401806,2.02725555191e-12
-73.116437063,39.3191075321,2.77289064105e-12
-72.4861705853,40.4711728862,7.76200326098e-13
-69.7418954347,45.0187312915,7.1062457488e-12
-71.6570508293,41.9234382599,2.84170747209e-12
-71.5832694438,42.049276739,4.7488185219e-12
-71.7527678114,41.7593709789,7.60625789842e-12
-68.9208022625,46.2421242528,4.26325641456e-13
-72.1675432105,41.0376459484,1.35508350729e-12
-69.3620629403,45.5920556493,5.22757397232e-12
-68.1555561662,47.3300656685,3.6957874732e-12
-70.6635909438,43.5727549415,4.0799514098e-12
-72.8463643581,39.8179611947,2.34433535893e-12
-70.7619630691,43.4137205799,3.0076657871e-12
-68.2965932168,47.1332325868,1.03125078396e-12
-71.574161172,42.064773561,6.63986671377e-12
-68.6303987786,46.6607878001,7.24015931597e-13
-73.3226390527,38.9329241088,7.88460740803e-13
-68.345921326,47.0640020474,1.04091900003e-11
-71.1383360662,42.796649684,0.0
-72.5950783838,40.2751156806,0.0
-70.7067181732,43.5031466362,6.12576179673e-12
-71.7987947749,41.680147213,4.77277793889e-12
-69.7601181821,44.9909003813,0.0
-71.2930194599,42.539041644,5.45933495083e-12
-69.1236636472,45.945373408,3.41992656937e-12
-73.0752569158,39.3956790491,8.31042100872e-12
-72.1005594136,41.155393677,1.37723857789e-11
-73.2623827886,39.0462526355,4.26325641456e-13
-68.2262209823,47.2316497173,1.03064688793e-12
-73.1003776183,39.3489907109,3.14070318673e-12
-72.5442858233,40.3667084238,0.0
-72.3115673244,40.7829009707,2.32103372437e-12
-73.3087200293,38.9591378428,9.12123339998e-12
-73.4501819189,38.6917356459,1.2598261844e-11
-72.2880361174,40.8246692661,6.34534464482e-12
-68.0153645457,47.5241026307,1.27798527553e-11
-71.2111898607,42.6756125736,0.0
-69.476419743,45.4207975361,2.47620027555e-12
-70.4318863074,43.9437087107,4.05915181631e-12
-70.4137254784,43.9725695792,2.76775008831e-12
-72.4510869293,40.5340655057,6.48031770952e-13
-70.881731344,43.2188439427,6.33872846497e-12
-71.9413741561,41.4333678823,1.34771647445e-12
-71.4992513888,42.1919103231,0.0
-72.6961386456,40.0920663484,1.05097448723e-11
-71.1154119724,42.8346275963,6.92831978225e-12
-68.4274198957,46.9491786181,3.3731133081e-12
-68.4437242168,46.9261410444,2.65728127475e-12
-69.9231797249,44.7405224489,3.2872130887e-12
-69.1244381062,45.9442336745,2.69448165923e-12
-72.7762093176,39.946266554,1.5608386808e-12
-73.0004419278,39.5343239426,2.76514980909e-12
-71.8599023457,41.5746341548,8.81286046437e-12
-69.2040322964,45.8268199642,2.92512090107e-12
-72.6103203738,40.2475771737,6.50794440238e-13
-72.1369739735,41.0914395984,1.23276357221e-11
-69.6323566395,45.1853948566,1.99434359471e-12
-70.9575365177,43.0947859462,2.63242106399e-12
-72.3818242843,40.6578505945,4.26325641456e-13
-69.815268785,44.9064878828,2.00231294742e-12
-69.9475129618,44.7029516444,0.0
-69.9484873828,44.7014460002,9.16870165097e-12
-72.1392283375,41.0874758166,2.87119346617e-12
-71.9217040294,41.467536424,1.34707785981e-12
-70.8263117856,43.3091892919,2.62415665557e-12
-69.1676293655,45.8805884982,2.19244140592e-12
-69.6543712441,45.1519862556,6.91303743573e-12
-70.6479155409,43.5980114586,4.27437275561e-12
-69.0052485729,46.119026354,2.46005313995e-12
-71.8710633647,41.5553217069,5.7094842372e-12
-70.7950113118,43.3600849939,1.1160394611e-11
-72.0903745102,41.1732567554,4.80542571187e-12
-69.6734450974,45.1230052292,6.91569660869e-12
-70.8866459309,43.2108178635,1.5072471082e-12
-70.7493523802,43.4341594838,5.39251819007e-12
-72.5329705472,40.3870759223,1.55375735669e-12
-69.3811016781,45.5636240065,1.6408879342e-11
-69.5205124171,45.3544552328,0.0
-70.7104702035,43.497082383,1.23704254943e-12
-70.7833342894,43.3790481621,4.28604067855e-12
-70.1770715315,44.3458356364,3.16578389795e-12
-68.2572964123,47.1882404269,3.16701456253e-12
-70.0777440251,44.5009513225,5.31164210264e-12
-71.7607253702,41.7456893849,3.29314511712e-12
-68.9812066849,46.1541349651,3.21829833542e-12
-73.0039312276,39.5278710803,8.96985423255e-12
-70.816036162,43.3259082053,3.1305245625e-12
-72.3554927519,40.704778381,6.35494117422e-12
-68.3238053749,47.0950660581,1.93895246291e-12
-71.7019784646,41.846543421,6.47917989612e-12
-68.1925735068,47.2785622354,2.15578532586e-12
-73.4773001604,38.6402240779,1.44268450269e-11
-70.0899175324,44.4819894308,1.87415864561e-12
-72.9007377716,39.7181570951,4.13776740997e-12
-70.1892300308,44.3267855169,4.03754954673e-12
-68.7183732345,46.5347161931,2.49633687647e-12
-69.4259657777,45.4964990827,1.26908760173e-12
-68.9697599813,46.1708331719,0.0
-68.4703943743,46.8884089724,7.60282651702e-12
-70.8038254914,43.3457623377,7.44504507151e-12
-71.0704866128,42.9089057455,5.06497397253e-12
-71.9481851221,41.4215274982,1.53694393099e-12
-70.8399936329,43.2869125371,6.20669930667e-13
-72.7215279651,40.0459089503,3.11848487334e-12
-70.2729297383,44.195271084,3.72649417163e-12
-71.7148440177,41.8244862189,9.10771060326e-12
-73.1127739255,39.3259262996,1.07798360398e-12
-68.7541388746,46.4832746429,5.69772738686e-12
-72.5916623014,40.2812843333,5.79847099209e-12
-72.6904942769,40.1023184352,4.87342079865e-12
-71.5104724127,42.17290172,7.62282705148e-13
-72.126330647,41.1101463683,8.42988238724e-12
-70.6631741682,43.5734267613,7.12162718764e-12
-73.0946110469,39.3597142595,9.38998462116e-12
-72.3978932106,40.629177155,2.88718277472e-12
-72.5409622242,40.3726923001,3.49069602552e-12
-68.1557694999,47.3297691724,8.78019710894e-12
-72.8205275987,39.8652746574,9.5163086448e-12
-69.2511680021,45.7570264784,6.31934221169e-12
-69.2324165786,45.7848148809,2.5266210996e-12
-70.8867751939,43.2106067308,5.04646504358e-12
-70.0008658868,44.62038453,8.23168686659e-12
-72.2561530729,40.8811704226,5.43192691983e-12
-69.9134962076,44.7554588734,0.0
-69.2883272438,45.7018677291,5.76772159245e-12
-71.2678472843,42.5811233962,8.84566673882e-12
-70.4503004973,43.9144135426,1.8913648126e-12
-69.2661154544,45.7348532281,7.19459207864e-12
-71.6480873337,41.938755208,2.57258257501e-12
-71.1812553122,42.7254079087,1.83995007342e-11
-69.6392582335,45.1749259193,3.12397218609e-12
-73.2288552257,39.109139209,3.41617447851e-12
-71.9902685021,41.3482633604,3.4465530942e-12
-71.5762171296,42.0612762792,2.08172754409e-12
-68.5615079068,46.7590552605,0.0
-72.9596908521,39.6095891584,1.07634391862e-12
-72.9611132291,39.6069651039,8.58913431852e-12
-71.1094466631,42.8445017901,7.49643868163e-12
-70.6225019807,43.6389085972,1.42668777774e-11
-70.3560321387,44.0640494457,2.0261894969e-12
-71.5326265644,42.1353353053,9.07124631778e-12
-68.5206253546,46.8171822462,1.11609504495e-11
-70.8929889474,43.200455552,5.04708911766e-12
-70.2033753901,44.3046051051,2.23310358232e-12
-68.8397980178,46.3596285309,7.26646468603e-13
-69.8434329263,44.8632739932,2.73489556561e-12
-72.8140235445,39.8771739583,5.82628568708e-12
-71.6942175599,41.8598409447,1.33971724938e-12
-69.6682244518,45.1309407878,4.19169196307e-12
-71.4495294729,42.2759890477,3.04571306335e-12
-72.527238706,40.3973880973,4.26325641456e-13
-73.482959094,38.6294646432,7.76067246611e-12
-67.9162251727,47.660354878,3.57614480233e-12
-72.3307584097,40.7487938146,6.45950472677e-13
-72.8325024739,39.8433545736,1.02634185899e-11
-70.6116067386,43.6564231172,4.07527040488e-12
-70.7584226661,43.4194602622,1.78044664645e-12
-71.5672722223,42.0764889073,5.67253000748e-12
-68.2140914748,47.2485718485,5.09746423878e-12
-69.5983563406,45.2369070997,3.82280272274e-12
-68.9544711917,46.1931185112,5.89586974655e-12
-69.1442154486,45.9151106307,2.92205676645e-12
-71.0493200543,42.9438336549,1.31911085949e-12
-71.6314729867,41.9671246769,1.04214721233e-11
-69.6092247712,45.2204521224,3.12165993538e-12
-73.3506315959,38.8801416166,6.09118184134e-12
-69.6088548181,45.2210124113,8.89573608132e-12
-72.4990359337,40.4480774942,2.58790683793e-12
-71.5750077306,42.0633335757,4.91715014788e-12
-68.4411928504,46.9297192526,4.59965103122e-12
-71.3686175017,42.4122839994,2.07212242939e-12
-70.0799780054,44.4974726176,1.28890904493e-12
-69.9435557095,44.7090653725,4.26325641456e-13
-69.7883495243,44.9477244222,2.21660004086e-12
-68.0954061864,47.4135148231,2.9162856285e-12
-73.2834024134,39.0067643892,1.57575896144e-12
-69.5547059512,45.3028879951,7.35810741033e-13
-73.2838197849,39.0059798123,8.49254978074e-12
-69.8464590387,44.8586265658,6.04401320234e-13
-68.2898524305,47.1426774363,1.07414572528e-11
-72.690198303,40.102855931,1.53812460179e-11
-72.9102232625,39.700713773,5.51828503114e-12
-69.8303979917,44.8832832083,2.95767922168e-12
-68.7668948148,46.4649015143,5.34962427205e-12
-68.4036659933,46.9827025849,3.88450046785e-12
-73.4010812354,38.7847978374,3.15849802548e-12
-71.9344521807,41.4453963956,2.8586191327e-12
-73.1646777992,39.229174043,3.4107120454e-12
-72.6282504082,40.2151506313,3.36554089761e-12
-68.6510047607,46.6313171849,1.95253266922e-12
-71.1794215318,42.7284554967,1.87901585972e-12
-70.1405953189,44.4029049688,4.03324234319e-12
-70.6919240954,43.5270445999,3.92359302379e-12
-71.9497447383,41.4188155486,1.34798833879e-12
-72.1887828563,41.0002130499,7.71912165788e-13
-70.1550243872,44.3803445034,1.13718015475e-11
-69.0615973853,46.0365437737,2.99009878097e-12
-69.3946405393,45.5433861533,1.26814982237e-12
-71.7851570582,41.7036434507,3.61096913817e-12
-71.685085941,41.8754792744,1.80279071924e-11
-69.070427824,46.0235929762,4.37743183482e-12
-70.5637024269,43.733297447,2.60772140012e-12
-73.2375627747,39.0928184948,4.50659442562e-12
-73.1862083418,39.1889540298,4.7186526988e-12
-68.7597863336,46.4751419851,1.45127689814e-12
-70.7955684223,43.3591799345,3.76187885334e-12
-69.8090908384,44.9159574404,5.46587888893e-12
-70.5386947685,43.7733420229,2.60616360223e-12
-72.0341279534,41.2717142802,4.26325641456e-13
-73.3078058303,38.9608588162,4.00078507338e-12
-67.9132102662,47.6644859543,1.92216926954e-12
-68.107853917,47.3962697338,1.28051186221e-11
-72.7218501516,40.0453227805,5.0419169681e-12
-71.0892143769,42.8779657966,1.92235022875e-12
-71.4127183895,42.3380773291,1.07895423686e-11
-68.5309942905,46.8024529318,6.9110005182e-12
-72.7595381657,39.9766790348,3.29465852522e-12
-68.5191361732,46.8192969223,6.37078659036e-12
-68.8762513782,46.3068191283,2.18132071694e-12
-71.8560922157,41.5812241058,4.03485048904e-12
-70.3537343342,44.0676864372,2.59468175394e-12
-68.1931182418,47.2778034878,2.31390570156e-12
-70.3562180513,44.0637551594,2.48755109551e-12
-71.917115152,41.4755019824,7.63465515849e-12
-71.3894211958,42.3773025498,3.87422717366e-12
-68.4805192173,46.8740691043,4.27589254593e-12
-70.7039829984,43.5075665401,7.27774755893e-12
-68.9401827495,46.2139275153,3.21535270176e-12
-68.2490953335,47.1997042527,1.21380554899e-11
-72.8762969944,39.7630580246,1.37844329396e-12
-69.2101236795,45.8178114438,6.64974222216e-12
-69.8588762726,44.839547775,8.4073002637e-12
-68.8461462363,46.3504401489,2.67914723793e-12
-68.9662626926,46.1759326885,6.61550731829e-12
-72.5913402163,40.2818658808,3.67228309399e-12
-72.7552694936,39.9844614394,2.74885285315e-12
-70.4510779803,43.9131759417,4.79908935171e-12
-69.3291613209,45.6411141057,7.59750939952e-12
-71.6750088835,41.8927269618,4.17263976871e-12
-71.7458868444,41.7711964048,3.90961067087e-12
-72.4026005543,40.620772248,2.12055104231e-12
-69.1033441465,45.9752579792,8.52651282912e-13
-71.5328593955,42.1349402373,1.52519406341e-12
-70.6943725405,43.523090889,2.25298312154e-12
-72.9766200906,39.5783433656,7.83354968415e-13
-70.2740666835,44.1934801555,1.83402716462e-12
-71.9345504599,41.4452256471,7.68277806718e-13
-72.8306313579,39.8467806719,3.51416579839e-12
-69.5242026021,45.3488950888,1.19846594856e-12
-69.2259770542,45.7943507339,3.95366949621e-12
-71.4542690841,42.2679850798,6.06560825696e-12
-72.4167542755,40.5954869911,4.84227615689e-12
-70.4588155457,43.9008561474,2.49418552009e-12
-73.074538257,39.397013717,9.56800285211e-12
-68.3298571842,47.0865697313,7.42152073532e-12
-69.195530967,45.8393871191,7.37075462018e-12
-72.123773407,41.1146392476,7.38073790279e-12
-71.7089306693,41.8346263658,1.5301552189e-12
-73.0092998528,39.517940169,9.97598484327e-12
-71.0129310173,43.0037789632,3.36989437517e-12
-68.3604842789,47.0435248043,4.80473621638e-12
-70.2584572024,44.2180578599,8.52651282912e-13
-70.1316159107,44.4169349395,5.16197403223e-12
-70.5311549897,43.7854038031,4.26325641456e-13
-70.674960766,43.5544210139,1.50145998971e-12
-72.5064243524,40.4348062241,6.48990787584e-13
-69.4966320711,45.3904073375,5.24321087916e-12
-69.80807084,44.9175205612,6.40306220677e-12
-69.2683423022,45.7315482142,2.70247893412e-12
-70.6366316895,43.6161777423,2.61227164872e-12
-68.355393363,47.0506852387,1.00560549053e-11
-69.3339397593,45.6339950686,1.06297103087e-11
-70.5053708703,43.8266114034,3.19167821967e-12
-73.2687627274,39.0342721331,5.88364748013e-12
-71.9218689411,41.4672501238,1.51094270393e-11
-68.3985378828,46.9899337368,6.53710020717e-12
-70.3930924338,44.0053216596,5.7426455189e-12
-70.2349877925,44.2549686293,7.44790668543e-13
-70.7561830209,43.4230905431,1.50367500553e-12
-72.5414718765,40.3717747872,6.76849250813e-12
-71.8639146142,41.5676929923,3.43651747246e-12
-68.1333706701,47.3608792136,7.01923244032e-12
-68.9909848098,46.1398618921,1.96683534374e-12
-67.9689153882,47.5880391989,5.75076225062e-13
-70.2365670469,44.2524865146,6.79742828202e-12
-72.8990325697,39.7212918507,1.37919910126e-12
-71.0238529802,42.9858002421,1.42226816272e-11
-70.5626316403,43.735013303,7.4920397411e-13
-72.8273954834,39.8527048228,1.83020731706e-12
-69.0529581364,46.0492076273,5.3810528485e-12
-73.3808286504,38.8231062675,4.26325641456e-13
-72.4525164404,40.5315054184,1.07929173446e-11
-68.1642317265,47.3180051675,2.9214578821e-12
-68.3292626451,47.0874045581,1.7930835458e-12
-69.3143380411,45.6631853991,1.46539603916e-12
-68.3342848674,47.0803516438,1.9393845845e-12
-69.6128385841,45.2149784074,4.71402431311e-12
-73.1331171889,39.288039865,5.69352302075e-12
-71.7959834296,41.6849923838,9.54492890302e-12
-71.3586879807,42.4289653895,0.0
-69.5314396872,45.3379871681,3.02691550077e-12
-69.6657893182,45.1346414355,2.72480471992e-12
-71.0967381132,42.8655262758,2.26955402812e-12
-71.5001098533,42.1904565136,3.58964473022e-12
-67.9524132125,47.6107120808,1.96303912441e-11
-69.3284798564,45.6421292046,6.86791247253e-12
-71.3856751856,42.3836046396,4.33861660566e-12
-68.016779258,47.5221525515,1.02886324342e-12
-71.5308983585,42.1382675576,6.32264716114e-13
-68.5392989424,46.7906494734,0.0
-70.8170017621,43.3243375614,7.52669029149e-13
-73.3570679186,38.8679932348,1.44100799801e-12
-72.8101633201,39.8842341851,2.91290073291e-12
-68.9580150514,46.1879546821,9.50189307729e-12
-70.5751285133,43.7149812269,4.07199065363e-12
-69.6571086376,45.1478290392,8.52651282912e-13
-70.0712478039,44.5110644827,6.4432072216e-12
-71.8893882214,41.5235858382,7.47341209825e-12
-71.1322257088,42.80677762,7.57009129659e-13
-70.0412627802,44.5576941004,8.97532738535e-12
-68.974530943,46.1638747683,4.47174059883e-12
-69.073283071,46.0194039993,7.29608375968e-13
-73.3471161186,38.8867750708,6.63693589321e-13
-73.1513536299,39.2540390104,4.1628367191e-12
-70.4884233946,43.8536622836,5.20607185418e-12
-67.9554907492,47.6064854247,1.43140926105e-12
-73.2376295917,39.0926932268,6.3258566588e-12
-72.8914313796,39.7352617007,2.75789273904e-12
-73.3324751264,38.9143870501,6.6343554999e-13
-72.407147835,40.6126509322,6.20319199599e-12
-70.4695469373,43.8837602342,4.26325641456e-13
-71.1013939065,42.8578257592,3.37673904475e-12
-67.9452071335,47.6206058338,4.26325641456e-13
-69.7256550337,45.0435093622,7.82121777901e-12
-68.3643356407,47.0381063877,5.30829067976e-12
-69.4776084401,45.419011279,2.39396089479e-12
-69.5598700182,45.2950909984,6.93362390193e-12
-69.2270970672,45.7926924438,5.93064788328e-12
-73.0840508791,39.3793426927,7.42086283003e-12
-68.5794053796,46.7335643493,3.89909088086e-12
-73.4800744764,38.6349496599,7.91091771591e-12
-71.2431413267,42.6223650433,0.0
-69.531773212,45.3374843584,7.95993832071e-12
-68.9290117401,46.2301841996,2.50867531278e-12
-69.0362736724,46.0736462649,6.99138450789e-12
-73.389989414,38.8057839461,1.4861730419e-11
-70.1550326902,44.3803315157,6.09400801036e-13
-72.1606342268,41.0498123422,5.1771838866e-12
-69.6895046255,45.098578826,6.25569204658e-12
-73.2855375234,39.0027505992,8.04719322565e-12
-71.0056496642,43.0157584115,4.1109588533e-12
-71.1049555675,42.8519334698,8.98647593495e-12
-71.3916476461,42.3735562279,2.82566299416e-12
-71.8394185629,41.6100452818,1.53385106571e-12
-69.8203380092,44.8987151891,4.20432646798e-12
-68.2320321341,47.2235381649,7.40468846339e-12
-70.2721482982,44.1965019472,3.50008379011e-12
-72.6181041287,40.2335043919,7.93101999994e-12
-72.0343556163,41.2713164195,5.55227438024e-12
-68.0074486224,47.5350111606,4.77956939759e-12
-70.3648242565,44.050128615,4.0531630922e-12
-69.8896339745,44.7922288729,3.70100323941e-12
-72.2163576073,40.9515455157,9.2090933637e-12
-70.1267916102,44.4244696412,5.88042516414e-12
-72.0699123924,41.2091125587,5.73385735119e-12
-68.4334049413,46.9407244836,1.16430320373e-12
-69.713868651,45.0614770071,0.0
-70.3745739668,44.0346831324,2.5079549974e-12
-72.6246963497,40.22158086,7.16182904564e-12
-68.4781455423,46.8774317221,4.26325641456e-13
-71.9300410651,41.453059165,0.0
-71.7401401309,41.781068869,3.60758865071e-12
-72.9986281692,39.5376776612,4.14754338297e-12
-71.8551965562,41.5827730124,7.62394050853e-12
-68.4473063375,46.9210766304,3.60867975009e-12
-69.9518065118,44.6963167366,3.28934524467e-12
-72.9414675874,39.6431889058,1.38061080267e-12
-69.8979558851,44.7794112974,4.74266136368e-12
-68.4896568862,46.8611200131,5.83016594028e-13
-67.997686013,47.5484575051,0.0
-69.6946388276,45.0907648514,2.95054967984e-12
-71.5865911274,42.0436231552,6.33208818252e-13
-72.746922234,39.9996740978,2.1369875821e-12
-70.8855203702,43.2126562378,1.09932759666e-11
-68.024241346,47.511863908,1.22819183914e-12
-68.2891429359,47.1436713257,1.23575122283e-12
-69.2328186903,45.7842193005,3.09288748963e-12
-73.1950850943,39.1723572191,2.15858968583e-12
-68.7288491715,46.5196599602,1.24847408713e-12
-72.9084851373,39.7039108156,1.54594343537e-11
-72.8708811128,39.7729990631,1.75002697976e-11
-72.8722111956,39.7705579406,8.16644802536e-12
-68.7110867233,46.5451830225,3.91009214915e-12
-71.0931362284,42.8714822138,4.55739184846e-12
-71.5926566301,42.0332966729,6.83019046212e-12
-71.641320958,41.9503123352,1.94959783976e-12
-68.7236988128,46.5270633268,3.91114890182e-12
-71.2163927651,42.6669487052,4.32373063667e-12
-71.0053656506,43.0162255729,6.35509860269e-12
-71.636069033,41.959279573,0.0
-71.329206387,42.4784363611,4.14061195429e-12
-70.435427562,43.9380773995,2.02973422357e-12
-72.9854309713,39.5620692004,1.07422792149e-11
-72.9929301775,39.5482111934,3.70334039754e-12
-72.5804121073,40.3015908731,2.33270186932e-12
-70.226258261,44.2686846535,7.91119783922e-12
-70.9291155476,43.1413630148,9.69752245628e-12
-71.4182907007,42.3286873079,1.0554466857e-11
-72.038709177,41.2637071712,1.02008894479e-11
-71.0302420441,42.9752777832,1.9194651745e-12
-68.2810663989,47.154982341,1.79093618692e-12
-69.2524671948,45.7551000165,1.26390711027e-12
-73.4261535644,38.7373104423,5.31204931514e-12
-71.9578978958,41.404634329,2.30583098663e-12
-69.008552197,46.114198137,1.16270796149e-11
-67.9901139056,47.5588814755,3.58062390404e-12
-68.6583237004,46.6208410207,7.63485094647e-12
-71.6046864265,42.0128051031,1.17464938933e-11
-69.8676554207,44.8260503568,2.00460543035e-12
-71.6808999014,41.8826452567,9.10090255649e-12
-70.6377972447,43.6143018336,5.77020290069e-12
-71.3609433049,42.4251773484,4.89432635705e-12
-73.3477398519,38.8855982293,4.26325641456e-13
-70.1823542106,44.3375603387,7.20508357004e-12
-72.2780563737,40.8423661002,1.57451706662e-11
-69.6366917453,45.1788194908,8.36392047905e-12
-68.9217136959,46.2407989291,5.36658795963e-12
-73.3539641688,38.8738520426,2.7887999401e-12
-71.6094816358,42.0046328915,4.92084010428e-12
-72.7220223541,40.0450094796,4.11997471026e-12
-70.8719663285,43.2347844111,9.68555972292e-12
-70.2615575425,44.2131780658,1.06671791337e-11
-71.702022432,41.8464680701,3.05992001051e-12
-68.8201138725,46.3880973611,0.0
-68.0806132928,47.4339924459,4.23510489032e-12
-71.2763800686,42.5668656554,5.45727267868e-12
-71.5368593383,42.1281522843,7.62653218893e-13
-69.653558315,45.1532207026,0.0
-69.1639634925,45.8859967206,7.72219686806e-12
-68.4228850222,46.9555823329,0.0
-70.4574561201,43.9030210405,7.08604451099e-12
-72.5429073117,40.3691904657,1.5540456603e-12
-69.9854939637,44.6442003143,9.87557140711e-12
-72.8583550946,39.7959789901,1.31023246782e-12
-73.2348369967,39.0979283556,3.5471815672e-12
-68.4942826753,46.8545620919,5.83801594427e-12
-70.8297610335,43.3035749312,4.29005394199e-12
-70.8883260984,43.2080734246,4.10028349721e-12
-72.7954942258,39.9110490008,1.56140223069e-12
-68.3747725747,47.0234166453,5.64889292879e-12
-72.289447088,40.8221663918,6.52906884552e-12
-72.8724399054,39.7701381667,2.01177813766e-12
-71.4633384588,42.2526630379,3.40494258677e-12
-69.6050734595,45.2267385237,1.26847867738e-11
-73.3036874824,38.9686104476,1.08004085041e-12
-68.75175941,46.4867003928,3.74742885312e-12
-72.7645816425,39.9674815522,4.74979308053e-12
-73.3205568486,38.9368468747,8.35967329893e-12
-73.2822152274,39.0089959636,2.36358570731e-12
-73.4242485138,38.7409210584,0.0
-72.4063459336,40.6140832626,2.62389493058e-12
-72.0461169648,41.2507552078,2.70224555756e-12
-69.715630998,45.0587912098,8.37929309187e-12
-73.4223259635,38.744564438,1.27068851815e-11
-70.3052168206,44.1443652359,1.88441389118e-12
-68.3005135142,47.1277379357,5.81397808261e-12
-71.1125831819,42.83931044,0.0
-71.1420266129,42.7905308227,7.88005902376e-12
-69.6554398617,45.1503634508,3.99069260189e-12
-70.592192072,43.6876049943,3.52305358124e-12
-72.0054133965,41.3218528492,1.24438118809e-11
-68.4118697585,46.9711298966,1.03224502359e-12
-72.1114928938,41.1362058012,3.32214558591e-12
-68.8784332859,46.3036546224,1.96207882515e-12
-72.5545356432,40.3482471141,0.0
-70.0130296317,44.6015238321,6.07093998629e-13
-72.1758326748,41.0230420864,1.28655815101e-12
-69.0988783839,45.9818211138,2.69306604018e-12
-70.2362670424,44.2529580496,3.08324193287e-12
-72.9173129247,39.6876699606,8.52651282912e-13
-73.4596380467,38.6737827426,4.83208762495e-12
-73.2776844625,39.0175111098,3.42033513324e-12
-69.0753134016,46.0164248396,1.40939511169e-12
-72.9497647876,39.6278950881,4.29347348902e-12
-71.3051165051,42.5187960945,5.90754662368e-12
-70.015355656,44.59791563,3.29408629726e-12
-73.2453073997,39.0782956772,9.87432348478e-12
-72.009811084,41.3141795153,7.6935059891e-13
-71.3609038337,42.4252436485,2.11957344422e-12
-68.7550809385,46.4819182067,6.40424091949e-12
-71.8096835693,41.6613735236,1.34344750718e-12
-71.9242243394,41.4631606545,9.14985818913e-12
-69.2744699525,45.7224515103,6.3508937644e-12
-73.5208466094,38.5573376534,4.26325641456e-13
-73.014345991,39.5086029678,4.48589034659e-12
-73.237143941,39.0936037112,8.64251358279e-12
-70.2362577779,44.2529726111,1.13923139727e-11
-69.9969731248,44.6264176506,3.73950749003e-12
-69.7668544411,44.9806047494,6.00059477817e-12
-70.8831824762,43.2164743212,1.86416455054e-12
-68.5137092365,46.8270017391,5.52047343718e-12
-69.4590065392,45.4469499919,5.23883077841e-12
-71.589790442,42.0381768006,2.08235768584e-12
-71.0236881656,42.9860716308,4.85868474129e-12
-70.6029344296,43.6703561267,7.41154581658e-12
-72.1107996293,41.1374228218,3.9461805239e-12
-72.3002351956,40.8030228812,6.94264112094e-12
-72.5274782066,40.3969572802,4.85484828714e-12
-69.9026275571,44.772213127,3.2856836951e-12
-69.1737042277,45.8716237381,6.4643656943e-12
-73.5100338568,38.5779381526,2.37373389727e-12
-68.4668243056,46.8934632351,7.77946395125e-12
-71.1568027236,42.7660189397,3.5642221405e-12
-72.1182079162,41.1244150686,1.97346323216e-12
-72.6485847235,40.1783348182,1.0730395974e-12
-67.9805581584,47.572029539,7.18838928411e-12
-70.4330876716,43.9417984307,5.07537076946e-12
-73.2352105476,39.0972281289,5.29141905751e-12
-70.7443965853,43.4421874717,2.82722760434e-12
-69.1178492108,45.9539285628,4.14661595649e-12
-71.2591585201,42.5956343988,6.38891911785e-12
-71.4569713151,42.2634207154,6.22860838961e-12
-71.2250692837,42.652494664,3.38634045163e-12
-73.3980983281,38.7904429258,8.37529290619e-12
-71.8762954862,41.546263953,1.2406973954e-11
-71.2828292915,42.5560846517,3.03640153007e-12
-68.4094567854,46.9745343528,0.0
-72.378206241,40.6643029222,0.0
-68.0680209457,47.4514098083,1.22943566153e-12
-68.4463629361,46.9224105183,5.82350703294e-13
-70.8983500189,43.191694374,6.89562415814e-12
-71.3853098915,42.3842191168,7.72186064701e-12
-72.4483147298,40.5390295809,0.0
-72.0801608114,41.1911596191,3.45371433272e-12
-72.4077517674,40.6115721632,0.0
-68.9715005706,46.1682947659,5.89803120129e-12
-69.1055740518,45.9719801368,2.19006117101e-12
-72.8696711422,39.7752195775,4.76215945259e-12
-71.9449190356,41.4272059504,3.62300424591e-12
-67.9928508336,47.5551142825,4.77162835213e-12
-68.6669094378,46.6085458155,3.38906181336e-12
-71.7259692918,41.8053991528,5.36296729586e-12
-72.4107308282,40.6062502842,7.75108843889e-13
-70.913998825,43.1661048869,4.29735260781e-12
-71.3653484239,42.4177770607,1.65757733798e-11
-69.4299691868,45.4905005851,0.0
-73.0153219594,39.506796753,3.70508145758e-12
-68.7670140694,46.4647296794,7.25729360342e-13
-72.1269558696,41.1090477965,2.10750008714e-12
-70.725633752,43.4725604574,8.17109812174e-12
-70.9825473647,43.0537327696,2.26482604148e-12
-70.9674066151,43.0785922629,1.08383515161e-11
-70.5628157963,43.7347182143,8.54698896631e-12
-71.1894446534,42.7117938915,5.83323376232e-12
-69.2250556149,45.7957149334,8.62836150178e-12
-72.9088228051,39.7032897473,1.83224364134e-12
-68.4058409349,46.9796350371,0.0
-69.2714139872,45.7269886062,0.0
-69.4879807454,45.4034194669,5.64294069386e-12
-70.0558571781,44.5350087302,4.22403736453e-12
-70.423333092,43.9573051907,2.24196219091e-12
-71.7342187336,41.7912379376,1.2957073717e-11
-70.3534055614,44.0682067823,2.59466140746e-12
-68.1853175589,47.2886665371,5.78357651729e-13
-73.1542637088,39.2486099938,0.0
-72.9782763397,39.5752848223,1.3338618916e-11
-72.2629521175,40.8691304305,4.22785373361e-12
-70.5853844141,43.6985302957,9.62592301435e-12
-69.2153697352,45.8100504727,7.3142563916e-13
-73.1569554909,39.2435874126,8.46748769471e-12
-73.3510027505,38.8794411957,1.82992813145e-12
-69.525118022,45.3475156024,3.44753511159e-12
-70.0455454825,44.551039146,5.02641175244e-12
-68.2339597558,47.2208468611,4.26325641456e-13
-68.9629005981,46.1808340797,1.17938789335e-11
-69.2346587507,45.7814937483,1.29464034003e-11
-70.1826508293,44.3370956099,6.05544965456e-12
-71.8653171941,41.5652661646,1.9607707764e-12
-72.9158251124,39.6904077369,3.12985089511e-12
-68.2876216017,47.1458023335,1.73975408315e-12
-71.3325569153,42.4728184069,1.88674102755e-12
-70.8700476466,43.2379153982,6.21169649944e-13
-73.0483733212,39.4455683656,4.68729540145e-12
-70.6987160467,43.5160756549,6.00842845644e-12
-68.1647858625,47.3172346148,2.87301876677e-12
-72.0090198626,41.3155602292,1.96797314573e-12
-67.9223481191,47.6519628529,8.20890749904e-12
-72.6859931273,40.1104916282,1.37213216263e-12
-72.3046118081,40.7952531262,3.86788851223e-12
-69.0755837068,46.0160281864,9.32182451249e-12
-71.1290602448,42.8120229503,1.01366509225e-11
-70.4732646641,43.8778350855,6.0942809871e-12
-71.3067507196,42.5160599746,4.48121854728e-12
-69.1702655177,45.8766986866,1.18723981467e-12
-73.038105642,39.4646020744,5.4898119098e-12
-70.8629069027,43.2495648515,4.29292322383e-12
-72.8701175395,39.7744003762,5.39632856503e-12
-68.150085755,47.3376672957,5.47285682047e-12
-72.002493551,41.3269464662,1.3497029551e-12
-70.9460928711,43.1135495109,0.0
-71.9064902439,41.4939368851,6.38657839933e-13
-72.4763790964,40.4887385583,0.0
-69.530476075,45.3394398188,3.44790660545e-12
-68.9303314892,46.2282641853,7.85707775771e-12
-69.2483196648,45.7612495166,1.26378367365e-12
-69.3100697387,45.669537149,4.16224461246e-12
-71.8954447739,41.5130892922,6.14177134571e-12
-73.3281218567,38.922592523,8.05466735216e-12
-70.5017290955,43.8324265448,7.48379350951e-13
-72.5869111762,40.2898617171,5.35798922062e-12
-71.7367398171,41.7869088063,7.60349571687e-12
-70.9877334525,43.0452126565,4.68341250013e-12
-68.7845479436,46.4394518183,9.19346192743e-12
-69.5646696485,45.2878421124,4.18313417682e-12
-73.4652022504,38.6632142499,6.65777127331e-13
-71.7252269537,41.8066731335,3.20629400041e-12
-72.98831277,39.556744554,3.3850271016e-12
-73.5067134062,38.5842617047,1.99953158247e-12
-69.3031069997,45.679895105,9.01048707984e-12
-71.8821948824,41.5360476839,2.13013394931e-12
-69.057851184,46.0420359419,1.18370240107e-12
-69.5324307088,45.3364931113,0.0
-69.9748285699,44.66071153,0.0
-73.4512122401,38.6897800094,8.68413420504e-12
-68.3382426196,47.0747921355,1.23716110004e-12
-72.6032825147,40.2602958923,1.36939784732e-12
-72.0974659007,41.1608204503,1.35279615573e-12
-71.5924510587,42.0336467174,6.33308235156e-13
-69.3986687174,45.5373617141,1.08390453593e-11
-72.0967400724,41.1620935867,7.7059296285e-13
-70.3843891483,44.0191249322,3.50810870172e-12
-71.250342322,42.6103506287,7.36153297184e-12
-70.4676042901,43.8868558214,7.47918149518e-13
-70.6976182986,43.5178488073,2.61608505098e-12
-70.4748493331,43.8753091141,7.4801601614e-13
-68.6215948288,46.6733682484,2.66690091148e-12
-71.8994190764,41.5061994409,6.38536920816e-13
-69.0634948548,46.033761499,4.26325641456e-13
-70.8873797224,43.2096192988,9.88379264201e-12
-68.7668927532,46.4649044847,4.45078603628e-12
-71.3390138717,42.4619886598,2.82249723406e-12
-73.1738278597,39.2120874651,1.07878000433e-11
-69.56158653,45.2924987856,2.39931894821e-12
-69.6433867432,45.1686613933,1.47393427366e-12
-68.5501626949,46.7752000044,2.89205788944e-12
-69.5338957873,45.3342842092,8.68550020415e-12
-69.0276526285,46.0862645297,6.44327791073e-12
-69.1640019469,45.8859399953,3.7838350877e-12
-72.2938667518,40.8143251558,1.35921725489e-12
-70.4363747857,43.9365709222,6.96597235513e-12
-68.3829758244,47.0118644074,7.76557923869e-12
-73.1835235046,39.1939721695,1.01864473776e-11
-72.4393042481,40.5551587572,4.26325641456e-13
-70.9253696986,43.1474959868,7.16731799845e-12
-70.0574842997,44.5324783366,1.0454487797e-11
-71.81697781,41.6487905849,4.37691973757e-12
-69.9456876692,44.7057717947,5.85579323793e-12
-68.6294259123,46.662178304,1.04715673564e-11
-72.6875012386,40.107753437,1.614305265e-11
-71.9718672538,41.380320891,1.27955359464e-12
-69.1616661372,45.8893853862,2.52241814173e-12
-71.5545578386,42.0980985095,9.65267490547e-12
-73.23067217,39.1057343588,5.44547219095e-12
-72.4977556371,40.4503766134,7.14180095238e-12
-73.3520764606,38.8774148687,1.08056441844e-12
-69.8051715365,44.9219631526,1.20112295733e-11
-72.8751172555,39.7652237434,4.15718108684e-12
-71.6575523914,41.9225809448,1.04275371063e-11
-68.7993833282,46.4180437902,1.03563284998e-12
-68.2666344923,47.1751804944,5.10328952146e-12
-73.2212815196,39.1233280382,2.15830239708e-12
-69.5249325391,45.3477951207,9.94844363899e-12
-72.8603523298,39.7923160351,2.62060448941e-12
-73.1237901192,39.3054157642,7.84703537571e-12
-71.9658688815,41.3907634033,1.34851220074e-12
-68.7748006723,46.4535072896,2.34971237662e-12
-68.5734556715,46.7420413564,5.67437760152e-12
-67.9140715395,47.6633058979,1.43040579212e-12
-70.0964826105,44.4717577598,0.0
-70.2369689918,44.2518547407,3.49757544269e-12
-73.0094533442,39.5176561943,3.52873517293e-12
-72.28800411,40.8247260407,1.13386377052e-11
-68.9506984508,46.1986146588,4.13312609865e-12
-71.9257454612,41.4605193648,9.90974616847e-12
-73.3891086806,38.8074497465,5.58232057624e-12
-71.0599906482,42.9262310728,4.86250230593e-12
-73.495767126,38.6050994894,7.13729456744e-12
-73.2823375225,39.0087660904,8.65128458657e-12
-72.5867464816,40.2901590037,6.2295164093e-12
-68.7765601703,46.4509707092,2.49973534195e-12
-71.5042309769,42.1834763678,1.23015869021e-11
-71.4738444314,42.2349037311,2.66526328004e-12
-73.2619680285,39.0470313351,3.15024875974e-12
-71.9845486369,41.3582318711,0.0
-70.1408834998,44.402454574,5.88234836447e-12
-71.3526468732,42.439109549,5.91444768035e-12
-68.9494713895,46.2004019836,5.72315574011e-12
-70.6721064138,43.5590248375,4.51034143185e-12
-68.7431364424,46.4991109695,5.15668954223e-12
-69.7568668625,44.995868198,1.22237615553e-11
-71.6037631731,42.0143782884,2.55342109785e-12
-71.3524233761,42.4394847733,0.0
-69.6880358185,45.1008138333,3.99352742752e-12
-70.2476331365,44.2350874327,1.80166077737e-11
-70.4266228869,43.9520764355,8.11736255143e-12
-69.4854734144,45.4071894032,5.79391252594e-12
-72.4092804888,40.6088413278,4.70820115192e-12
-72.4995818826,40.4470970427,1.99275414172e-12
-71.020976413,42.9905365045,1.0564081009e-12
-70.9485040281,43.1095971138,5.26370222591e-12
-69.6827798785,45.1088099328,3.70992804752e-12
-70.6616842523,43.5758282904,1.90154928405e-12
-69.5878034566,45.2528742121,1.06877776165e-11
-72.2534217309,40.8860058303,2.71578459102e-12
