-71.2749097071,42.5693230478,7.36579502417e-12
-71.3481733372,42.4466191323,2.07117987983e-12
-71.3245991804,42.486159622,2.82163117611e-12
-71.074414417,42.902419494,4.69285758906e-12
-71.4526328875,42.270748442,1.94023822753e-12
-71.4507337907,42.2739554808,1.94014427231e-12
-70.7153487421,43.4891953896,6.18602057288e-13
-71.01026727,43.0081620185,2.80284751602e-12
-70.8251917222,43.3110121796,8.37564136532e-12
-70.4607871562,43.8977160372,1.14493178066e-11
-70.7175203529,43.4856838773,4.08481637805e-12
-71.2063699486,42.6836363116,5.62908628668e-12
-71.2179918081,42.664285447,2.54392224095e-12
-70.6973370912,43.5183030128,4.26325641456e-13
-70.8387073952,43.2890075535,2.79267900162e-12
-70.4720335198,43.879797373,3.90302600655e-12
-70.431417555,43.9444540334,2.49241176289e-12
-70.6506417787,43.5936205713,1.85259459764e-12
-70.6437705131,43.6046860978,1.05271988849e-12
-71.4264106641,42.3149986614,4.73147584866e-12
-70.3959937081,44.0007187056,1.76971374638e-11
-70.553224857,43.7500823073,4.07002328296e-12
-70.6299927458,43.6268603599,1.30592849009e-12
-70.9187511705,43.1583289989,0.0
-70.7544636526,43.4258771718,3.00725609171e-12
-70.8632298596,43.2490380837,3.22021518765e-12
-70.4066653089,43.9837811115,2.76733912384e-12
-70.763172352,43.4117598219,6.19394568785e-13
-70.7255435229,43.4727064377,1.8563127228e-12
-70.7607696357,43.4156555019,2.78807933731e-12
-70.4986308696,43.8373727685,7.48337452775e-13
-71.4708365952,42.2399893034,6.41734606674e-12
-70.5408086223,43.769959415,5.36720423423e-12
-71.4764505765,42.2304965988,4.60074886793e-12
-71.1178446886,42.8305997977,5.29767021948e-12
-71.2688490068,42.5794499532,0.0
-70.4178807287,43.9659688632,1.29932790348e-12
-71.085920696,42.8834097321,6.05094744771e-12
-71.1881633863,42.7139243128,1.32351389121e-12
-71.3004327625,42.5266364941,2.27803667507e-12
-70.541464114,43.7689104053,5.36728352043e-12
-70.5682247855,43.7260495049,2.77676947171e-12
-70.6636394632,43.5726767297,2.61395947609e-12
-70.6610954913,43.5767772298,4.07972651197e-12
-70.7060299741,43.5042587983,3.20764009954e-12
-71.0567137874,42.9316378757,1.9207596111e-12
-70.5942205401,43.6843487475,1.11131678063e-11
-71.1814750481,42.7250427041,2.81305416387e-12
-71.314883284,42.5024399265,2.65509738574e-12
-71.4661232259,42.2479567353,5.48085252197e-12
-70.9443822472,43.1163532445,6.15806836881e-12
-70.6927279857,43.5257465535,7.50971968228e-13
-70.9852021728,43.0493715679,6.90867818666e-12
-70.7827633182,43.3799750685,3.35217686269e-12
-70.4037335693,43.9884353317,5.35066322828e-12
-70.7996847273,43.352491827,2.62248389171e-12
-70.8980436505,43.1921951225,6.34088434552e-12
-71.39187228,42.3731782218,7.54438262683e-12
-71.1992679749,42.6954548549,0.0
-70.676025418,43.5527036233,8.34927636425e-12
-71.2887192172,42.5462350282,6.20532683966e-12
-71.4230181817,42.32071851,2.82755239437e-12
-71.3440797336,42.4534891999,5.19283080119e-12
-70.4379456269,43.9340724495,7.02389913658e-12
-70.5031105976,43.8302207266,4.49162990676e-12
-71.3539001078,42.4370054285,6.40161796382e-12
-70.6584916523,43.5809735881,4.26325641456e-13
-70.5428269003,43.7667293537,1.84725712281e-12
-70.9640920196,43.08403151,1.31641740883e-12
-70.6607047349,43.5774070157,6.68567088869e-12
-70.6061288889,43.6652247105,2.03738881463e-12
-71.1920431448,42.7074727667,3.78919193418e-12
-70.4455264902,43.9220115825,4.48572054587e-12
-71.0384227917,42.9617987181,2.53205750533e-12
-71.4739312697,42.2347568936,3.99790326977e-12
-71.0618997101,42.9230806485,2.53360524007e-12
-70.8577135323,43.2580342619,4.66929398026e-12
-70.3713870529,44.0397328185,1.05215321445e-11
-71.3287713206,42.4791657715,1.51948114334e-12
-71.0075637391,43.0126098307,1.31779034887e-12
-71.0653412156,42.9174004166,6.17460914021e-12
-71.0015913449,43.0224330165,6.16588333877e-12
-71.2215893987,42.6582926243,0.0
-70.6591415679,43.5799262417,2.0397752159e-12
-70.8484521736,43.27313135,9.8758138843e-12
-70.6923820654,43.5263051206,4.51259315956e-12
-71.4279045353,42.3124795777,4.14971838087e-12
-71.2842255575,42.5537500089,4.88618431569e-12
-71.3635020085,42.4208791417,3.98730238433e-12
-71.2455400457,42.618363496,1.7918012048e-12
-70.9720030067,43.0710478282,3.22895205623e-12
-71.1497348877,42.77774634,3.96688009818e-12
-70.5501887957,43.7549440753,9.43742092444e-12
-70.5653608299,43.7306397649,8.52651282912e-13
-70.8403845346,43.2862758071,3.35659986684e-12
-70.5000509001,43.8351058454,6.83625169376e-12
-70.7072321194,43.5023160454,3.53137552205e-12
-70.6663834535,43.568253139,1.77832749987e-12
-71.1245498762,42.8194951617,7.33976025527e-12
-70.5697661717,43.7235786966,9.0743768776e-12
-70.8948792004,43.1973667766,5.84838800122e-12
-71.3964712412,42.365438151,8.47786016387e-12
-71.398400257,42.3621909848,6.30024157796e-13
-71.0109691693,43.0070071472,6.23518550292e-13
-71.3347243036,42.4691836759,1.79390506515e-12
-70.5530490413,43.750363872,1.00038836923e-11
-70.4757894597,43.8738104352,8.51924915925e-12
-70.5484628229,43.7577075564,1.30338596498e-12
-71.4799437054,42.2245884676,5.66197157981e-12
-70.382553381,44.0220355227,2.48925203103e-12
-70.9324732737,43.135864352,0.0
-71.4756190098,42.2319028964,9.47381543574e-12
-70.8350811016,43.294913182,6.56176967794e-12
-71.0954798351,42.8676070599,1.42348923057e-12
-70.8191585898,43.3208289446,4.26325641456e-13
-70.9949340862,43.033378562,3.28007679376e-12
-70.5580116525,43.7424152453,2.77617170906e-12
-70.5262367316,43.7932689019,3.10678563411e-12
-71.3595226533,42.4275635326,1.93563758673e-12
-71.3468002743,42.4489236523,6.51855034123e-12
-70.8913859641,43.2030746431,9.50975602079e-12
-70.4385084989,43.9331771271,4.26325641456e-13
-70.5154975798,43.8104346145,1.30235986334e-12
-71.0061429969,43.014946932,4.68541630087e-12
-70.4561703789,43.9050684306,2.03066194698e-12
-71.2989323059,42.5291477411,1.93265024185e-12
-70.527369934,43.7914569287,1.05690321163e-11
-70.9689016268,43.0761386022,5.66982657693e-12
-70.9347395878,43.1321523856,1.24449354477e-12
-70.8267927851,43.308406435,1.52593913105e-11
-71.2668588292,42.5827745783,1.32601776999e-12
-71.3477678786,42.4472996648,3.80002794201e-12
-71.1056214896,42.8508316538,6.75413326042e-12
-70.4721771764,43.8795684101,0.0
-71.1046346501,42.8524644353,7.12076889049e-12
-71.1154161345,42.8346207057,3.24051525567e-12
-70.91658026,43.1618813592,5.41294502491e-12
-70.5707236575,43.7220437546,1.30407950101e-12
-70.9380560027,43.1267195774,1.31559602121e-12
-70.708622481,43.5000689494,2.78500871583e-12
-70.469009156,43.8846172183,7.02836156682e-12
-70.9873135885,43.0459025391,3.55177874929e-12
-71.3389952971,42.4620198193,0.0
-70.7408859249,43.447873036,2.04346347966e-12
-71.1101579465,42.843324607,1.70530994927e-11
-71.435651853,42.2994118801,6.53302490033e-12
-70.5133358447,43.813888665,0.0
-71.2922455836,42.5403363078,5.56520396233e-12
-71.4385385265,42.2945412915,6.6575032122e-12
-70.7238584369,43.4754325667,0.0
-70.7994971272,43.3527966721,1.31123605567e-12
-71.2713395573,42.5752888969,1.81188672537e-11
-71.0315234119,42.9731669587,6.9156558476e-12
-71.1592115539,42.7620209384,2.54003173975e-12
-70.9842888492,43.0508720128,1.25099826206e-11
-70.936075672,43.1299637979,3.54803125282e-12
-70.8689191534,43.2397567558,0.0
-70.659880648,43.5787351569,6.11942555028e-12
-70.7013468362,43.5118257684,6.5407960871e-12
-70.8224511374,43.3154719348,1.05445892562e-12
-70.8586145278,43.256565094,1.00740028322e-11
-70.4424223413,43.9269508197,9.59639518758e-12
-71.230647687,42.6431978042,1.05989191166e-11
-71.2580076294,42.5975559301,3.58418971017e-12
-71.2378890103,42.6311249902,1.79162107344e-12
-71.0546001004,42.9351248933,2.80548482235e-12
-71.3200486025,42.4937858948,2.06988421906e-12
-71.3507896251,42.4422274929,6.9640382429e-12
-70.6216250339,43.6403187403,1.01904296737e-11
-70.4064165023,43.9841761304,4.62075339558e-12
-71.0312143605,42.9736760802,5.42701246587e-12
-71.3378054172,42.4640158194,6.51708706748e-12
-71.27200903,42.5741702797,2.54092846754e-12
-70.6466218278,43.6000948695,6.17465093093e-13
-71.2625897768,42.5899047858,6.62940893887e-12
-70.4922345792,43.8475813861,2.51220829019e-12
-71.0300653955,42.9755687678,2.2667910864e-12
-70.4817172922,43.8643588122,3.90392863958e-12
-71.373442531,42.4041745241,7.60364052631e-13
-71.479045899,42.2261070956,2.28552560809e-12
-70.9840051801,43.0513380193,4.68300683665e-12
-71.032666295,42.9712841281,1.05652343019e-12
-71.3525889101,42.4392068624,2.28021862162e-12
-70.9362187462,43.1297294235,4.26325641456e-13
-70.4427905735,43.926364946,1.34746862502e-11
-71.2355028329,42.6351038211,1.61947085591e-11
-71.3546797249,42.4356964106,1.8894288903e-11
-71.1918243342,42.7078366603,1.92738199151e-12
-70.7537057914,43.427105369,7.51803673997e-13
-70.7781045497,43.3875368771,6.87761407052e-12
-70.8483459795,43.2733044107,2.04832758906e-12
-71.1808186424,42.7261336469,8.67234678107e-12
-71.2822499547,42.557053282,1.5181846326e-12
-70.7042576621,43.5071227296,2.25338723851e-12
-70.3850814184,44.0180272628,7.37547654903e-12
-70.9289103286,43.1416990491,7.46601729067e-12
-71.1407117711,42.79271096,1.32200699046e-12
-71.2664449997,42.5834658383,2.81814130717e-12
-71.0442556254,42.9521842337,6.00756616945e-12
-71.0910618424,42.8749117641,1.19814684689e-11
-71.1094115588,42.8445598869,2.80875093105e-12
-71.1908640711,42.7094335729,2.81361558315e-12
-71.4565611616,42.2641135564,6.22855148652e-12
-71.11101403,42.8419077124,4.86787570016e-12
-70.8575720315,43.2582649868,6.71584159966e-12
-71.0994078782,42.8611108382,6.36759697472e-12
-70.4222546406,43.9590190453,0.0
-70.9484750757,43.1096445761,2.05287565784e-12
-71.4452057233,42.2832887843,1.06063257265e-12
-71.3554775368,42.4343567803,1.05973238452e-12
-71.4056952645,42.3499077562,5.57578904729e-12
-71.240497925,42.6267741152,0.0
-71.3295505145,42.477859401,4.26325641456e-13
-71.1147150603,42.8357813529,1.64836792241e-11
-70.8357341721,43.2938497124,2.7925033027e-12
-71.3948604862,42.368149297,0.0
-71.269706119,42.5780180127,2.65221694891e-12
-70.6863876631,43.5359826357,4.08200680838e-12
-70.3748339105,44.034271208,7.46667441648e-13
-71.4685607648,42.2438366206,2.28508468824e-12
-71.3871666809,42.3810955934,3.26256088087e-12
-71.4566167906,42.2640195877,2.2845826175e-12
-70.8233290123,43.3140434471,5.5835408597e-12
-71.1799981761,42.7274971982,5.88942646499e-12
-71.3132935308,42.5051028863,7.59524776329e-13
-71.2549272867,42.6026982399,1.32563775806e-12
-70.5352105692,43.7789165479,1.0171015925e-11
-70.4141769938,43.9718524145,4.05756898027e-12
-70.6406085572,43.6097766205,1.05268924539e-12
-71.0728759234,42.9049602928,7.56188132159e-13
-70.7377750416,43.45291017,2.78672463969e-12
-71.046652085,42.9482330973,4.55216734151e-12
-70.4359518435,43.9372435856,0.0
-70.8731139124,43.2329115651,3.35911589976e-12
-70.9800141764,43.0578935424,3.55124447085e-12
-71.1310866326,42.8086652385,1.18005927306e-11
-71.0655535928,42.9170498485,1.31962469301e-12
-71.2136825406,42.6714620988,1.32432519064e-12
-70.4885266998,43.8534974741,7.95897364107e-12
-71.3506481536,42.4424649809,5.64639307232e-12
-71.4446056313,42.2843017658,3.58551503193e-12
-70.9118091035,43.169687021,1.05533406019e-12
-70.9561693647,43.0970282643,5.26466957231e-12
-70.441217391,43.9288678596,6.28097478758e-12
-70.5878472944,43.6945782385,6.10970059323e-12
-70.8026128581,43.3477332562,3.93400165985e-12
-71.2312286475,42.6422294106,1.090336413e-11
-71.4445748926,42.2843536531,2.66338786011e-12
-71.3915995874,42.3736370987,1.52123550733e-12
-70.752163666,43.4296043825,6.87373836186e-12
-70.8457468556,43.2775397734,5.79381707313e-12
-71.1769112933,42.7326267662,9.39584878048e-12
-70.9337650029,43.1337487065,8.39491737669e-12
-70.3901450728,44.009996923,4.26325641456e-13
-71.1618374776,42.757661974,2.06261722155e-12
-70.8579351165,43.2576729528,5.25229026736e-12
-70.8052304671,43.3434786244,7.86849650714e-12
-71.2512494738,42.6088367401,0.0
-71.3826377176,42.3887136942,8.47536207733e-12
-70.6264284591,43.6325938671,2.82338450373e-12
-70.6387712765,43.612734074,4.26325641456e-13
-71.4513450258,42.2729233162,0.0
-71.3254066964,42.4848060994,3.39415736941e-12
-71.4073058376,42.3471951848,5.85846380436e-12
-70.6055789965,43.6661080986,6.11209225087e-12
-70.6865854587,43.5356633641,7.26462448338e-12
-70.8030089258,43.3470895345,1.31134632346e-12
-71.4730596073,42.2362307785,0.0
-71.1799613497,42.7275583992,2.06344782756e-12
-71.2343271915,42.6370639381,3.97494593778e-12
-70.4626731889,43.8947118808,2.60143586434e-12
-71.0560371369,42.9327542153,4.53573312755e-12
-70.3807209079,44.0249405753,7.55733746061e-12
-71.1844882705,42.7200342024,7.50913583337e-12
-70.8555998589,43.2614805219,1.05478314797e-12
-71.126053396,42.8170045403,9.39699335e-12
-70.9661434371,43.0806652619,3.36628210089e-12
-71.3877298541,42.3801481462,1.88953218826e-12
-70.9438644545,43.1172018574,6.7291278966e-12
-71.2744191187,42.5701429131,0.0
-70.6095974831,43.6596518408,2.51647204157e-12
-70.4291423178,43.9480713985,6.08835974639e-12
-70.8965289898,43.1946706499,2.26127763038e-12
-71.0700801658,42.9095768534,1.52475249367e-11
-71.0805151744,42.8923419142,1.92192433082e-12
-70.9733868549,43.0687760034,7.54815872066e-13
-70.8240989182,43.3127905868,1.31200879247e-12
-70.8958384054,43.195799252,1.53334297988e-11
-70.6338696139,43.6206226629,2.78061676037e-12
-71.073884544,42.9032945971,5.61326652052e-12
-70.4275629059,43.9505821952,3.09875020495e-12
-70.7392454605,43.450529387,7.51606268594e-13
-70.5900727229,43.6910067128,6.16531320601e-13
-70.8221887277,43.3158989165,6.88420836263e-12
-70.737786348,43.4528918644,6.18973745173e-13
-71.2811299779,42.5589257494,1.79263985484e-12
-70.7469867339,43.4379919332,5.96594825478e-12
-70.7296804752,43.4660125323,4.82793839898e-12
-70.5679601623,43.7264736674,5.37048988486e-12
-71.3605957358,42.425761158,1.1859732576e-11
-70.5015993131,43.8326337567,9.99214787952e-12
-71.0371994833,42.9638147246,9.54092065378e-12
-70.4821759054,43.8636274391,2.0318259963e-12
-71.0192538533,42.9933723106,3.55411819033e-12
-70.4318107707,43.9438288164,2.98974021112e-12
-70.8172325975,43.3239620715,4.66491034552e-12
-70.3828601046,44.0215492375,1.27231933644e-11
-70.5994879609,43.6758912712,1.49940790452e-12
-71.1517158686,42.7744598645,5.82888359994e-12
-70.7530264294,43.4282063028,5.96678985153e-12
-71.3611605827,42.424812382,7.38078338533e-12
-71.4040623394,42.3526577109,1.15292264578e-11
-71.1007600809,42.8588742086,4.26325641456e-13
-71.3164171235,42.4998703899,4.05251647404e-12
-71.4368538371,42.2973839128,2.5471159337e-12
-71.4497048059,42.2756929958,1.52286144292e-12
-71.3179714975,42.4972662163,3.57612103673e-12
-70.5060120111,43.825587508,2.03289386669e-12
-71.2265400209,42.6500438586,9.9537615427e-12
-70.4354263228,43.9380793703,3.51176872417e-12
-71.2567369797,42.59967726,8.45267810688e-12
-70.7740975178,43.3940391646,6.19575771181e-13
-71.4295575329,42.3096919038,1.26110064776e-12
-70.4763595268,43.8729016366,2.77140052839e-12
-71.1427992247,42.7892496773,2.06174523263e-12
-71.3318698089,42.4739705939,6.78932343873e-12
-70.3828524807,44.0215613248,6.08215746875e-12
-70.7421380064,43.4458454075,7.5164574758e-13
-71.0811897208,42.8912274371,1.92195735157e-12
-70.7696626336,43.4012339417,2.04476431014e-12
-70.3718695465,44.0389683654,8.84393542606e-12
-70.561170824,43.7373539775,9.43973614246e-12
-70.5030635602,43.8302958333,1.05136070132e-12
-70.6519098507,43.5915779696,3.75208153273e-12
-70.5202163939,43.8028932935,4.8062222605e-12
-71.4405983948,42.2910652374,1.45281206865e-11
-71.2194983819,42.6617759695,3.24893821395e-12
-70.7817284787,43.3816549322,2.04531011489e-12
-71.3968635478,42.3647778003,5.65195401577e-12
-71.2616503931,42.5914735114,7.36349434644e-12
-71.3937338486,42.3700454469,4.14656242233e-12
-71.2155901205,42.6682854412,3.03266125176e-12
-71.2342992521,42.6371105192,4.88089645326e-12
-70.4827201714,43.8627594454,2.77177169973e-12
-70.8719145692,43.2348688788,2.14198346048e-11
-71.2803526183,42.5602253289,9.02110211407e-12
-70.972433052,43.0703418546,8.60485660445e-12
-70.6295776003,43.6275282245,2.50527459423e-12
-71.4817720087,42.2214956675,4.73758748036e-12
-71.4090305092,42.3442901599,1.33055627264e-12
-70.5324195431,43.7833812059,1.84674280531e-12
-71.0387369513,42.9612809611,0.0
-70.9132245139,43.1673716243,2.62962651661e-12
-71.3637192035,42.4205142593,0.0
-71.1574923061,42.7648744789,1.78973168489e-12
-70.93661922,43.1290733836,6.15700904955e-12
-71.3965358145,42.365329459,8.47787182726e-12
-71.2848855932,42.5526463217,7.23057114115e-12
-70.6748606148,43.5545825622,4.08096730619e-12
-70.9887410783,43.0435569468,6.16412666123e-12
-71.0432569896,42.9538305583,1.51155814404e-12
-70.9866790516,43.0469451205,3.27965789739e-12
-70.8019108166,43.3488742346,2.62262368468e-12
-70.7959977568,43.3584824345,1.31112619039e-12
-70.5956657731,43.6820285146,1.30485717255e-12
-70.8862077199,43.2115336065,4.53419103638e-12
-71.2301030205,42.6441056697,5.45154279209e-12
-71.467013576,42.2464518661,4.49980535546e-12
-70.558677789,43.7413481153,2.03525646104e-12
-71.0795329976,42.8939645751,9.72911856955e-12
-71.3849314414,42.3848557102,6.52475767868e-12
-70.5077137988,43.822869582,7.48460298021e-13
-70.6912133511,43.5281921917,7.50951333899e-13
-71.3129671826,42.5056495141,8.66442521144e-12
-70.4973848277,43.839361781,9.6077296596e-12
-70.5230699769,43.79833185,7.7814413979e-12
-70.4353798126,43.9381533385,6.08919626627e-12
-70.6980182844,43.5172027382,4.65203436921e-12
-71.2630259717,42.5891763317,3.97768704329e-12
-70.7368824266,43.4543553188,6.18958766632e-13
-71.2138313426,42.6712143143,1.42436161886e-12
-71.1716207383,42.7414160717,8.25226208881e-12
-70.9390721615,43.1250547367,7.46772486765e-12
-70.4351140074,43.9385760623,1.89063572718e-12
-70.928651843,43.1421222988,7.30602282599e-12
-71.4192046965,42.3271468194,1.79590499974e-12
-70.3981387466,43.9973150334,5.74321126616e-12
-71.1463932839,42.7832892377,1.51441074904e-12
-70.9296556306,43.1404786403,1.05550927488e-12
-70.7648181707,43.4090910299,0.0
-70.6584015836,43.5811187316,0.0
-71.2682072421,42.5805220745,1.32606072463e-12
-71.116786328,42.8323521749,5.43754756832e-12
-71.4808053363,42.2231309543,3.58820756629e-12
-70.4693150093,43.8841298275,1.21875011382e-11
-70.5611684384,43.7373577998,5.09168681331e-12
-70.7799746838,43.3845016476,7.62204815494e-12
-70.4560249835,43.9052999458,6.09196632544e-12
-70.9629900355,43.0858396287,9.21467840817e-12
-70.575664795,43.7141212538,3.33634962704e-12
-71.0242350007,42.9851711855,1.0852308978e-11
-71.3909334181,42.3747580725,6.2194558914e-12
-70.6901830099,43.5298557298,1.30780986538e-12
-71.1243164754,42.8198817767,4.86927810239e-12
-70.6633249965,43.5731836362,1.15011213676e-11
-70.4720561287,43.8797613387,1.49595656409e-12
-71.1698912135,42.7442887711,0.0
-71.1946467305,42.703142506,3.56701034216e-12
-70.4182939252,43.9653124017,1.27333063982e-11
-70.9838246228,43.0516346317,1.24613073637e-12
-70.951302549,43.1050090395,7.8960830481e-12
-70.6583026119,43.5812782213,9.29870703021e-12
-71.1010520521,42.8583912462,2.80825241642e-12
-71.2661460247,42.5839652352,7.58868164919e-13
-71.1954054192,42.7018805364,1.51577010337e-12
-70.778844147,43.38633655,5.72166856772e-12
-71.1651728388,42.7521243883,7.57465658327e-13
-70.6276495566,43.6306297471,4.07671411655e-12
-71.2226785402,42.6564780949,4.87966689279e-12
-70.3940292734,44.0038354235,5.53320771258e-12
-71.2663114321,42.5836889459,2.54071531922e-12
-71.1605095718,42.7598663472,2.54011758195e-12
-71.2699901994,42.5775433957,3.2941122265e-12
-71.2355175666,42.6350792552,2.06599694988e-12
-70.4985641724,43.8374792385,2.03256010426e-12
-70.708435578,43.5003710319,1.50237205531e-12
-71.2674858319,42.5817272018,0.0
-70.5578105724,43.742737361,7.49138625896e-13
-71.1285070451,42.812939529,3.56213975253e-12
-71.0915732085,42.8740663693,2.64089763545e-12
-70.6372923995,43.615114375,1.30615646079e-12
-70.4487221613,43.9169257703,3.51272333249e-12
-71.0784834491,42.8956984372,2.80690724669e-12
-71.0721119005,42.9062219791,6.36396518055e-12
-70.965450858,43.0818017865,1.08378716265e-11
-71.0417821426,42.9562617749,4.11425490351e-12
-71.1695445696,42.7448645031,6.26172904076e-13
-71.0198138208,42.992450482,3.7772780926e-12
-71.1395802604,42.7945869809,2.81055118297e-12
-71.1305103005,42.809620258,1.25103685909e-12
-70.7975249701,43.3560011693,8.18410005371e-12
-70.7912297025,43.3662276573,8.01464504974e-12
-71.2801984491,42.5604830599,8.52651282912e-13
-70.439627737,43.9313967425,4.62430057963e-12
-71.1752958277,42.7353108626,1.32310504663e-12
-70.995069511,43.0331559458,6.35373265838e-12
-71.3413286895,42.4581051932,1.88718450862e-12
-70.7900366055,43.3681653817,2.04568606658e-12
-71.2866305214,42.5497283106,7.14760429819e-12
-71.2284647121,42.6468362726,2.27503254223e-12
-70.8334585213,43.2975552381,6.14295800307e-12
-70.5376559408,43.7750042095,1.14689362393e-11
-70.9941127988,43.0347285853,1.04588568032e-11
-70.3776262259,44.0298459155,1.29808046524e-12
-71.0475598762,42.9467362406,0.0
-70.3714564089,44.0396229335,3.09419209728e-12
-71.2911423719,42.5421818342,7.59216145448e-13
-70.9529868513,43.102247321,1.31606697972e-12
-70.5234855415,43.7976675072,1.30260840076e-12
-70.5271743592,43.7917696585,5.93543223776e-12
-70.7132870545,43.4925287383,0.0
-70.9246462361,43.148680335,2.26243627147e-12
-70.5645484453,43.7319416885,2.03552008674e-12
-71.1354066393,42.8015056737,6.02040631727e-12
-70.5259306503,43.7937583004,1.77510994121e-12
-70.7651348033,43.4085775618,2.04455954882e-12
-70.6325780106,43.6227009501,7.50153442178e-13
-71.4400213297,42.2920390847,2.0754191394e-12
-71.381346546,42.3908851819,1.24362575384e-11
-70.5732440171,43.7180029599,1.05803032664e-11
-71.3423312784,42.4564230299,7.5359418728e-12
-70.7311314606,43.4636643392,2.51189682098e-12
-71.0574132361,42.9304838769,0.0
-70.4936486224,43.8453248749,6.50840194439e-12
-71.0660024421,42.9163089248,4.6919398517e-12
-71.2921709416,42.5404611776,0.0
-71.0989341969,42.861894295,6.17921451811e-12
-71.2851328344,42.5522328831,5.31392719781e-12
-70.695044054,43.5220064393,4.65171377605e-12
-71.4129222055,42.3377339286,5.65388824176e-12
-70.6431969988,43.6056094854,2.61268180601e-12
-70.595617474,43.682106059,5.37383986729e-12
-70.6209707181,43.641370842,4.27205793816e-12
-71.2040782502,42.6874505161,1.25693918361e-11
-70.8450476092,43.2786791086,1.054679884e-12
-71.2035737771,42.6882900701,1.92795911325e-12
-71.3961092154,42.366047518,8.4777947743e-12
-70.4331746616,43.9416601034,2.49252547335e-12
-70.4189806629,43.9642213193,1.05055282211e-12
-70.5032080396,43.830065136,9.4275263656e-12
-71.4676294173,42.2454109252,3.26912162079e-12
-70.9129715362,43.1677854718,3.01594005243e-12
-70.7024715067,43.5100087275,2.78464689215e-12
-70.9825632966,43.0537065994,0.0
-70.6867453406,43.5354052881,1.23625717068e-12
-70.6635283727,43.5728558037,1.11806462828e-11
-70.65935364,43.5795844765,4.27535608156e-12
-71.4082626036,42.3455836511,3.58281503067e-12
-71.4404845072,42.2912574352,2.07544054824e-12
-71.0900853548,42.8765260305,0.0
-71.0485065484,42.9451751877,1.78718045132e-12
-71.354524916,42.4359563476,6.79286081253e-12
-70.8877761187,43.2089718089,2.26091719398e-12
-70.8117964901,43.3328033898,1.00632132033e-11
-71.3266469979,42.4827270354,3.5767633545e-12
-71.3800734646,42.3930260839,3.39842646053e-12
-70.5831605524,43.7020983179,8.70903002552e-12
-70.933565755,43.1340750532,7.09569570117e-12
-70.7833453971,43.3790301298,2.52282289668e-12
-70.7029423893,43.5092479239,1.90354491932e-12
-71.0509577666,42.941132748,7.32706190848e-12
-70.7726922353,43.3963191788,2.7887821695e-12
-71.0930992419,42.8715433666,7.67342779197e-12
-70.8859112485,43.2120178316,6.21433594402e-13
-70.9345494756,43.1324637871,1.05555734713e-12
-70.5450341084,43.7631964864,3.90983756518e-12
-70.8921003767,43.2019074053,7.64038383408e-12
-70.976873288,43.0630516012,1.91685858072e-12
-70.4312438149,43.9447302774,2.76877026333e-12
-70.7482990446,43.4358659991,3.00691940431e-12
-71.243877354,42.6211372615,7.58558418552e-13
-70.5839825728,43.7007795015,8.7091922219e-12
-70.4238975512,43.9564081192,3.73664170462e-12
-70.4552441307,43.9065432745,7.38706356983e-12
-70.6629561829,43.5737781354,1.00290222276e-11
-71.2611218779,42.5923560682,0.0
-70.4921116392,43.8477775631,5.79103257161e-12
-70.9270648491,43.1447207332,1.50835732867e-12
-70.9846737882,43.0502396292,1.7856915817e-12
-71.2208497973,42.6595247472,3.56894296696e-12
-71.2579516737,42.5976493506,7.58754156808e-13
-70.6382975923,43.6134965069,7.50231193846e-13
-71.0842302985,42.8862032819,1.32021617736e-12
-71.4838454255,42.2179878247,1.37919236811e-11
-70.9286820001,43.1420729192,5.26120181158e-12
-70.9470717034,43.1119450652,6.22452328697e-13
-71.1969219527,42.6993578319,6.26632353159e-13
-71.4655172581,42.2489808968,4.7357919815e-12
-71.3105396577,42.5097152464,1.28300824813e-11
-70.8086778828,43.3378742303,9.11977679562e-12
-70.8891532987,43.2067221492,6.02926372636e-12
-70.807842355,43.3392326357,1.05431619782e-12
-71.0277484143,42.9793851352,7.48264997427e-12
-70.5337489981,43.7812546383,7.23865431987e-12
-71.0464894002,42.9485013397,1.31902128833e-12
-70.9752981536,43.0656379729,1.31677114721e-12
-70.5963261371,43.6809682747,5.55683066091e-12
-70.6253250628,43.634368544,0.0
-71.2698912313,42.577708744,4.26325641456e-13
-70.9284388597,43.142471037,1.9144965587e-12
-71.2078205076,42.6812217968,4.70744447673e-12
-71.1701953543,42.7437836218,8.67017117609e-12
-71.2740650126,42.5707346762,7.58978373602e-13
-71.4595881159,42.2589999594,0.0
-70.9361833036,43.1297874833,0.0
-70.4363760615,43.9365688931,6.08932989167e-12
-70.7576452931,43.4207203745,0.0
-71.4187076627,42.3279845522,2.28299047511e-12
-70.7192127788,43.4829468984,3.34730846846e-12
-70.4730074661,43.8782450381,1.49598226688e-12
-71.3621733351,42.4231111781,5.31623339396e-12
-70.7050698124,43.5058103893,2.04184621076e-12
-70.7387931563,43.4512617434,1.42089096146e-12
-71.1514451549,42.774909005,3.96704296618e-12
-70.6320191717,43.6236001149,1.90011596897e-12
-71.458838576,42.2602662825,6.41572957332e-12
-70.7529889621,43.4282670189,5.39296119269e-12
-71.1102988385,42.8430914231,4.54023362575e-12
-70.5381213799,43.7742594918,2.77500817834e-12
-71.1606751393,42.7595915084,5.62362209898e-12
-71.1728190335,42.7394255602,5.07533563876e-12
-71.0410133532,42.9575290044,6.17127709938e-12
-70.5412070098,43.7693218642,5.55037725174e-12
-71.0131300823,43.0034513845,2.80301770205e-12
-70.3931170379,44.0052826279,1.22658278252e-12
-70.4903905318,43.8505238085,2.99290416357e-12
-71.246219501,42.6172299246,4.32634731573e-12
-71.2266835802,42.6498046229,3.56937347303e-12
-70.9270240638,43.144787509,3.36326604126e-12
-71.0140747531,43.0018967948,2.26612943111e-12
-71.2598168423,42.594535203,1.42992156876e-11
-70.6832888722,43.5409840581,1.30759418849e-12
-71.0565985686,42.9318279671,1.51192654913e-12
-70.8732493234,43.2326905673,2.79472153426e-12
-70.8169760174,43.3243794389,1.90907381006e-12
-71.2869610026,42.5491756191,0.0
-71.1345188664,42.8029771323,3.78520443465e-12
-70.8708435786,43.2366166054,2.04934815409e-12
-70.828771394,43.3051858901,1.24096689092e-12
-70.5572505303,43.7436344879,2.77612717017e-12
-70.4492345661,43.9161102045,2.03035166747e-12
-70.592436532,43.6872125898,6.74647416487e-12
-70.8305605521,43.3022733867,1.86153951806e-12
-71.386266655,42.3826096753,8.52651282912e-13
-71.2900219069,42.5440561002,1.0174193683e-11
-71.063651949,42.9201887087,2.80602379037e-12
-70.9972662103,43.0295446849,1.02754866573e-11
-70.7665233676,43.406325679,2.51420945915e-12
-71.3581866532,42.4298073504,7.1582000894e-12
-70.3681115725,44.044921847,3.50694283419e-12
-71.280704911,42.559636378,2.65291785882e-12
-70.474561434,43.8757680445,0.0
-71.3208230998,42.4924880661,2.27888922217e-12
-71.2339964648,42.6376153259,7.5842105924e-13
-71.3074705458,42.5148547059,4.13861028108e-12
-70.8364117866,43.2927462315,5.7927531877e-12
-70.8724879927,43.2339330759,2.04942278023e-12
-71.3645541959,42.4191114494,1.79461045887e-12
-71.3820513754,42.3896998229,6.64846777008e-12
-70.9297343968,43.14034966,5.85338571042e-12
-71.0257729931,42.982638497,2.53122399227e-12
-70.5845267259,43.6999064489,4.07283525093e-12
-70.4531159767,43.9099315792,2.77004488659e-12
-71.0998268316,42.8604178816,1.23586739223e-11
-70.7936895584,43.3622321423,1.05417801748e-12
-71.161367404,42.7584423335,4.56507379089e-12
-70.6157779902,43.6497190026,3.52475697692e-12
-70.7561356872,43.423167262,1.30987555767e-12
-71.3212956189,42.4916962347,0.0
-70.8070452296,43.3405285439,2.79080889248e-12
-71.2842175268,42.5537634373,6.95390843429e-12
-70.7818589838,43.3814430878,3.00875326937e-12
-71.3870921716,42.3812209408,1.52110951656e-12
-70.6271570412,43.631421969,0.0
-71.0198243914,42.9924330803,3.83791208125e-12
-70.4509923055,43.9133123219,5.53984216683e-12
-70.7509870531,43.4315109299,5.03286183193e-12
-71.0917467389,42.8737794816,2.53557444123e-12
-71.2308211599,42.6429086486,2.64974081913e-12
-70.4327741662,43.9422969463,1.1075437654e-11
-71.2883480211,42.5468558743,6.39282735636e-12
-71.138709768,42.7960301538,5.62099842569e-12
-70.3869943269,44.0149939053,0.0
-71.2687515097,42.5796128329,3.79452211028e-12
-70.9138494642,43.1663492389,1.11885016121e-11
-71.3362811913,42.4665724736,1.93449108484e-12
-71.1458533768,42.7841847082,0.0
-71.36812746,42.4131074883,1.32924857418e-12
-71.0678978581,42.9131799109,7.56119350285e-13
-70.694752588,43.5224771429,3.9238585409e-12
-70.9889291644,43.0432478766,2.63440319428e-12
-70.6732054497,43.5572522794,3.75353048966e-12
-70.5007236419,43.8340318204,3.33064943808e-12
-70.4280123897,43.9498676731,1.29964213487e-12
-70.4625280283,43.8949431109,5.54118738522e-12
-71.0992736582,42.8613328369,3.37657476826e-12
-71.1893700365,42.7119179648,6.2650558175e-13
-70.5627240611,43.7348652099,4.31256200627e-12
-70.5286356747,43.7894328853,2.51352846681e-12
-70.6948429689,43.522331183,3.92386702556e-12
-70.5103159386,43.8187131742,2.24548649862e-12
-71.0266324343,42.9812231122,6.35792149648e-12
-70.8748748087,43.2300375524,5.40784015119e-12
-71.1720109956,42.7407678232,7.57560478783e-13
-71.0999757653,42.8601715383,1.3290690831e-11
-70.4745670137,43.8757591501,2.24403660609e-12
-71.4106007341,42.3416450272,2.66121301047e-12
-70.5055767,43.8262826997,2.77310617633e-12
-70.9869035582,43.0465762474,6.23116753943e-13
-71.3721624811,42.4063261415,5.09562485515e-12
-71.0474109086,42.9469818789,4.30895620502e-12
-70.995633839,43.0322282644,6.16506883394e-12
-70.5625713499,43.7351099107,5.94033130736e-12
-71.2078845154,42.6811152484,4.87810224413e-12
-71.4440004031,42.285323381,3.04540334486e-12
-70.8604649772,43.2535474964,1.91118741434e-12
-70.4360052856,43.9371585902,6.6514770068e-12
-71.069762689,42.9101010462,1.01228682373e-11
-71.1276283833,42.8143952938,1.27757596328e-11
-70.4092375513,43.9796969388,7.79435952477e-12
-71.2218181459,42.657911537,5.78656694072e-12
-70.4290592874,43.9482033979,0.0
-70.9589629977,43.0924461306,9.35480775456e-12
-70.8246517545,43.3118909265,3.93607849164e-12
-70.5852888309,43.6986836617,2.60906710467e-12
-71.0279378496,42.9790731303,2.8038982445e-12
-70.7150730847,43.4896410977,3.34699169616e-12
-70.8653024547,43.2456572809,2.04909671921e-12
-71.0473065608,42.9471539404,6.00799535123e-12
-70.4566064784,43.9043740114,2.24330892875e-12
-70.7232814348,43.4763659774,0.0
-71.0037929983,43.0188122169,7.10597090004e-12
-71.347622332,42.4475439501,2.5166703541e-12
-71.4469013609,42.2804262805,9.62927123926e-12
-71.3978396674,42.363134679,2.82603577922e-12
-71.4349645514,42.3005714192,9.31970352591e-12
-71.2473713685,42.6153080989,5.0829074778e-12
-70.8070518573,43.3405177692,9.18031298584e-12
-71.3227044854,42.489335173,5.31119290031e-12
-70.6838826795,43.5400257291,3.26438802214e-12
-70.913057902,43.1676441863,5.98914946975e-12
-71.1518471327,42.7742420819,9.40263365718e-12
-70.8096966926,43.3362177532,3.934669045e-12
-71.2789622077,42.5625496505,7.59046543531e-13
-70.7410705165,43.4475741166,0.0
-70.9692757795,43.075524497,2.63316205317e-12
-70.6622302921,43.5749481777,0.0
-71.1890069352,42.7125217237,1.32354069911e-12
-71.1616921442,42.7579032413,1.51483480541e-12
-71.0442182991,42.9522457705,1.30887158579e-11
-71.3460482989,42.450185673,3.25921399808e-12
-70.9100565182,43.1725537165,5.59380137429e-12
-71.168180269,42.7471303207,4.31950659304e-12
-70.4263893299,43.9524476813,0.0
-71.1071951045,42.8482278227,6.92707780565e-12
-70.6524955339,43.5906345034,1.30663143339e-12
-70.6294187031,43.6277838457,0.0
-70.4725422873,43.8789864796,1.89243324683e-12
-70.6801533745,43.5460437929,4.75983790435e-12
-71.1318695631,42.80736782,4.56175079456e-12
-70.8217389062,43.3166308308,3.35516771151e-12
-70.6242616805,43.6360787541,1.00201612177e-11
-70.4584565245,43.9014279076,7.47794620172e-13
-71.3159091006,42.5007214718,1.35736656215e-11
-70.5686308264,43.7253986521,3.33581399235e-12
-71.4656468732,42.2487618341,3.40512347262e-12
-71.1640101203,42.7540549337,1.92601656342e-12
-70.7624685722,43.4129009632,6.13331696686e-12
-71.4645375346,42.2506366746,2.56031020855e-12
-70.6433853268,43.6053062711,0.0
-71.3683062325,42.4128070734,2.5180654518e-12
-70.989317156,43.0426103036,3.27979175138e-12
-70.4034688044,43.9888556138,2.02830618663e-12
-71.1450023213,42.7855961801,7.57186102876e-13
-70.6046987578,43.6675221198,9.82610067304e-12
-70.5969452425,43.6799742395,6.30128809385e-12
-70.8075772516,43.3396636282,1.02324007283e-11
-70.7042621591,43.5071154632,0.0
-71.2001162608,42.6940434651,3.56741361047e-12
-70.5933122593,43.6858068352,2.03681251788e-12
-70.9280897537,43.1430426528,0.0
-71.12491603,42.8188886383,7.56907917681e-13
-70.3735872361,44.0362467155,8.84426519555e-12
-70.5937931693,43.6850348272,4.81383220942e-12
-70.9280301193,43.1431402953,8.4826235244e-12
-70.6029798185,43.670283223,1.89871416256e-12
-70.8664242749,43.243827203,1.02457380967e-11
-71.3306580922,42.4760023698,4.89110979662e-12
-70.9597411305,43.0911696979,1.51177431823e-11
-70.4756151008,43.8740883911,5.00548022435e-12
-70.7045508652,43.5066489548,1.57747759081e-11
-70.5144615519,43.8120900494,5.75628208657e-12
-70.6127790706,43.65453909,6.8529726657e-12
-71.0516114608,42.9400546059,7.66658898898e-12
-71.4447038228,42.2841360167,5.10304207727e-12
-70.8975355914,43.1930255076,1.31431901123e-12
-70.4402044294,43.9304793454,1.30002040875e-12
-70.9832664483,43.0525515583,3.77475958766e-12
-70.9688158727,43.0762793503,5.60077039549e-12
-70.4079747098,43.9817021396,4.05701486062e-12
-70.4184921255,43.9649975075,7.5634202623e-12
-70.5534898664,43.7496578957,1.14729838405e-11
-70.7397117767,43.4497743224,1.50322526566e-12
-70.954845729,43.0991990356,4.10633107665e-12
-71.1107635864,42.8423222263,5.06904783139e-12
-70.6111297793,43.6571895899,1.18613771649e-11
-71.1696887573,42.7446250268,1.92629524426e-12
-71.267919337,42.5810030307,1.51778568286e-12
-70.3988339908,43.9962117514,9.78445124845e-12
-71.0568612895,42.9313945205,3.8415336532e-12
-70.7622074739,43.413324308,5.57632816359e-12
-70.855140045,43.2622301732,1.91092846843e-12
-70.5280893557,43.7903065216,3.33272925496e-12
-70.6218240782,43.6399986806,3.91702033171e-12
-71.3644716548,42.4192501237,1.32913177251e-12
-71.103009772,42.8551526803,1.10458437861e-11
-70.6116608392,43.6563361762,2.10481784041e-12
-70.5806834567,43.7060720832,6.52194981051e-12
-71.3504272506,42.4428358066,5.31473270578e-12
-70.6570177925,43.5833485809,2.78197555123e-12
-71.019831897,42.9924207243,4.68690704068e-12
-70.9920063045,43.0381909184,8.63378551425e-12
-71.3475131659,42.4477271732,7.60002033784e-13
-71.1854570448,42.7184237412,4.56778970771e-12
-71.1468647927,42.782507187,9.56445693807e-12
-70.8984861643,43.1914718461,2.62869790025e-12
-71.284093299,42.5539711616,2.27735394633e-12
-70.4788413528,43.8689447629,7.22935648145e-12
-71.0550896601,42.9343172896,0.0
-70.4875846551,43.8550003422,4.26325641456e-13
-70.8512904176,43.2685055609,1.5062773393e-12
-70.7225965532,43.4774738623,1.30882453683e-12
-71.1278472631,42.8140326614,0.0
-70.4813074849,43.8650123353,6.14739749749e-13
-71.2367437169,42.6330347792,8.26421304517e-12
-71.2849726638,42.5525007223,1.93196270336e-12
-70.8750032066,43.2298279785,4.09907386519e-12
-71.4270227523,42.3139665368,3.04445269222e-12
-71.3839429322,42.3865184209,1.93684304882e-12
-70.911315241,43.1704948597,0.0
-70.8493100129,43.2717333196,5.58661139375e-12
-70.9891188431,43.0429361862,6.73611051283e-12
-70.8760725841,43.2280824556,4.8432092454e-12
-70.6420204949,43.6075036194,6.85732079958e-12
-70.6144526166,43.6518493473,6.67861118505e-12
-71.0275377921,42.9797320313,7.55562158079e-13
-71.4154659688,42.3334477095,4.26325641456e-13
-70.8588065314,43.2562520017,7.53241696044e-13
-70.389343522,44.0112682452,6.81989491564e-12
-71.0203752967,42.9915261396,6.23675668098e-13
-70.386942442,44.0150761853,7.46830428489e-13
-70.8047669464,43.3442320736,1.5050031983e-12
-70.9537246568,43.1010374688,1.78497114461e-12
-71.2157758166,42.6679761859,2.81510603306e-12
-71.0258716484,42.9824760284,4.53323504276e-12
-71.4235468444,42.3198272407,1.33102074882e-12
-71.2782200813,42.5637901703,5.45750067554e-12
-70.8215003111,43.3170190464,3.21687109975e-12
-70.6304226014,43.626168813,6.30566977533e-12
-71.1746944954,42.7363099111,0.0
-71.4808610665,42.22303668,6.98389217614e-12
-71.2361813814,42.6339724326,2.65008197692e-12
-71.2295512625,42.6450253257,2.06572297662e-12
-70.5091683985,43.8205462232,1.30216298362e-12
-70.5292382497,43.7884692557,9.43300657822e-12
-71.0661093314,42.916132478,6.0106412877e-12
-70.7923946513,43.364335517,1.90788036352e-12
-70.9241094625,43.1495590306,1.31515630939e-12
-71.471649485,42.2386149791,9.05908953481e-12
-70.971986097,43.0710755871,1.42258437658e-12
-70.3980529767,43.9974511384,3.18318319758e-12
-70.3791318611,44.0274594649,5.97380228266e-12
-71.0304115696,42.9749985294,7.18572776701e-12
-70.9307044528,43.1387611357,5.41467545225e-12
-70.6298270942,43.6271268535,3.00046420976e-12
-70.9999733511,43.0250936401,2.05522070411e-11
-70.9546537206,43.0995139165,1.31611957085e-12
-71.0821622712,42.8896205234,5.43328137577e-12
-70.9160104913,43.1628136225,1.05537529586e-12
-70.5564186608,43.7449669982,7.25704651779e-12
-70.9254569596,43.1473531323,2.79781327883e-12
-71.2618962224,42.5910629967,1.03360444283e-11
-71.4752360371,42.2325505347,3.99802872879e-12
-70.4838341566,43.8609827783,2.60275066192e-12
-71.4646330341,42.2504752802,2.07655715981e-12
-70.4843616486,43.8601414537,9.10974206942e-12
-70.7995636014,43.3526886537,1.31123814279e-12
-71.0347052941,42.9679246855,1.51132209817e-12
-70.8547255934,43.262905851,6.20914830349e-13
-70.6938787779,43.523888255,3.1204928894e-12
-71.128065331,42.8136713693,7.12421452183e-12
-70.6821479696,43.5428252347,0.0
-71.0391532772,42.9605948121,4.11401496337e-12
-71.2675975195,42.5815406292,9.15412993781e-12
-71.033640064,42.9696798028,6.23897310604e-13
-70.5769793933,43.7120130688,6.1631533955e-13
-71.4138392383,42.3361888105,4.5655723191e-12
-71.392261024,42.3725240453,8.29285293982e-12
-71.198502773,42.6967279481,3.03171217886e-12
-70.8428400478,43.2822757473,9.67947179423e-12
-70.5613311314,43.7370971259,6.16057324277e-13
-70.4027245804,43.9900369437,2.50897066435e-12
-70.4855563608,43.8582358478,1.30142885418e-12
-70.368843811,44.0437619192,0.0
-71.4258950565,42.3158680682,1.52219478381e-12
-70.7528952265,43.4284189173,6.19224167347e-13
-70.6889776305,43.5318017472,7.50920878169e-13
-70.5546183193,43.7478506076,1.77576552823e-12
-71.0217060463,42.9893352407,8.41058285169e-12
-70.9796613662,43.0584729853,1.34693008193e-11
-70.5297170264,43.787703578,5.21120933003e-12
-71.2418538349,42.624512606,6.06824227692e-12
-71.282679769,42.5563346511,1.71194869347e-11
-70.6384506933,43.6132500807,1.263202223e-11
-70.7302470688,43.465095613,6.76335133328e-12
-70.984606587,43.0503500294,3.14442704429e-12
-71.3306293447,42.476050571,1.05948372755e-12
-70.6339110217,43.6205560321,0.0
-70.7044830633,43.5067585139,2.04181973262e-12
-71.3283885601,42.479807473,3.39439004711e-12
-70.9495951534,43.1078083433,5.85623584755e-12
-70.8006416324,43.3509368297,1.90828066229e-12
-70.7036918683,43.5080369494,6.12535208799e-12
-70.9967726193,43.030356164,4.7844746417e-12
-70.8316246867,43.3005409759,3.76434620356e-12
-71.0194721339,42.9930129768,8.79574914921e-12
-71.2785337683,42.5632658258,7.59040579094e-13
-70.3877408202,44.0138100749,7.46841177776e-13
-70.4135348806,43.9728723096,0.0
-70.3674109844,44.0460315909,4.26325641456e-13
-71.4681729669,42.2444921457,8.49082601862e-12
-71.2610082405,42.5925458254,9.01727358874e-12
-71.2109525002,42.6760077625,1.18211226861e-11
-70.5325421026,43.7831851694,3.33306785037e-12
-70.6434626095,43.6051818424,6.3073779322e-12
-70.6751806268,43.5540663651,2.04049807958e-12
-71.3371820809,42.4650613978,6.96196592636e-12
-70.3944921376,44.0031010885,0.0
-70.8598353022,43.2545743681,9.33904780633e-12
-70.7572832422,43.4213072348,3.21173333314e-12
-70.5515253262,43.7528039423,0.0
-71.2669362704,42.5826452188,0.0
-70.6391450045,43.6121325136,6.17341541448e-13
-70.3781724064,44.0289802371,7.46712371729e-13
-71.0035359511,43.0192349764,1.51046238186e-12
-70.6404156101,43.6100872207,7.50259990377e-13
-70.3899391346,44.0103235629,1.49374155481e-12
-71.155443823,42.7682740932,1.06923662645e-11
-70.6919438624,43.5270126828,5.38553191621e-12
-70.4772080114,43.8715489292,2.6023388597e-12
-70.5834338308,43.7016598882,0.0
-71.407984918,42.3460513817,1.03696955572e-11
-71.3471743262,42.4482958699,5.09307403318e-12
-71.1597957014,42.7610513274,4.87302148267e-12
-70.436193651,43.9368590078,1.49498834254e-12
-70.8443314552,43.279845944,5.27130314332e-12
-71.2587578544,42.5963033664,1.88301408146e-12
-70.7505514575,43.4322167221,1.30970048535e-12
-71.0548332155,42.9347403372,4.55308631492e-12
-71.3774351834,42.3974622888,1.93652172488e-12
-70.9321422123,43.1364065516,5.4148516444e-12
-70.9688763737,43.0761800501,0.0
-71.2289638684,42.6460043463,1.42447352994e-12
-70.8430024733,43.2820111339,4.52936540155e-12
-70.385530185,44.0173156708,2.02750532452e-12
-71.0156769231,42.9992599989,4.68645448982e-12
-70.969729044,43.0747805257,1.28922730345e-11
-71.0362915294,42.9653109342,5.60879037909e-12
-71.357095379,42.4316400189,2.07159114361e-12
-71.1867497269,42.7162746819,1.927132792e-12
-70.4642102111,43.8922633961,5.20306266675e-12
-70.5542112027,43.7485026443,2.77594932864e-12
-71.2236272804,42.6548973815,6.19635299539e-12
-70.49748127,43.8392078388,3.78726427776e-12
-71.1036454949,42.8541009528,2.80840706006e-12
-71.2487145402,42.6130669282,7.89727304779e-12
-71.1282949052,42.8132910089,5.61975508347e-12
-71.4428088371,42.2873346186,5.65749067085e-12
-70.4535023236,43.9093164953,6.65413027174e-12
-70.4030006777,43.989598692,3.32323824702e-12
-71.1935623434,42.7049461299,7.57859471023e-13
-71.0207376272,42.9909296287,5.42572462759e-12
-71.1965879961,42.6999133774,3.38412602625e-12
-70.376688772,44.0313316844,2.24007721195e-12
-70.7826514581,43.3801566569,7.52199150448e-13
-70.7237845299,43.4755521272,2.78590093794e-12
-71.2376136756,42.6315841255,9.42142081548e-12
-71.2791885971,42.5621712129,3.79524847602e-12
-71.4833869106,42.2187635851,1.26292077979e-12
-70.3901726703,44.0099531502,2.59693816948e-12
-71.0851531911,42.8846781447,0.0
-70.7927376273,43.3637784216,5.39780681604e-12
-70.8161600555,43.3257066854,5.97559707049e-12
-71.3711178282,42.4080819633,7.91709895137e-12
-71.1748605789,42.7360339849,2.81265875463e-12
-70.7532173657,43.4278968872,7.61768301743e-12
-70.749249253,43.4343265654,1.47059304798e-11
-70.933679612,43.1338885681,1.04453443654e-11
-70.6255053876,43.6340785217,1.30578837518e-12
-71.0581642286,42.9292447844,6.74678361023e-12
-70.6919863546,43.5269440719,1.2075669538e-11
-71.0523523385,42.9388326213,7.55904638578e-13
-71.0356816261,42.9663159436,5.60871780557e-12
-70.4776527221,43.8708399163,2.81856674008e-12
-70.5645774843,43.7318951518,1.23222168325e-12
-71.1402135665,42.7935369882,4.26325641456e-13
-71.2845454958,42.5532150254,4.32971350681e-12
-70.7045043923,43.506724049,6.31538454433e-12
-71.2257995092,42.6512778582,3.38639725274e-12
-71.1504746245,42.776519151,6.25853076237e-13
-71.0949194891,42.8685336407,4.86617976591e-12
-70.6791818696,43.5476113147,7.50787467614e-13
-71.0704039749,42.9090421949,1.3197782701e-12
-71.1265835644,42.8161262491,5.28623499222e-12
-70.9357170112,43.1305513233,2.5252989213e-12
-70.6466416297,43.6000629813,5.77120359861e-12
-70.8870019826,43.2102363001,1.24290349372e-12
-70.9287549685,43.1419534397,5.99134887689e-12
-71.1210128627,42.8253534497,1.17980070222e-11
-70.7819982698,43.3812169879,5.97082921493e-12
-70.7542101676,43.4262879781,3.34998823379e-12
-70.8673292642,43.242350763,3.94010433366e-12
-71.3475050256,42.4477408358,6.4007595433e-12
-71.1160844393,42.8335142645,1.32122577013e-12
-70.6185074517,43.6453312656,3.91670972967e-12
-70.6331102249,43.6218445963,7.5016067635e-13
-71.0952429851,42.8679987157,1.92264544262e-12
-70.4130132972,43.9737007335,6.08619750748e-12
-70.4753223564,43.8745550664,7.48022406736e-13
-71.1700667501,42.7439972224,1.51506703352e-12
-70.6022580573,43.6714424922,1.23346479903e-12
-70.8787958452,43.2236368346,3.01406335407e-12
-70.5753144632,43.7146830436,1.05205749055e-12
-70.5900572062,43.6910316168,3.1984024216e-12
-70.9411521717,43.121646606,0.0
-71.0651242858,42.917758495,0.0
-71.4598927282,42.2584853109,1.52314686822e-12
-71.084806837,42.885250526,3.55892761464e-12
-70.6599636195,43.5786014386,1.24863799339e-11
-71.1403608623,42.7932927729,1.44314351274e-11
-70.8725539287,43.2338254691,1.00772184871e-11
-70.8824561332,43.2176604259,6.14962571435e-12
-71.0374451546,42.963409871,1.27187150646e-11
-70.7173712534,43.4859249869,0.0
-70.4501333874,43.9146795416,0.0
-71.3176206994,42.4978539588,0.0
-71.3020810708,42.5238775383,7.52909365609e-12
-71.3892910225,42.3775215698,1.25974081789e-12
-71.2395919604,42.6282850641,6.62574769011e-12
-71.423065915,42.3206380379,1.22787514955e-11
