-71.44562741,42.2825769373,5.6578305898e-12
-70.625304634,43.6344014002,6.85483464806e-12
-70.6573439204,43.5828230727,2.50708318683e-12
-71.639984538,41.9525944274,1.40165809943e-11
-70.3087581363,44.138775856,1.88458317116e-12
-71.5470745293,42.1108097189,6.24112643467e-12
-69.8783996829,44.8095221485,3.84825242577e-12
-71.848136492,41.594979464,4.94649168611e-12
-71.5984467385,42.0234356068,2.83815310182e-12
-70.1586011525,44.3747490987,9.53821919351e-12
-71.2008741171,42.6927824732,9.7547221447e-12
-71.7055604462,41.8404040103,1.27046028011e-12
-71.9113130992,41.4855703457,9.14725165656e-12
-70.5176684397,43.8069655398,7.03536188994e-12
-71.8209296386,41.641971224,4.54113879319e-12
-71.501418302,42.1882405146,4.00054727396e-12
-69.8984705166,44.7786184443,2.56672407477e-12
-70.2410281052,44.2454738156,5.3311312439e-12
-71.4680374518,42.2447212141,6.06756989025e-12
-70.0270111394,44.5798277972,7.42018830013e-13
-71.8590854513,41.5760471689,1.80642748157e-12
-71.0906980095,42.87551324,2.80763515204e-12
-70.3355421066,44.0964638656,1.2246958582e-12
-71.3836939374,42.3869372246,2.29796511488e-11
-71.8883445239,41.5253942818,7.67620473671e-13
-69.9508043963,44.6978654763,1.28495781133e-12
-70.2052487941,44.3016661509,2.75565923481e-12
-70.9793049195,43.0590583885,6.73459538794e-12
-69.9265746155,44.7352839443,6.02156728879e-12
-70.3372438644,44.0937732476,4.99182624688e-12
-71.6671353639,41.9061960025,4.92701991144e-12
-71.3615752587,42.4241158288,1.25880568635e-12
-71.8199999212,41.643575707,7.66650023367e-13
-70.2345445597,44.2556652166,8.64065416337e-12
-70.5527947582,43.7507710952,1.77572383062e-12
-70.5576395541,43.7430113171,7.04112156593e-12
-71.7433544843,41.7755472392,9.87041290079e-12
-71.0213218852,42.9899677277,6.56814308666e-12
-69.9909384471,44.6357676307,4.21858627833e-12
-70.3223537053,44.1173066257,7.45961927924e-13
-71.2255892175,42.6516282816,1.8813414611e-12
-71.8436503188,41.6027331716,6.12139039157e-12
-71.6335286161,41.9636161351,0.0
-70.4358696147,43.9373743635,6.08926196211e-12
-71.3208720373,42.4924060594,5.46278937383e-12
-71.226119013,42.6507454389,2.06556539105e-12
-71.9111585908,41.4858384188,1.06536380459e-12
-70.5518882482,43.7522227807,3.91047795341e-12
-70.3327300812,44.1009093139,3.31792437279e-12
-71.2577196022,42.598036801,2.84418416848e-12
-70.5959791948,43.6815253091,5.21946779509e-12
-69.8997177463,44.7766968334,3.28546725261e-12
-71.9399339178,41.4358710283,2.85895475395e-12
-69.9668221041,44.6730995845,9.14836623088e-12
-71.6407109899,41.9513539488,1.26886763297e-11
-70.5444052694,43.764203056,1.26046518123e-11
-71.4137152007,42.3363978076,9.99271831377e-12
-71.9190255572,41.472186085,6.47817118371e-12
-71.136611409,42.7995086785,0.0
-70.6927863545,43.5256523026,0.0
-71.0133690058,43.0030582102,4.85760042236e-12
-70.7164729568,43.4873775816,2.51093969978e-12
-70.9699704571,43.0743842712,1.28923432704e-11
-71.6273793526,41.9741104144,6.33901125264e-13
-70.2191279786,44.2798826499,6.10445379975e-13
-70.834341117,43.2961181342,9.12467623173e-12
-71.9386159509,41.43816148,1.34762690544e-12
-70.0239452575,44.5845868664,8.43975165239e-12
-69.9107518441,44.7596903844,7.40479480188e-13
-71.2565143275,42.6000489581,1.51746832486e-12
-70.9664138554,43.080221492,3.83269642548e-12
-71.6786115115,41.8865619513,4.26325641456e-13
-71.4570795025,42.26323796,6.98025611139e-12
-71.7455244005,41.7718191575,4.93543979416e-12
-71.3830045508,42.3880967253,1.52099527712e-12
-72.007297705,41.3185652437,1.34985923627e-12
-71.5010433618,42.1888755336,5.86937666679e-12
-70.3697565143,44.0423160496,1.29783678818e-11
-71.073964486,42.9031625721,6.9220584315e-12
-70.2469182725,44.236211749,3.31145280025e-12
-71.523305868,42.1511462237,3.04985145891e-12
-70.5532780347,43.749997144,1.23184917674e-12
-72.0019411164,41.3279100802,3.44748198246e-12
-71.3921740354,42.3726704305,8.57916049416e-12
-70.1343702784,44.4126321411,7.89456156806e-12
-71.160429267,42.7599996506,0.0
-71.0223103255,42.9883403201,9.16069464745e-12
-71.267887398,42.5810563855,3.38967327531e-12
-71.9642744976,41.3935384331,1.96572766759e-12
-70.112717399,44.4464387789,1.11919044389e-11
-69.8994221325,44.7771522994,1.8651451028e-12
-72.0077624822,41.317754278,1.06635642112e-12
-70.3222940769,44.1174008246,9.57169930488e-12
-69.905724454,44.7674402928,7.85339877939e-12
-70.8979996283,43.1922670745,7.84092133911e-12
-70.2343171941,44.2560225388,2.23434508182e-12
-70.5353359815,43.7787159151,2.4991474643e-12
-71.2453319317,42.6187106947,1.93001181465e-12
-71.3998606654,42.359732393,5.85759851064e-12
-69.974455027,44.6612896271,8.65771768028e-12
-69.9575521016,44.6874353254,7.41098270841e-13
-71.2905230989,42.5432177429,5.08729896188e-12
-71.6536783273,41.9292021871,3.90042497969e-12
-71.5203488283,42.1561605069,5.83077483861e-12
-71.9819379469,41.3627806365,5.15852201422e-12
-69.9330985128,44.725214254,7.40774799322e-13
-71.9632047255,41.3954002288,0.0
-70.3581194758,44.0607451559,4.7895265727e-12
-70.7549312148,43.4251194086,5.23935117345e-12
-71.5178431248,42.1604087711,1.3340427338e-12
-70.3125086963,44.132854942,1.27031516286e-11
-70.1856315084,44.3324251636,2.2323923226e-12
-71.2960914738,42.533901706,2.27785523977e-12
-71.3896172722,42.3769726428,4.8973746591e-12
-69.9875222091,44.6410591857,5.86146920315e-12
-69.8203230972,44.8987380572,2.957148753e-12
-71.0258062714,42.9825836934,2.63673408887e-12
-70.6501593381,43.5943976433,7.50392495979e-13
-71.3980473604,42.362785053,6.30018200787e-13
-70.853866939,43.2643056575,6.71527196942e-12
-71.4569075978,42.2635283493,8.52651282912e-13
-69.9211358691,44.7436757244,9.13876855756e-12
-71.8191876568,41.6449774208,2.0930464841e-12
-70.887235492,43.2098548867,1.24291126619e-12
-71.603870647,42.0141951617,1.80030030838e-12
-71.1555174863,42.7681518505,0.0
-71.922695092,41.4658158156,0.0
-69.8586077199,44.8399605482,2.00420917738e-12
-70.2944086873,44.1614168455,7.19825098152e-12
-70.77353341,43.3949544294,0.0
-71.8233510255,41.6377920436,2.09324115085e-12
-71.9839620725,41.3592539389,3.44605136402e-12
-71.3062545796,42.5168906759,4.55656005998e-12
-71.6083668139,42.0065330271,1.94795971792e-12
-70.2710782886,44.1981872501,4.0448152079e-12
-71.7026917137,41.8453210363,1.27036265406e-12
-71.1191580008,42.8284251332,0.0
-70.1352591542,44.4112434139,1.29060540377e-12
-69.803764407,44.924119017,1.20742692033e-12
-69.9296475856,44.7305412733,2.00732400312e-12
-71.4878020119,42.2112928136,1.33307908187e-12
-71.0819599034,42.8899548967,6.01287300342e-12
-71.7398737823,41.7815263569,5.69348352399e-12
-70.8316870021,43.3004395231,9.49703973208e-12
-70.9774366666,43.0621264748,7.54871633393e-13
-71.7755545797,41.7201761294,3.61024765498e-12
-70.7638195431,43.4107103944,2.62023301399e-12
-71.3985071409,42.3620110533,1.52142862522e-12
-71.1014389067,42.8577513201,4.69580757876e-12
-71.6916444522,41.8642483637,1.95210218635e-12
-71.2606095864,42.5932115072,4.32761069337e-12
-71.7388063142,41.7833597986,5.35849989887e-12
-70.7502417737,43.4327184892,1.11498358671e-11
-71.3464279618,42.4495485017,2.82294284247e-12
-71.0335135025,42.9698883233,1.01144555523e-11
-71.5421580879,42.1191577773,2.28818298709e-12
-71.8839227732,41.5330547414,4.19215198019e-12
-70.8509241959,43.2691024751,5.25140822868e-12
-70.8046500485,43.3444220869,2.51670353973e-12
-71.0362016716,42.9654590057,2.80438984333e-12
-71.8561374075,41.5811459512,4.26325641456e-13
-71.0567015348,42.9316580906,8.64697270024e-12
-71.9729311643,41.3784683546,8.58292852965e-12
-70.6836542424,43.5403944013,1.30760561756e-12
-70.7287601679,43.4675018013,1.77976276594e-12
-69.9199592941,44.7454907799,3.85205077191e-12
-71.1876316839,42.7148083514,6.02777955112e-12
-69.7913555383,44.9431228867,2.48719040273e-12
-71.6389186908,41.9544143565,6.4400571071e-12
-70.0678600468,44.5163369193,4.75987295872e-12
-71.4322007376,42.3052337455,4.73211457037e-12
-71.1002176699,42.8597714125,2.05979685791e-12
-70.876032879,43.2281472674,2.26043380128e-12
-71.808808817,41.6628821538,5.70188332906e-12
-71.3535160202,42.4376503096,2.65756363927e-12
-71.6651371313,41.9096133382,8.7722757737e-12
-71.8397446171,41.6094819527,4.26325641456e-13
-70.057928013,44.5317882602,6.07822245287e-13
-70.8589337525,43.2560445458,3.35802548571e-12
-71.1490629442,42.7788610166,3.38043534872e-12
-70.0917339703,44.4791589109,7.42878952245e-13
-71.7360263006,41.7881341012,7.78059001436e-12
-69.7836867894,44.954860408,4.0018660928e-12
-71.6998509264,41.8501893463,7.30441667697e-12
-71.7277131362,41.8024061952,5.51358464233e-12
-71.0983045496,42.8629356819,2.53445169145e-12
-70.2152339929,44.2859960995,7.73320925908e-12
-70.8781929334,43.224621127,2.04968171135e-12
-70.7064926901,43.5035110324,6.86692324104e-12
-71.639268716,41.9538167026,5.5024891884e-12
-70.0923027572,44.4782725188,6.97459034029e-12
-70.5883819534,43.6937202226,1.49910643591e-12
-70.401394138,43.9921486668,2.98810022716e-12
-71.6837730155,41.8777270306,3.05888906102e-12
-70.614310464,43.652077827,5.94750258631e-12
-70.603440865,43.6695426793,3.33846600967e-12
-71.3299540676,42.4771827937,1.25773963577e-12
-71.3261282298,42.4835966424,5.64344604927e-12
-71.82490383,41.6351116754,5.52581055015e-12
-69.7927481431,44.9409908426,1.20707225882e-12
-70.3805007656,44.0252895496,2.59633897643e-12
-72.003643312,41.3249408334,7.69262582757e-13
-69.9299842396,44.7300216457,7.40733626938e-13
-70.3666049503,44.0473083062,0.0
-70.8798865674,43.2218560712,6.71927375185e-12
-70.816939801,43.3244383499,1.24057379979e-12
-70.2956013965,44.1595356853,0.0
-69.9405962622,44.7136366134,1.35085142148e-11
-70.9708408214,43.0729556116,3.77390410167e-12
-71.8361753981,41.6156479603,1.95931344658e-12
-71.9889828428,41.3505042834,1.34926355382e-12
-71.5256182554,42.1472244756,5.93964217032e-12
-70.4998890371,43.8353642515,2.49684745976e-12
-71.1429193775,42.7890504345,1.10555310437e-11
-71.9574807975,41.4053599751,1.34823964941e-12
-71.4578071649,42.2620087263,1.33211775385e-12
-70.5348309857,43.7795237909,5.75857678531e-12
-71.0923300286,42.8728151413,0.0
-70.7659329644,43.4072831788,1.31018278977e-12
-70.1072228898,44.455010469,7.43085122455e-13
-70.0314384591,44.5729538888,7.50148154687e-12
-70.5880308143,43.6942837304,1.33491664174e-11
-71.9021774618,41.5014165576,1.33389808192e-11
-71.8992163664,41.5065508979,1.04839627115e-11
-70.9453345819,43.1147923912,1.26942826472e-11
-71.8144018439,41.6532348746,8.37129097242e-12
-69.8156212501,44.9059475198,4.20393355861e-12
-71.2329351869,42.6393846164,6.77390474934e-12
-71.1497360695,42.7777443795,4.26325641456e-13
-71.4948973323,42.1992827851,4.73903793876e-12
-71.0288622726,42.9775505318,2.80395322983e-12
-71.2219531425,42.6576866335,4.87959015556e-12
-69.9466841484,44.7042322322,1.1319466081e-11
-71.2998429053,42.5276237382,4.33105830058e-12
-70.5447489955,43.7636528654,1.294619387e-11
-70.063550847,44.5230418895,3.15689489868e-12
-71.2491469554,42.612345377,4.71197549495e-12
-71.8524708109,41.5874862722,9.41382986068e-12
-71.8092833574,41.6620637534,4.37623177239e-12
-69.8536618221,44.847561364,3.05250511955e-12
-70.6250854754,43.6347538756,6.17109287209e-13
-71.498283705,42.1935490073,5.33366086305e-12
-71.6962961791,41.8562800367,0.0
-71.9504959715,41.4175091729,2.69602548151e-12
-70.4389043878,43.9325473956,1.29998006598e-12
-71.5443815327,42.1153826942,1.33489472461e-12
-70.3884933184,44.0126166689,1.29841705826e-12
-71.4667401025,42.2469140992,3.40520914177e-12
-70.9054201399,43.1801359882,8.52651282912e-13
-70.1996108893,44.3105097849,2.58516830047e-12
-70.0902959908,44.4813997115,0.0
-70.8220693976,43.316093083,4.28938859586e-12
-70.5429496737,43.7665328541,6.10365133062e-12
-70.3902605023,44.0098138378,4.25233090394e-12
-70.9948311164,43.0335478262,8.60875318136e-12
-70.2421569212,44.2436990448,5.17557911023e-12
-71.7025583491,41.845549604,6.26280888817e-12
-70.8674617683,43.2421345833,1.09889282605e-11
-70.7429474071,43.4445345793,0.0
-70.6276395843,43.630645788,1.30585501157e-12
-71.2105251891,42.6767191923,5.07916281168e-12
-70.1285889002,44.4216628443,5.6279860953e-12
-70.8163063935,43.325468656,6.14062648709e-12
-71.3197597532,42.4942699056,3.98311280335e-12
-71.1721569016,42.7405254578,0.0
-71.5176101253,42.1608037754,0.0
-71.2790662846,42.5623756738,0.0
-71.3570340032,42.431743089,2.82358048273e-12
-70.6881683513,43.5331082054,5.38507293052e-12
-71.8307523517,41.6250140729,4.77634322244e-12
-71.8667852681,41.5627258006,3.4367450761e-12
-70.6744137116,43.5553034255,6.68776546418e-12
-70.8714048922,43.2357006236,6.89158199814e-12
-70.3965404916,43.9998511297,2.50874743902e-12
-71.0269222417,42.980745822,8.05837737289e-12
-70.3341193444,44.098713161,7.20493195685e-12
-70.6877110308,43.5338464522,6.31318009632e-12
-71.9021677465,41.5014334048,4.26325641456e-13
-69.9856296754,44.6439901505,5.19029054442e-12
-71.5177187569,42.1606196128,5.33615497051e-12
-70.9154763405,43.1636875787,3.94465265239e-12
-70.4956771273,43.8420874848,6.09729224832e-12
-69.9058753233,44.7672077558,5.13435059527e-12
-70.2234128822,44.2731538425,8.27012705695e-12
-70.5030911915,43.8302517133,4.26325641456e-13
-71.2237523231,42.6546890389,3.79139350765e-12
-71.7830779747,41.7072238205,1.27310097094e-12
-70.8998161294,43.1892979417,7.84121144965e-12
-70.0023671142,44.6180575108,2.01052091815e-12
-71.3693456916,42.4110602709,6.29533895551e-13
-70.7128778254,43.493190334,1.90402586997e-12
-71.6834041199,41.8783585564,2.29415117089e-12
-71.4477209192,42.2790426344,1.02111574147e-11
-71.4042050084,42.3524174573,1.79554940856e-12
-69.9627132085,44.6794548208,3.14902730882e-12
-70.5959518233,43.6815692551,1.304866095e-12
-71.0349343256,42.9675473094,4.6885524678e-12
-70.955723084,43.0977601866,1.05576546024e-12
-71.8502723388,41.5912872401,1.35065568062e-11
-71.3833758187,42.3874722842,2.6594717801e-12
-71.9717561751,41.3805143003,2.86090416236e-12
-71.0946648615,42.8689546796,6.0146626264e-12
-71.8337931878,41.6197626299,9.55336527101e-12
-70.0876923719,44.4854564407,7.88613108275e-12
-70.9604197384,43.0900564759,2.79988686795e-12
-70.7442426057,43.4424368685,2.25502342492e-12
-71.5662919539,42.0781555653,6.43022896724e-12
-69.8315470193,44.881520019,1.51233010355e-11
-70.6249216191,43.6350174048,5.56018362635e-12
-70.8865249959,43.2110153922,6.21443808576e-13
-70.4165941139,43.9680128554,2.49145271727e-12
-70.4464116897,43.9206029109,1.05081602566e-12
-71.9907370441,41.3474466428,1.92030027976e-12
-70.3376080732,44.0931973686,4.61341696596e-12
-70.6349182209,43.6189352584,5.02128684497e-12
-70.8404204353,43.2862173286,3.3566026252e-12
-70.4941300668,43.8445565495,1.20215397046e-11
-70.3761652332,44.0321614041,1.29803522235e-12
-71.483102628,42.2192445517,6.66464206088e-12
-71.4014424219,42.3570692733,5.8577823276e-12
-70.3581786471,44.0606514807,6.12718668801e-13
-71.0118746725,43.0055172051,1.15911050337e-11
-71.9883536811,41.3516008597,4.09695301552e-12
-70.5979821108,43.678309363,6.85077407502e-12
-70.8020623636,43.34862794,6.20039852604e-13
-69.8640613076,44.8315769397,6.98475370682e-12
-71.3820835762,42.3896456674,5.47039166156e-12
-70.0054780131,44.6132347181,4.02131574063e-12
-71.3431846955,42.4549910718,4.14189995489e-12
-71.2197043056,42.6614329481,1.2391625506e-11
-71.2271765876,42.6489830313,2.84316471156e-12
-71.1796578302,42.7280628071,2.06343391346e-12
-70.7423857862,43.4454441336,6.19049966869e-13
-70.9306819114,43.1387980496,5.41467268995e-12
-70.1503785856,44.387610515,8.62427038536e-12
-70.7203429897,43.4811189772,4.82696696384e-12
-70.4893620043,43.8521648214,7.39270815887e-12
-69.9037581176,44.7704708461,1.86534963125e-12
-70.4834770877,43.8615522713,3.51522084312e-12
-70.4822803516,43.8634608708,2.24434927073e-12
-71.3442432984,42.45321473,4.26325641456e-13
-71.2453355423,42.618704671,5.6337523142e-12
-70.9417891478,43.1206028265,8.52651282912e-13
-70.7972161264,43.3565029661,5.39835317644e-12
-69.8818675452,44.8041851926,1.20994502202e-12
-70.9725657025,43.0701240886,6.16191648651e-12
-71.9402686037,41.4352893604,1.34768057232e-12
-70.4386293931,43.932984825,9.04962101692e-12
-71.6648478641,41.9101080036,6.34537727537e-13
-71.0696560889,42.9102770538,2.83792806661e-12
-70.6274086285,43.6310172882,5.02053963426e-12
-71.5899353561,42.0379300818,3.59634374859e-12
-70.4219580572,43.9594903509,4.48268062586e-12
-70.3674344075,44.045994489,6.27139041415e-12
-70.7610830092,43.4151474404,1.78050802438e-12
-71.8701765631,41.5568566458,3.43701398339e-12
-70.5605021968,43.7384252553,5.21504395492e-12
-69.8659001492,44.8287495432,2.56474074073e-12
-70.272306213,44.1962532168,3.50009505713e-12
-71.0169857245,42.9971058337,1.51083323423e-12
-71.0952400721,42.8680035327,6.7525245544e-12
-70.6431335213,43.6057116855,1.01952707273e-11
-70.5416753976,43.768572271,4.80843970257e-12
-69.9609935249,44.6821142,7.69379304713e-12
-70.1758225507,44.3477917825,3.49322343292e-12
-71.2409278967,42.626056989,1.42456206748e-12
-71.0002401107,43.024654999,1.31755892114e-12
-71.5853322362,42.0457659478,1.26637492491e-12
-69.9916024861,44.6347389487,1.40703300039e-11
-71.4575903333,42.2623750236,0.0
-70.1374458499,44.4078267383,4.76695342339e-12
-70.2713331032,44.1977859179,0.0
-70.2732039553,44.1948391456,4.98553101873e-12
-71.8855887828,41.5301686977,7.04618153795e-12
-70.5186735834,43.8053591507,0.0
-70.0719842693,44.5099181666,3.15755410293e-12
-70.855107605,43.2622830605,4.84101760206e-12
-70.2846176549,44.1768544037,4.04601914437e-12
-70.9061790383,43.178895038,8.94747433456e-12
-70.4392290398,43.9320309681,4.05980838882e-12
-71.4456276069,42.2825766049,6.30821876594e-13
-70.207066303,44.2988145725,5.51152849037e-12
-71.5030165859,42.1855334165,3.4080534925e-12
-71.7027369317,41.8452435388,4.17522256683e-12
-70.6606639535,43.5774727426,1.42789066784e-11
-70.7120519323,43.4945254966,1.05338273036e-12
-71.4528927779,42.2703095326,1.94025108564e-12
-70.6830544872,43.5413623164,3.92276057042e-12
-69.9665939474,44.6734525154,1.21268381436e-12
-71.830515621,41.6254228611,2.09357620175e-12
-71.8171307807,41.6485266448,5.14140129704e-12
-71.1398791125,42.7940915026,3.02846051888e-12
-70.4207688962,43.9613799834,6.13745102866e-13
-71.4480361641,42.2785103939,1.26172517293e-12
-71.1275383126,42.8145445186,2.06104664055e-12
-71.702601695,41.8454753155,5.68894926404e-12
-71.2188912059,42.6627873603,6.77171987467e-12
-71.6504543805,41.9347111501,1.95005211242e-12
-70.0219596697,44.5876685695,9.15997020394e-12
-70.7416215107,43.446681842,3.21048184843e-12
-70.8362597322,43.2929938527,1.43344574419e-11
-71.6814321969,41.8817341306,1.42785784289e-12
-70.0776169507,44.5011491861,8.45034374197e-12
-70.9477617996,43.1108138434,7.46918551106e-12
-71.9671316369,41.3885653896,1.2969499639e-11
-70.4316009116,43.9441624964,7.38315585526e-12
-70.7064013717,43.5036586079,6.31563364129e-12
-70.0291893739,44.5764460699,1.28735338591e-12
-70.3034643746,44.1471307484,9.56783795258e-12
-70.0819313002,44.4944306133,4.58630862926e-12
-72.0039482186,41.3244089344,4.39368741024e-12
-69.9016153993,44.7737728412,6.05291355119e-13
-70.6634056857,43.5730535696,5.38206399982e-12
-70.2589730584,44.2172459882,1.29441331895e-12
-70.1746129636,44.3496860924,1.28421580108e-11
-70.4019559971,43.9912568854,0.0
-70.3771021553,44.0306765242,6.13028793808e-13
-70.5900836686,43.6909891453,1.2782512107e-11
-70.1665719524,44.3622755132,2.97550518077e-12
-71.5542969752,42.0985417084,3.05159302376e-12
-70.427324353,43.9509614032,0.0
-71.0351257071,42.9672319653,2.26700055116e-12
-71.3110388351,42.5088792483,5.46156946596e-12
-71.2005352644,42.6933462949,7.3482277881e-12
-71.9839384652,41.3592950732,1.27996719252e-12
-71.6699820571,41.9013269532,3.60232970771e-12
-71.9923570718,41.3446225922,1.24400807722e-11
-71.8256761701,41.6337784122,5.14228685201e-12
-70.9275477591,43.1439300754,6.15577153078e-12
-71.7285822345,41.8009144483,0.0
-71.1121037394,42.8401040424,1.05730876662e-12
-71.8399202279,41.6091785429,0.0
-70.4754900086,43.8742878065,3.25398778826e-12
-71.5939498567,42.0310944853,4.26325641456e-13
-70.0665185178,44.5184244766,3.15712684748e-12
-70.3191000416,44.1224461694,1.88507763932e-12
-71.654165642,41.9283693907,5.12455926939e-12
-71.8492233228,41.5931007248,1.34472763549e-12
-71.6290316493,41.9712909925,1.26785837081e-12
-71.2036751467,42.6881213708,5.62876381282e-12
-70.7522999291,43.4293835773,4.08795857972e-12
-71.711758742,41.8297772569,2.08803169407e-12
-71.3937681019,42.3699877999,9.23254843458e-12
-71.2222336997,42.6572192212,3.03303040973e-12
-70.0699537944,44.5130785012,1.09914483288e-11
-71.9273854238,41.4576714546,4.38680950785e-12
-71.9392325422,41.4370899481,1.06565185808e-12
-70.6014326569,43.6727681627,6.30187512466e-12
-71.3968451241,42.3648088124,1.01962931843e-11
-71.5159387819,42.1636370465,0.0
-69.932433047,44.7262415842,3.70383000531e-12
-70.226393483,44.2684722439,2.23402700759e-12
-71.0998423127,42.8603922752,1.27675345319e-11
-69.7931210654,44.9404198778,1.41422949955e-12
-70.8382407071,43.2897676529,3.54089421315e-12
-70.3584257674,44.0602602567,1.49289340698e-12
-71.0977939871,42.8637800834,4.26325641456e-13
-71.0852791529,42.8844699786,3.55896230618e-12
-70.7110187467,43.4961956824,5.57029938878e-12
-71.580754999,42.0535556483,2.56807364836e-12
-71.6142650927,41.9964784101,4.75225500684e-12
-70.4214236014,43.9603396426,1.12712275091e-11
-71.6667769817,41.9068089298,6.34570520442e-13
-71.4123293947,42.3387327176,4.72992296273e-12
-71.0500920489,42.9425605179,8.64562422486e-12
-70.0895021058,44.4826367392,1.48569850979e-12
-70.6817128263,43.5435274317,3.00328772994e-12
-71.6415127094,41.9499848826,0.0
-71.9187096678,41.4727344011,6.38866845242e-13
-71.5250187047,42.1482413492,1.42667961283e-12
-70.51787361,43.8066376509,1.05150333463e-12
-70.3999227263,43.9944839477,3.32300522205e-12
-71.5375061851,42.1270544268,5.83332678948e-12
-70.5565397497,43.7447730389,1.89647500844e-12
-71.3127395639,42.5060307651,5.0895624075e-12
-70.6713647963,43.5602208753,6.86168866556e-12
-71.8635900414,41.5682545589,1.53453744516e-12
-70.3867136757,44.0154389641,4.99669962564e-12
-70.9908559612,43.040081495,7.31831322801e-12
-70.1353929446,44.4110343813,1.876318768e-12
-71.3138003037,42.5042540295,2.54249334549e-12
-69.9179946978,44.7485212029,4.95089195768e-12
-71.5951759727,42.029006423,3.5967351801e-12
-71.7466397851,41.7699026565,1.4283516106e-12
-70.338117389,44.0923920287,7.46173692725e-13
-70.2959693863,44.1589552592,7.36080098452e-12
-69.8392988448,44.8696216666,6.20354744905e-12
-71.1531754249,42.7720381939,2.27189806288e-12
-71.357507541,42.4309478544,6.79332670376e-12
-71.9627791325,41.3961408841,4.04523539805e-12
-71.3250291595,42.4854389181,1.20407273965e-11
-70.9142656219,43.1656684061,7.64401678918e-12
-71.2035603715,42.6883123798,7.35342589335e-12
-71.6021573521,42.0171143365,2.08293204681e-11
-69.975194361,44.6601454173,7.49255420196e-12
-71.1126761924,42.8391564807,0.0
-70.7214244991,43.4793697078,1.28203271035e-11
-71.3472195281,42.4482200053,2.82299042425e-12
-70.6362023715,43.6168686777,9.14285690784e-12
-71.2056805686,42.6847837402,0.0
-70.3081272397,44.1397717075,7.00530510494e-12
-70.7855411389,43.3754653008,1.50447731012e-12
-70.710328641,43.4973112091,4.50727100704e-12
-71.8922881156,41.5185605289,6.60798215233e-12
-72.0050810326,41.3224326959,2.69957424896e-12
-71.8035837271,41.6718919209,6.46242322216e-12
-71.8245179135,41.6357778468,1.31443340723e-11
-70.0095109513,44.6069811762,4.75394983831e-12
-71.726675554,41.8041870331,1.17788234608e-11
-70.0144949753,44.5992508029,0.0
-71.8591530971,41.5759301621,0.0
-71.1523929923,42.7733364184,1.92544659219e-12
-71.7630911492,41.7416206176,0.0
-71.0192525406,42.9933744716,6.00405048553e-12
-70.0289204238,44.5768636407,2.96817668365e-12
-71.4858157781,42.2146539507,5.10725366389e-12
-71.0416082252,42.9565484557,6.00719378727e-12
-70.5122465648,43.8156289645,0.0
-70.2637560315,44.209717202,1.29456086032e-12
-70.3817239484,44.0233504762,1.88040304567e-11
-70.0501696077,44.543851756,2.74672518878e-12
-71.0417259522,42.9563543979,5.06206844017e-12
-70.2035308619,44.3043612169,2.58540965098e-12
-69.8470150796,44.8577725217,0.0
-70.9575556077,43.0947546346,1.12586452356e-11
-70.8896555934,43.2059015921,1.31407086028e-12
-70.3293046694,44.1063234481,1.32706626896e-11
-70.2207513284,44.2773336198,4.60099725437e-12
-71.5201175033,42.1565527303,4.00234717497e-12
-71.1535844726,42.7713594717,4.31822918045e-12
-70.8647248608,43.2465994897,5.25314466658e-12
-70.6039484485,43.6687273635,0.0
-71.5411081243,42.1209402896,8.90103438607e-12
-70.6036208912,43.6692535115,9.82588179813e-12
-71.4233320775,42.3201893182,8.13267003569e-12
-70.8589788163,43.255971061,4.0976196675e-12
-72.0121681638,41.3100659333,7.65114039525e-12
-70.4589839571,43.9005879391,6.83017666312e-12
-71.2139575222,42.671004199,9.14201083851e-12
-70.8016793913,43.3492503434,7.28426753713e-12
-70.8321960391,43.2996107694,1.31226325348e-12
-71.6369758923,41.957731382,7.64062075224e-13
-69.8768365383,44.8119274321,1.48006358537e-12
-70.0229876239,44.5860731931,2.01142899225e-12
-71.9477975377,41.4222014134,1.62104071012e-11
-70.6685138441,43.5648182384,0.0
-70.5306622852,43.7861918212,7.48770865481e-13
-70.1808018047,44.3399924452,2.47625736853e-12
-71.2502195431,42.6105555205,1.9302522353e-12
-70.3339010731,44.0990582171,8.66005741671e-12
-70.1726760752,44.3527191321,6.45877702479e-12
-70.1263652469,44.4251354416,5.16132907143e-12
-70.1228285144,44.4306576854,1.68592285245e-11
-70.2647119516,44.2082122511,2.23556611975e-12
-71.4982041241,42.1936837662,6.23433255447e-12
-70.330322439,44.1047148974,5.73561731457e-12
-71.28365231,42.5547085374,4.55467105107e-12
-70.5022814768,43.8315445897,6.1508477628e-13
-71.9662030775,41.3901817013,8.98806848592e-12
-71.3157588986,42.5009730977,2.84612502214e-12
-70.2802563249,44.1837280517,1.49079409841e-12
-70.6771957513,43.5508156334,5.56632179005e-12
-71.8512385015,41.5896168889,4.94682631851e-12
-70.9347110071,43.1321992008,2.48898518429e-12
-71.636838519,41.9579659112,4.01360415647e-12
-70.5748850296,43.7153716646,7.04360914471e-12
-70.539449789,43.7721338808,0.0
-71.586732464,42.0433825723,1.26642243186e-12
-71.7066375723,41.8385575948,1.95284897194e-12
-70.7635741328,43.4111083346,1.0407459063e-11
-71.6817573465,41.8811775605,7.64693807619e-13
-71.0641844216,42.919309843,0.0
-70.0530354331,44.5393963469,3.71182202458e-12
-70.334700098,44.0977950498,3.31807317002e-12
-71.0920883375,42.873214728,4.03792574892e-12
-71.5105473954,42.1727746557,1.79807504595e-12
-69.8462773423,44.8589056341,3.22313472454e-12
-71.3873823831,42.3807327133,2.28167644187e-12
-69.9981396844,44.6246098269,4.44981524189e-12
-70.6327894572,43.6223607274,1.30601582596e-12
-70.6951702316,43.5218026662,4.26325641456e-13
-69.8885367512,44.7939183676,1.4803723343e-12
-71.3103792929,42.5099838125,9.7779155047e-12
-69.983397551,44.6474466171,7.4938550873e-12
-70.1437659691,44.3979491724,3.30369913609e-12
-71.6117698385,42.0007324202,0.0
-71.0517355257,42.9398499803,6.4707492827e-12
-70.2966729913,44.1578454357,2.02354580372e-12
-70.6074000671,43.6631824854,5.55812873285e-12
-71.854012388,41.5848207259,1.34488277962e-12
-71.8129867095,41.6556761062,5.52430960233e-12
-71.0628873379,42.9214506792,1.92106163533e-12
-71.7830161703,41.7073302466,0.0
-70.8814105175,43.2193678078,1.21327133237e-11
-71.7667503374,41.7353262749,5.51849109052e-12
-71.3925315489,42.3720687984,9.98829732765e-12
-70.2042988334,44.3031564687,6.05832840612e-12
-70.4862433329,43.8571400433,0.0
-70.0813993862,44.4952590355,2.74852018379e-12
-71.253067231,42.6058029559,1.88496224522e-11
-71.0012043184,43.0230694646,4.85632265854e-12
-71.6881053104,41.8703093911,4.17385940057e-12
-70.231494611,44.2604580398,0.0
-71.3955771922,42.3669430035,6.79927699038e-12
-71.1351907413,42.8018635258,1.32183180296e-12
-70.0162864516,44.5964716114,9.92085920516e-12
-71.7892887425,41.6965270173,6.36656384223e-13
-70.8037351087,43.3459092434,7.07676573047e-12
-70.6947198408,43.5225300274,1.50199821138e-12
-71.8023602711,41.6740011601,2.85054840932e-12
-70.3042915019,44.1458255052,1.01194240001e-11
-70.9700876346,43.0741919344,1.27008408435e-11
-70.856109862,43.2606490216,1.3968538701e-11
-71.8178704767,41.6472503185,2.12881808423e-12
-69.8471793239,44.8575202473,1.27512769189e-11
-71.2937500284,42.5378193783,1.51850493031e-12
-71.9337802684,41.4465637362,1.34746988929e-12
-71.2949781335,42.5357645982,7.5278860487e-12
-70.5600223215,43.7391940879,2.60749207578e-12
-71.1010098071,42.858461126,1.12329995901e-11
-69.9898707497,44.6374215471,2.22457882663e-12
-70.0370160865,44.5642914356,4.96244574223e-12
-71.664756938,41.9102634913,8.03260454787e-12
-70.7144227614,43.4906925709,0.0
-71.9435611031,41.4295665455,9.57790838619e-12
-69.8384348002,44.8709481675,0.0
-70.1410123563,44.4022531832,2.58156426305e-12
-71.4479726704,42.2786175936,9.05437539656e-12
-69.804144299,44.9235370019,5.2792412091e-12
-70.1304183626,44.4188054978,2.97357645345e-12
-70.5881147698,43.6941489998,0.0
-71.0810828335,42.8914040379,3.02520621702e-12
-72.0151022387,41.3049445826,4.20446487264e-12
-71.8194711944,41.6444881313,1.08928767041e-11
-70.4754380381,43.8743706546,1.49604793925e-12
-71.9216125939,41.4676951624,1.27897692437e-12
-71.6959318005,41.8569042896,3.31614029516e-12
-71.8305949948,41.6252857986,0.0
-69.8149788966,44.9069323012,5.67855239791e-12
-71.7673255349,41.7343367273,2.58058703074e-12
-71.3928553945,42.3715238123,4.26325641456e-13
-70.1774250299,44.3452819632,9.35935758772e-12
-71.3948733052,42.3681277218,8.8713468345e-12
-70.7081494756,43.5008334393,6.18482850386e-13
-70.9537762634,43.1009528424,6.55947402124e-12
-71.421734731,42.3228821563,4.59453030448e-12
-69.8119468448,44.9115801836,4.55794690577e-12
-71.2451041093,42.619090768,5.30129999399e-12
-69.8121952663,44.9111994056,4.99723423598e-12
-70.0974008009,44.4703264438,9.17588386643e-12
-69.9708799178,44.6668218403,8.58949248791e-12
-69.8246518637,44.8920988751,2.73382548119e-12
-70.3331957997,44.1001731244,1.49221512676e-12
-71.9750610576,41.3747593256,2.86850100623e-12
-70.8911740457,43.2034208749,2.62823734688e-12
-71.5136708494,42.167481213,2.078827203e-12
-71.2044846479,42.6867741628,2.81443033944e-12
-69.7889380886,44.9468235263,2.73179273958e-12
-69.9724560027,44.6643831114,5.29913539796e-12
-70.0425083617,44.5557587468,1.28776108355e-12
-70.0947977998,44.4743839156,5.73518318106e-12
-70.7233313196,43.4762852804,6.18734263856e-13
-71.1141037843,42.8367932976,8.52651282912e-13
-70.397515773,43.9983035907,7.46972814067e-13
-71.0849730488,42.8849758475,6.05084264105e-12
-71.2897478347,42.5445145377,3.25463777144e-12
-70.7970290094,43.3568069817,1.23991259076e-12
-70.2167585653,44.2836027308,0.0
-70.907725783,43.1763656295,0.0
-70.8165811785,43.3250216932,4.28891396217e-12
-70.8607977678,43.2530047671,2.79398496903e-12
-71.8432662179,41.6033969401,1.53396028799e-12
-70.4887315186,43.8531707105,7.48203614836e-13
-70.6130597477,43.654088001,1.31993828632e-11
-70.7808931379,43.383010873,3.35203344821e-12
-70.3848684314,44.0183649817,2.02747579048e-12
-71.5512434325,42.1037290775,5.94338527111e-12
-71.0559088238,42.9329659015,4.55320715318e-12
-71.6024222058,42.0166630883,0.0
-69.9463961862,44.7046771437,2.74077566327e-12
-71.7681697309,41.7328843443,1.95591692404e-12
-70.1057097221,44.4573705916,1.28969824856e-12
-70.2555573226,44.2226213289,2.4810626358e-12
-70.9415913033,43.1209270281,9.20995259841e-12
-71.9926136286,41.3441753349,4.39266817024e-12
-70.3876968261,44.0138798447,0.0
-71.1678890644,42.7476139269,2.53704087128e-12
-71.7473000806,41.7687680496,0.0
-71.2055265754,42.6850400455,1.08970063997e-11
-70.7536331528,43.4272230848,8.17615821032e-12
-71.4456218649,42.2825862981,9.05390753339e-12
-70.5873925315,43.6953080164,3.79592448923e-12
-71.1186848125,42.8292086874,6.75615830785e-12
-71.3212946874,42.4916977957,2.27890894718e-12
-69.9264642966,44.735454189,7.40687097678e-13
-71.2696431718,42.5781231782,1.51783366186e-12
-71.5008498377,42.1892032911,6.98695043719e-12
-70.2194317183,44.2794057278,2.50237953661e-12
-71.2955066537,42.5348802692,1.24125273072e-11
-70.9381158792,43.1266214805,4.53999721702e-12
-70.4664805674,43.8886462989,4.80067690093e-12
-71.1220911532,42.8235676273,5.88106293288e-12
-71.9862279663,41.3553055036,6.30262600181e-12
-70.4757936048,43.8738038271,1.30112548437e-12
-71.5543429201,42.0984636501,3.59368701817e-12
-70.7565520616,43.4224923914,2.52184054768e-12
-71.0597652571,42.9266030004,0.0
-70.136829788,44.4087893694,1.32222748902e-11
-71.9231682776,41.464994271,0.0
-69.8984365977,44.7786707012,2.00595451524e-12
-71.884602282,41.5318776562,9.72489635251e-12
-71.2364494155,42.6335255092,1.22264629605e-11
-69.9272305603,44.7342716637,4.92008731833e-12
-70.8922496468,43.2016635152,6.72117636762e-12
-71.2778106678,42.5644745126,2.06794054832e-12
-70.1288292865,44.4212874145,8.06440289923e-12
-71.5321667864,42.1361154412,5.33801000166e-12
-69.8895835514,44.7923065164,0.0
-70.2506289539,44.230375185,4.98331549518e-12
-70.8274185232,43.3073879734,1.48979882487e-11
-69.9922723832,44.6337011506,1.48311620696e-12
-71.2750502905,42.5690881021,1.79249650512e-12
-71.0465343039,42.9484273007,0.0
-69.793486909,44.9398597387,2.48726531502e-12
-70.5598740311,43.7394316669,5.36951105103e-12
-71.5312992283,42.1375874271,1.0580161292e-11
-71.7132828452,41.8271636436,8.35241091002e-12
-70.687155933,43.5347425128,7.26472166431e-12
-70.4119835,43.9753362717,1.05048573904e-12
-71.984204132,41.3588321631,1.14018526213e-11
-71.3067026032,42.5161405383,9.77713544345e-12
-71.942440963,41.4315136265,3.4427502114e-12
-70.6840842625,43.5397003922,9.64639544314e-12
-70.0918277304,44.479012798,1.00723273869e-11
-69.8200167063,44.8992079154,4.73480246625e-12
-71.3502128525,42.4431957081,1.05967967774e-12
-69.7967221694,44.9349057388,6.93293116636e-12
-71.7170911358,41.8206319597,6.84980261984e-12
-70.3128186672,44.1323655401,7.54642303536e-12
-71.610203355,42.0034027055,4.35848998702e-12
-71.331101226,42.475259351,8.28157303367e-12
-71.6130847457,41.9984907911,1.21765678163e-11
-70.5017052424,43.8324646291,1.41918976553e-12
-71.0310732758,42.9739084957,0.0
-71.5658966333,42.0788276645,3.2771543356e-12
-71.7419263688,41.7780005908,4.17887661683e-12
-70.8349508433,43.2951252917,1.7822150617e-12
-71.1093941925,42.8445886276,3.37735900518e-12
-71.0042207281,43.0181087255,2.52980458637e-12
-69.9502289976,44.6987546964,7.41001367169e-13
-71.8856288904,41.5300992153,4.1923118224e-12
-70.3540251224,44.0672262017,5.91155161607e-12
-70.3479286009,44.0768736175,1.01291413e-11
-69.9727114477,44.6639878315,2.74228217102e-12
-70.4275515152,43.9506003022,3.32509782008e-12
-69.8169123407,44.9039680573,2.48808913233e-12
-70.5742645589,43.7163665937,5.01525763059e-12
-70.3354328653,44.0966365759,3.31812851922e-12
-70.0908847129,44.4804823301,1.02598444824e-11
-71.2559451199,42.6009991772,0.0
-70.2085884162,44.2964262188,2.01963303345e-12
-71.5596232562,42.0894911707,1.26550297734e-12
-70.1406081112,44.4028849761,6.0916600749e-13
-70.5049292872,43.8273165847,1.36739478756e-11
-70.9601520955,43.0904955358,8.78388576978e-12
-70.3072166464,44.1412089861,1.0494840178e-12
-71.6811578315,41.8822037633,6.8441318044e-12
-70.7500563027,43.4330189955,4.51900609235e-12
-70.1405836767,44.4029231641,5.16307584832e-12
-69.7906343659,44.9442269152,4.26325641456e-13
-71.2299492628,42.644361952,1.3248426657e-12
-71.1835846079,42.7215363408,8.25445574965e-12
-70.9237168712,43.1502016829,1.3151439344e-12
-71.7270316984,41.8035757824,2.68155224365e-12
-69.7973201512,44.933989974,8.52651282912e-13
-70.3564041502,44.063460575,0.0
-69.9274507277,44.7339318837,5.85332154531e-12
-70.7920046727,43.364968945,1.65484260919e-11
-71.9106015696,41.4868048341,6.38728154502e-13
-70.6703781605,43.5618119833,2.25200283152e-12
-71.1825167823,42.7233112606,3.97000338118e-12
-71.4350205162,42.3004770033,2.82827578075e-12
-71.2072108304,42.6822366546,6.62059692043e-12
-70.2682609793,44.2026241019,7.91882018863e-12
-70.3000233133,44.1525602092,2.02369486969e-12
-70.9183898456,43.1589202831,9.35175063382e-12
-70.1554196402,44.3797262374,3.97838576073e-12
-70.9906154284,43.0404767918,4.26325641456e-13
-72.0112219147,41.3117173982,4.20409998915e-12
-71.3651723,42.4180729731,8.12171312003e-12
-69.9074668116,44.764754645,5.29143931936e-12
-69.9177985857,44.7488236899,1.04580514362e-12
-69.9689664624,44.6697822881,2.74206768526e-12
-71.3521426631,42.4399560495,2.82328638581e-12
-70.9970184388,43.029952032,5.26982853011e-12
-70.351648907,44.0709868479,5.97084460925e-12
-69.8479135923,44.8563924028,4.20662498586e-12
-70.7579082073,43.4202942002,1.05382907373e-12
-69.9138961153,44.7548422019,2.00663265715e-12
-71.8522972203,41.5877864132,6.37731660221e-13
-70.0119087728,44.6032623664,4.7541929934e-12
-70.1547060879,44.3808423858,3.16402996156e-12
-70.4183884486,43.9651622266,3.89803094335e-12
-69.8657288267,44.8290129811,5.12946062847e-12
-71.3613098136,42.4245617129,2.65806152602e-12
-70.0631191008,44.5237135779,1.33617544037e-11
-71.9296774773,41.4536906829,1.80813289535e-12
-70.8762785425,43.2277462613,0.0
-69.9964432711,44.6272387264,7.4161338605e-13
-71.4643010728,42.2510362916,4.15308360896e-12
-69.9332278005,44.7250146582,2.5688430747e-12
-70.3136049623,44.1311240467,1.19724696596e-11
-71.3026660368,42.5228983516,2.65431804619e-12
-71.7645938106,41.7390359825,4.18099209022e-12
-70.3039853706,44.1463086012,1.05143957612e-11
-71.742229645,41.7774796116,7.44746512315e-12
-70.8370069732,43.2917769463,1.24124058807e-12
-70.9841565122,43.0510894147,7.65549001309e-12
-71.4483185685,42.2780335912,2.66362764338e-12
-71.2457116359,42.6180772272,3.03433569279e-12
-70.5089844097,43.8208401103,4.26246156947e-12
-70.2975445307,44.1564706587,1.04939179381e-12
-70.5683923669,43.7257808864,6.84638091405e-12
-70.7314119846,43.4632103316,8.91339771633e-12
-69.9811976236,44.6508527799,5.48553661978e-12
-71.0249126336,42.984055322,1.64508622377e-11
-71.3679931432,42.4133331963,3.39748245573e-12
-71.0503292536,42.9421693195,3.55639675231e-12
-71.6424660947,41.9483567385,3.41901616652e-12
-71.9061250025,41.494570398,1.96281335729e-12
-70.9378774898,43.1270120366,1.14058045435e-11
-71.3014804052,42.5248829699,1.5187203089e-12
-71.0934325633,42.8709922535,2.80779815382e-12
-71.4822149089,42.2207463972,1.22953872295e-11
-70.0429950462,44.5550025097,1.81030665897e-12
-71.1730397404,42.7390589242,8.63986406314e-12
-71.1762074058,42.7337963068,1.87885406487e-12
-71.9095088274,41.4887006178,2.56507404715e-12
-70.9840181018,43.051316792,8.05039183651e-12
-70.3965418357,43.999848997,4.25286577202e-12
-71.1777085117,42.7313020933,7.57639500571e-13
-70.0722931858,44.5094373198,6.04080915335e-12
-70.597349581,43.6793250143,1.07480995461e-11
-70.8016910495,43.3492313968,3.8166632139e-12
-70.2625886698,44.21155492,2.58904969655e-12
-70.351085881,44.0718778266,1.56541680864e-11
-69.8353825636,44.8756334868,7.39485438335e-13
-70.0482378023,44.5468546472,0.0
-71.4538846065,42.2686344455,5.33042486248e-12
-71.2592195305,42.595532532,2.0670858618e-12
-70.3763477249,44.0318721888,5.53115112787e-12
-70.749714231,43.4335732226,2.7874278865e-12
-71.2064589655,42.6834881451,2.8145484697e-12
-70.8688704857,43.2398361639,1.50675938413e-12
-70.8883857747,43.2079759424,0.0
-70.6916314609,43.5275171034,5.38549393561e-12
-70.7499675816,43.4331627432,1.30968218195e-12
-71.4061803319,42.3490908196,3.58266043141e-12
-70.9619255932,43.0875860377,1.31634903662e-12
-70.8220934695,43.3160539147,6.20372503986e-13
-71.3868241601,42.3816718135,3.04220405152e-12
-71.7638875255,41.7402508484,1.29660258621e-11
-71.5341359085,42.1327741524,5.33826288389e-12
-70.5915697923,43.6886038453,6.52364710133e-12
-71.8429811486,41.6038895613,0.0
-71.927723393,41.4570845132,1.25887741959e-11
-71.2476246046,42.6148855714,1.22295856463e-11
-70.4216116571,43.9600408106,9.97394330702e-12
-70.9962967322,43.031138515,1.01058284642e-11
-71.9196112689,41.4711693885,7.68065170564e-13
-70.5135810805,43.813496846,7.23523718368e-12
-71.924211658,41.4631826737,6.38960973634e-13
-70.3569667704,44.0625699583,0.0
-70.4534773204,43.9093563021,7.47727400621e-13
-71.648212261,41.9385417859,2.84117099233e-12
-71.3194896765,42.4947224528,2.65539130176e-12
-70.1622883445,44.3689797057,4.5948025676e-12
-71.983916249,41.3593337833,1.96671304437e-12
-71.8404152146,41.608323317,7.79819340236e-12
-70.9611449815,43.0888667018,3.54986396972e-12
-71.4523959429,42.2711485941,1.331944415e-12
-70.3156060575,44.127964226,4.61107473362e-12
-71.258096469,42.5974076078,4.26325641456e-13
-71.2464788157,42.616797284,2.81694465429e-12
-70.3427031712,44.0851398097,8.10238150942e-12
-69.7947666065,44.9379003124,0.0
-71.9582466606,41.4040275524,8.39824507796e-12
-71.7921205068,41.6916485736,4.26325641456e-13
-70.2248298199,44.2709283762,4.04070712168e-12
-71.1687105182,42.7462497095,3.96868761465e-12
-70.1211006415,44.4333551609,1.06336119903e-11
-71.2703404182,42.5769582697,2.27677960344e-12
-70.7067393433,43.5031124236,4.2794341342e-12
-70.637684837,43.6144827542,6.00178290617e-12
-71.2033771747,42.688617253,1.32399748919e-12
-70.6510278783,43.592998661,3.34209647674e-12
-70.621847556,43.6399609285,4.50004571353e-12
-70.9624212098,43.0867729032,0.0
-71.7636057739,41.7407354692,7.65850917672e-13
-71.8674168194,41.561632893,0.0
-71.9338336984,41.4464709118,1.08665018166e-11
-69.88206698,44.803878234,4.26325641456e-13
-70.6216459123,43.6402851684,6.30452053259e-12
-71.7206911209,41.8144561994,6.35487655499e-13
-71.645736171,41.9427715704,1.80130124391e-12
-71.5134280332,42.1678927583,4.15763190835e-12
-70.7926323211,43.3639494716,7.52335616316e-13
-71.7283855987,41.8012519667,7.65352611262e-13
-71.7706317849,41.7286481328,3.21012692943e-12
-70.7217077243,43.4789115915,2.78577869879e-12
-71.1446307269,42.7862124457,1.36873711349e-11
-71.8822325378,41.5359824629,1.0660529584e-11
-71.5902861092,42.0373329096,8.16422972054e-12
-70.8846835107,43.2140229982,3.76798311818e-12
-69.8778912043,44.8103045928,5.28794296193e-12
-70.2605823535,44.2147130654,1.88228195263e-12
-72.0090254889,41.3155504114,5.16134433664e-12
-71.8140782703,41.6537930856,4.18561523377e-12
-70.5721526422,43.7197527929,1.16584410104e-11
-69.894125256,44.785312094,8.02306185736e-12
-71.8515708595,41.5890422696,1.34480368255e-12
-71.4327604394,42.3042896359,5.65627908714e-12
-71.0898977326,42.8768361848,1.24967649079e-12
-70.8565752646,43.2598902155,4.84117097786e-12
-70.9216722957,43.1535483091,7.30482466125e-12
-70.7464079601,43.4389294901,2.04371300101e-12
-71.6535808207,41.9293688183,5.50428269061e-12
-71.2328536193,42.6395205957,1.38922150545e-11
-71.2628772189,42.5894247539,5.45559993603e-12
-70.5943046621,43.6842137002,8.88680630817e-12
-71.2512498487,42.6088361145,6.59780794371e-12
-71.6267477883,41.9751880213,1.10018415416e-11
-70.6326611683,43.6225671479,5.01095074163e-12
-71.1901008495,42.7107027419,1.92729735199e-12
-69.8872481422,44.7959024163,8.21218497046e-12
-71.8061903479,41.6673975985,5.70156394342e-12
-70.338994761,44.0910046544,2.0254301301e-12
-70.5888512418,43.6929670905,1.77654891703e-12
-70.3792381419,44.0272910004,1.49345343166e-12
-71.6369168631,41.9578321593,1.13619424144e-11
-71.4669567524,42.2465479117,1.42624447103e-12
-70.9525742103,43.1029239459,2.63210792195e-12
-71.6230491895,41.9814979538,0.0
-71.7338309432,41.7919037831,7.2142304994e-12
-70.9645868195,43.0832196115,1.91625907881e-12
-71.9041573604,41.4979830481,5.15043095003e-12
-69.9757646755,44.6592627516,5.29952769892e-12
-71.1156853368,42.8341750213,6.18151287063e-12
-69.9360357722,44.7206793005,1.51716710221e-11
-70.496938215,43.8400746574,1.97682926846e-11
-70.0736951739,44.5072549326,1.17293111814e-11
-71.2408257971,42.626227277,0.0
-70.1931767092,44.3205988555,4.0378994044e-12
-70.9259045415,43.1466203868,1.50832543426e-12
-69.9333356852,44.7248481033,0.0
-70.1035922491,44.4606729086,3.30068700774e-12
-70.3029412286,44.1479562628,8.48981691604e-12
-70.0288792552,44.5769275583,0.0
-70.2491713743,44.2326679778,1.83280716775e-12
-71.8947763573,41.5142479012,1.53542382861e-12
-69.8317200757,44.8812544526,4.94255055312e-12
-71.3174602051,42.4981228539,1.25731867858e-12
-71.9430373722,41.4304769355,3.07359460377e-12
-69.833211517,44.8789656255,6.73870997504e-12
-71.6695722532,41.9020279415,5.88908207578e-12
-70.3713011924,44.0398688518,1.01343521845e-11
-70.3658463306,44.048509864,1.49309302887e-12
-71.66288464,41.9134650199,6.34504356523e-13
-71.1409500994,42.7923158007,7.12611047783e-12
-70.2674828768,44.2038493696,7.45225836143e-13
-69.9651951754,44.6756161429,4.21642844632e-12
-69.7913015124,44.9432055956,6.00379681625e-12
-71.8069235303,41.666133325,1.27345131196e-11
-70.2324011674,44.2590335276,1.88093747566e-12
-71.0972035391,42.8647565731,5.29567112479e-12
-70.2468413416,44.2363327407,0.0
-71.2694948276,42.5783710147,6.27851949262e-13
-71.183962739,42.7209077916,4.56762117997e-12
-70.2061572234,44.3002409102,3.3083855521e-12
-71.8414443061,41.6065451987,3.06781713634e-12
-71.9123279331,41.4838095414,3.07184616512e-12
-71.5182302,42.1597525502,2.66811031158e-12
-71.0631323364,42.9210463218,2.63909607528e-12
-71.5761835699,42.0613333692,4.26325641456e-13
-70.7499092312,43.4332572832,4.65763276747e-12
-71.8342363726,41.6189971831,9.55346421099e-12
-70.8930340075,43.2003819254,3.94253172961e-12
-69.9323806202,44.7263225176,4.21368100517e-12
-70.0813396146,44.4953521244,8.0560094556e-12
-70.8382120552,43.2898143178,7.52959468369e-13
-71.6446184929,41.9446806437,1.80127450069e-12
-70.7728832483,43.3960092791,3.1269766516e-12
-71.9058082485,41.4951197982,1.43541880184e-11
-71.0040339127,43.0184159848,3.553003096e-12
-70.6423836668,43.6069189383,1.77777630553e-12
-71.4853491896,42.2154434623,3.88371519874e-12
-70.8506285509,43.269584345,1.31284275953e-12
-70.8723275096,43.2341949807,5.40752858078e-12
-71.6574027679,41.9228366973,3.05740047276e-12
-71.708681635,41.8350533297,2.08788829009e-12
