-53.9136716539,41.074848734,123.812567294
-56.9769535808,38.5826329708,111.339577021
304.589371207,38.1259839883,1716.30321521
-21.3895683533,31.5184013509,136.802106441
-54.2480730438,44.2266818254,13.2594714111
-48.9635532534,44.4200226644,250.217951253
304.027729846,34.7983067262,319.82885219
-55.487491688,40.8313362998,483.837140363
-53.7426005755,42.9099999501,114.749168741
-51.4540135438,43.8812780435,31.5637607847
153.322059929,148.799764742,499.05316442
370.626869142,34.0358452019,1173.55698934
-53.7575790387,43.0112939931,104.167537809
-54.8542934911,40.0241462181,183.677671425
-54.0568301753,41.0675437052,128.60170058
-54.2247793024,34.1494412541,419.544001665
305.224295687,37.7745240223,353.001681042
317.809724993,31.1794905872,365.853737308
320.132762696,28.7947319003,175.390111632
484.203622105,56.5430196681,2875.56784748
-58.5113264952,30.055319982,459.648288099
-57.7468483657,40.6061194468,81.661161608
239.890315404,59.4969647814,3652.42575278
-50.7067825034,38.6532758819,80.5663206272
-55.2381896048,41.051057592,320.718047617
310.720328017,27.9546603996,452.585421218
-52.663860312,41.925376536,145.932368969
-53.8296098199,30.9471539435,778.394677247
-55.5480413548,37.044502821,416.379037527
-54.6689529768,40.2396475341,121.781905084
-54.2548939566,43.3772731145,46.1070529606
-47.2355393095,41.8614087382,202.572674318
-58.232504227,33.3904776798,207.828418897
-58.7022596827,33.073618661,221.682099548
742.041681945,62.2416780559,4128.00132858
-56.9308952943,38.4557775471,216.00658976
-461.20349333,46.4752865787,1393.43960644
300.95128039,32.7047484381,281.752170315
120.952832002,52.3417253079,2781.91735647
-53.5073874104,40.9331264192,112.212062288
169.929109848,136.087194447,2021.7620207
-51.6965498947,40.5007204398,85.4777263506
161.86146069,149.803728912,146.043874888
305.117339845,37.8410520637,184.001438471
-52.7173671952,43.4995572124,29.9808398804
161.246970419,149.166376456,1425.55108101
309.702820321,39.8015009994,176.135248598
309.301518059,34.7791187222,370.920793863
-55.4498334374,38.951404642,221.126793059
-53.588264631,43.219596339,104.427731677
-53.7778552493,42.7115964659,40.2849698652
-54.7929789529,40.1964703832,174.49501164
-55.5337164048,43.8653445806,55.2702394674
-54.4334346181,40.2279668815,199.259231044
313.44434412,37.7385449955,310.549368656
-56.267724258,34.2989941249,189.617312905
16.8476963921,114.280603998,2246.18532658
40.0862490302,129.087908414,2550.80300719
-51.0959105809,42.3081730687,52.6528576364
349.908340285,34.9052972965,175.637936137
308.59837724,34.9635052095,51.3588557999
-185.520714882,145.141238254,2328.01398523
-52.3089230496,42.3212257969,79.6047729252
312.404528489,31.6428839266,375.640269759
161.88205124,150.184896149,108.322566084
-54.1721909652,38.650342242,378.483640657
-54.2962575119,42.8646972363,96.6380184148
-53.7544827166,37.7379479156,119.544011555
142.241652897,149.678968158,361.867499674
851.448899102,97.5151327438,964.626040297
-55.0116144414,40.0365403788,111.965916073
1372.06352568,83.1113170267,2180.81148175
-51.4645386658,43.1353288591,92.4480876454
310.728445985,26.3147708005,1677.94293367
-53.3209226086,42.9103345718,40.7718093493
-52.805333921,35.1225167034,229.755943285
-53.5453927001,40.3407201511,140.620173565
147.089689426,125.693039417,1796.01646013
316.182823409,24.2201539391,355.109529414
-54.9570535612,42.3860635124,24.9920178358
156.681214395,151.449221072,42.2173597738
-55.769359845,41.0211520622,35.9292805117
-56.1920951509,39.8967057213,479.006531865
326.095376977,28.5406385288,135.002113615
-56.6254886721,39.5678433131,50.357301105
-52.7288865025,43.6290360738,75.0407714351
308.350292809,39.4977556249,197.914834768
104.452940572,46.5380569331,2604.78181885
-50.9605598767,37.9688656801,207.396263155
163.567827153,147.150371644,509.447647299
314.776670615,26.2672383593,458.984088393
-55.2436188481,36.1241296531,139.010263856
-54.3543606718,34.700459018,160.302148489
-58.5941327779,31.2135139227,253.846796418
-56.2142520924,40.2697589759,42.2177889558
480.914490997,51.5305502394,2995.36519505
-204.457136588,147.111957758,1971.99452876
-57.1728905687,35.2544433151,171.423572181
318.807601659,23.8829452094,408.511569841
-50.3078508705,42.2137277661,101.25107606
-43.4574071705,27.1932998793,507.506872612
-1472.97391017,83.3823887987,2463.33897073
-49.9522465202,35.8851601767,400.355823085
317.46068342,29.9102344221,258.856890625
-34.7527548811,95.3648611777,1983.26990669
65.8348710414,36.9337981162,1893.63175247
38.6058295615,107.788249644,1326.50546758
341.487237876,31.2531592869,39.8177352713
-51.719229077,44.1391638709,43.2923429362
312.599294526,37.1540965225,272.982771223
-58.0868962847,35.984356451,174.480924286
349.126364922,33.000467373,1307.20037665
-840.152706039,100.184729103,1305.6090234
4.70073393369,104.106737022,1206.34084685
332.96275295,28.1471735146,152.663426873
-49.8858432717,41.7892419707,219.433476856
-50.071537817,42.9230025691,34.5800454756
-54.7052838386,41.8270951529,168.970719925
304.292047376,30.026909542,306.850863029
1542.91376861,42.6026427126,2197.41389697
-54.1238919368,38.3607607611,280.805787955
-52.876729782,44.6153395579,461.904798806
2161.65582341,167.556706971,2579.03182256
313.319988204,36.7085790649,51.6543012068
-55.6959674551,38.4281363219,299.249464557
322.117890428,50.7942007443,822.89581926
303.52491206,26.4161835558,396.116988032
-55.106598298,41.4572606318,48.0042809829
-47.2906418645,40.4132425834,168.295169477
306.998489828,36.4896525101,249.069485957
-50.7091683035,43.5769382758,34.6562722171
-53.2363691037,38.9348456946,207.574220596
1.59711232069,71.5514079776,442.408646235
-49.5295101405,37.5985532855,375.154323171
-15.1433674664,28.6882940824,2.81870127809
-52.300597009,42.062100627,71.7866903097
708.155448158,78.2001072807,2457.94201118
302.189729641,26.1394540085,527.005485993
-56.8803490468,41.1188155387,589.869081072
-56.5431015037,39.0481335521,130.983193773
-55.7075770638,40.5435864045,548.99602423
-54.1707594639,39.4102183608,167.781311921
308.091047042,30.3001944919,989.360153736
-57.5387492976,37.1713306487,182.912441552
-554.387868229,133.183108097,2146.96098104
-51.0893330552,42.16544786,48.8363786813
-52.2336206507,35.3983801283,611.715703722
305.398111525,28.9588355368,377.755178624
-51.6567032889,44.3753473209,20.871541314
-48.9768644689,43.0331857713,322.984269619
304.37576203,36.8193210963,95.5087477604
-52.4953002007,39.4362433253,151.604198706
312.120454973,37.5449658556,73.2319584616
-55.5278144767,38.2053248642,264.765535996
-57.0923108128,39.0776619295,257.313208955
196.719668665,68.9075625794,3254.50631789
383.151129028,35.2867940776,1073.87997464
-56.1571511661,40.8459928354,137.566743354
-51.6213619891,35.3159334008,239.744760073
302.346135767,32.7492587829,224.903516409
-52.5045091016,36.8081069411,110.004163189
-53.2788327705,39.6822822881,115.686656692
-49.8904530691,37.5816703519,369.874326961
-54.295893672,40.0942675147,174.083038505
308.81287034,26.7759017167,999.637252758
334.500339471,33.0617141439,16.0513305975
309.911488931,31.5070554358,310.99355346
-56.232091014,41.4698655411,59.9754071925
145.891595769,148.279231799,389.158803335
-52.5701103714,44.3383091764,27.9223235265
304.541867172,31.8003340137,261.091122236
-304.318275714,118.267370408,3932.19247797
-55.7314478639,39.1442724648,139.247125532
727.79066368,65.1400504194,3887.20984642
-53.4709645279,35.2235955805,159.743927109
-53.7094225365,38.5125811761,214.53323703
119.056574321,49.6868782791,2880.14526194
160.728913822,147.672643024,71.4171612493
321.136302749,24.8375516311,1539.05747762
158.301855822,90.9463479194,2108.47438291
-53.0769258529,41.9219639281,57.3734714872
-51.852802469,43.4357481968,78.4888526172
-10672.9275677,145.69580985,334.600279165
333.640643385,30.5519738375,1367.64540626
-55.3340225017,40.6123351683,291.512436044
-53.1260733015,42.9869809054,101.052771573
-28.4509297907,30.2380038168,261.978615053
-194.42422914,134.263995995,2100.16425395
-55.0868526919,43.7756930583,24.7035040285
-52.9542092042,43.8786649905,45.2289632686
-54.0490859833,36.0948022212,132.811120859
163.353359329,142.559711065,1080.06216951
2868.35553682,183.656547603,2809.92660984
-48.0285028297,42.6752090142,143.276664051
-54.9368342568,40.620412197,470.013286071
312.052008892,27.7501813561,299.302725125
-56.5305398425,38.0576499934,133.467984879
-52.2840446412,40.5813080587,105.370797523
-54.7858988971,40.8221723272,385.684130586
-52.73147242,38.2396691821,94.4135510764
312.537419325,28.5777372252,1025.50982177
-56.2776985486,38.6279229875,159.198163985
975.197011162,57.1859310964,4063.54396853
305.661185193,37.0123830155,290.534277614
-56.4289880289,40.0724786537,123.373003124
-51.2957145619,41.4687634361,83.0838035565
-55.3694616183,41.7084068509,234.668607627
315.119572303,41.4506231471,756.470920328
-47.7938789557,38.3862947458,251.639174993
-56.5177427113,38.8396476161,178.782378137
-52.2939991372,38.039927014,153.408535124
-52.4934169405,42.9511207371,98.2576407325
-640.257885214,74.1239791589,2376.61359815
161.281265774,147.19454051,48.7865758681
206.106138759,68.4733295168,3455.72190144
-53.8739882761,41.9953336909,36.5493591794
-63.9078691394,30.0796160087,537.789855112
310.121159444,33.3617265368,440.117748338
210.931623966,67.9514996249,3366.03041356
-54.5455450333,40.9743924005,117.869228194
315.507765861,30.0135326343,302.82098305
-14.2840349413,82.4619519906,2840.62042036
-54.3838041231,37.801970172,342.971441223
-50.871235529,41.3953957304,132.483867162
144.401395285,148.235512289,291.930497251
871.886747181,149.337457348,1977.98488529
316.037465834,33.2103339643,442.394977971
306.246571624,38.870023161,1473.23173117
4991.03878789,81.6539243323,1591.89742456
-55.2908428363,41.0412001526,211.26728284
368.560211867,37.7418219994,657.267511222
-54.4270461728,40.5287958698,267.036593728
-55.1752968712,44.0053686587,45.557418983
301.698706158,36.0360046709,438.909344455
-384.997657555,139.642455979,5747.65779209
-685.626577478,116.243120341,4085.08677387
164.299179784,145.775189764,2481.89059911
-54.9314505366,41.9860668382,176.243156296
-50.4658283757,42.495845984,40.3598145934
-55.0670824677,41.3076037933,177.857009951
-50.4888031494,39.7696408574,292.836026407
158.439813128,146.406455204,40.2905304803
-55.7941911044,39.9403878747,386.92918016
358.92660673,55.5598145535,4345.26718781
-53.6678653779,42.6188612852,43.7357895114
-197.169992895,-213.144325326,230.548471062
310.733716463,27.9939197797,418.361120774
310.089222174,31.6803946818,162.637789225
-55.3275212016,38.9507577095,117.471154984
-52.7597461967,44.7650174508,26.1851882815
303.456909923,33.5000694921,236.30149456
479.014885309,88.6321091942,2116.16611523
309.736127608,34.323287071,323.699346257
309.613764669,33.5758047947,267.503901681
-52.6414019741,38.1866846964,431.928937538
52.4026164318,32.6212733588,1664.63857009
-52.9859565669,41.0543078245,150.852692647
-52.5188999337,40.304061421,205.335256984
321.856298169,29.4655734388,305.834636696
269.065232984,92.3707596464,2179.05155539
-51.3037923829,41.109141627,158.663732991
-52.5132551257,44.8663984532,963.46743431
-55.4887379326,40.1918726863,80.9278561163
-50.6078065912,43.4793915268,38.3153974727
-57.5256018166,39.988333214,200.808596195
-50.6920993671,40.5593647345,121.212537402
-50.6016570903,42.6425310146,44.1856556397
301.265848731,27.152191556,573.196023703
303.791936685,30.9647313163,233.446306501
-53.6768993335,41.2208413674,118.989803768
-55.9790108532,41.2738709644,270.237317707
351.660310195,30.7440131098,2344.1335855
-668.054221079,130.918940103,4531.35315195
408.877315036,34.6181280246,1662.51820318
309.10345421,25.5735952143,530.650398615
-52.0990299213,39.2020611383,282.551843804
426.380862386,37.8770911519,1940.7483874
392.586943949,32.0554757347,1307.27508975
364.94555162,33.5025782145,1421.05487639
16.7273914201,35.8634845238,744.846420796
159.780591099,66.1758097928,3495.46193392
-56.3161374808,42.3520749875,60.9572437068
-50.6121981389,40.9203888481,105.639919628
-54.4407756769,42.7717809146,36.3756468591
-56.9159308058,38.944584399,143.745438615
-15.4113191037,83.7365128484,2813.16092665
-47.594760645,42.2570668717,245.672301686
312.480940622,68.627429502,1936.25261563
-51.4110290013,37.74214361,366.243818164
-56.9147866651,39.2047230894,133.511820256
-51.2633457682,44.3933938157,41.9500984843
374.692213375,37.1400475724,847.301629624
508.449573262,149.787130865,346.164346986
-54.2623430605,40.9983732622,263.228641392
326.12759352,29.8867640228,211.204978482
-5782.36790309,107.722272972,3240.49759854
1.77591089686,111.55800422,2436.62103518
-50.6736975145,42.9232070462,35.0871964015
311.287439872,49.6936286337,1558.16654606
1948.83129398,216.555306815,2578.78950563
308.74473681,32.4737591709,338.924806735
-53.4181750977,38.3401866352,102.601602296
-56.0167410916,38.878541181,246.056654
-51.7324113359,40.7061438929,78.6512841602
305.580442621,37.0202986891,318.588462938
304.869607859,34.9500435662,341.860275131
-59.1893656272,38.0488763838,166.448084696
139.842716812,149.129853099,179.671709645
303.851013733,32.6748207026,228.962308246
1271.23500491,132.747298951,4232.00227586
-54.6776164265,36.0520360688,612.490691353
-53.8599949147,34.1029338206,205.550926593
-188.986281628,130.030956316,2278.58558435
312.174773412,33.8607140149,171.997471817
313.213050485,46.7186541817,648.649079156
302.195198245,28.0300852236,300.58401582
1740.70034521,100.429212312,1659.71554275
-49.9833774501,37.3263304677,207.701050168
594.750400937,103.522586384,861.180344332
-47.8018457583,42.4386109725,290.904160341
-52.8171136574,40.9021370078,93.1745560334
310.544139476,39.6454689334,215.308933443
144.885411429,125.495355098,1793.42776997
307.267650788,38.7974397367,41.9275599277
-49.5986998868,39.2520185953,293.542100919
-52.7667086913,40.0444513655,123.323992344
307.220498871,39.1558342174,386.235044293
305.400029639,28.9870923941,2077.11084791
-52.1537729974,40.5656376985,262.853307449
168.889599902,150.227005993,1619.01002341
1816.85708151,109.598186356,1683.4071357
367.171023042,32.8375398639,583.822076446
-54.073010083,40.5483351599,333.378142674
-56.786189692,38.8813023849,194.658136118
298.889895807,29.9652194705,384.109881128
152.618065511,148.650077149,593.357578721
184.035161389,72.6745527602,3512.20747841
-53.1470216666,39.519145589,128.398589171
968.000030173,90.7961861328,779.532113502
669.779601549,51.8610028659,4475.82602449
-51.4410150269,41.0188350497,165.743473236
-51.3013697161,37.6809400925,89.1381911281
-53.5353730488,36.8552481346,114.780079361
155.434595225,149.733394251,157.727218263
321.744296026,28.1353321107,273.822486124
-212.193042369,154.058039252,2491.54294879
122.01551763,50.400443292,2929.34848891
307.331033017,39.2537244093,180.521057433
-57.4081394665,40.8262051554,87.4705214393
-54.6971392479,40.8385601316,349.140122327
280.809311688,96.5602205607,2956.70047348
-52.5185155831,34.9610996345,395.726975652
292.143601701,84.9024223863,2314.07874817
-53.4066823843,41.4845913052,62.3429596248
-53.1334768028,43.9699947065,1037.57453129
215.925609259,126.464359424,1617.76692961
-56.2692087589,41.0147067432,78.4162929904
-56.6600640498,39.7513306778,128.040396004
307.831749351,37.3027944843,180.29180639
300.929363978,28.015969247,343.571766099
158.898432991,154.070445644,395.248598216
166.300320742,149.180074565,1334.21888055
-55.8490776951,41.2377371227,48.9417970412
-54.515049629,41.3138745672,81.1151824895
296.440521101,49.0515298033,4415.97049376
-48.3657278097,41.269503048,182.623921451
316.022054481,37.9654343597,1387.84802151
165.45154886,145.257023626,1114.68462037
-49.8161586068,43.3310211088,411.744730574
-51.6624971155,44.5143141573,503.415153501
120.694337272,123.880176606,1856.97585365
310.716857618,26.0981621572,265.944711274
304.248395119,37.4130854932,198.850276923
379.839596508,33.4550601446,927.666180137
-53.9865979337,39.830564554,84.5897927829
-50.428100802,39.7316486698,101.624569031
-53.4873114707,40.4696475478,293.457096069
359.360865576,36.7811827314,374.036797181
636.818001641,89.8680627825,2655.93358212
-54.9221000074,42.9245898756,26.8160244765
314.90899104,31.8627997509,242.210486182
-9240.13362051,94.7875899807,1366.53973837
320.864828148,46.9712568673,811.473030045
-58.5234284619,35.4118328383,464.303513163
-54.4298641365,40.6677079771,130.957435906
-53.1636983099,42.9504603813,65.1346406061
-50.7437645798,42.8201925298,206.545372663
-52.8231246234,42.0313837147,110.796889452
-50.9325564529,43.9880709151,36.2350063912
-47.2439952109,40.803053906,155.703291491
-56.7108723492,35.4147854118,163.728746088
-51.4588443546,43.1960919748,57.9977194212
-53.8229020174,42.1818268115,33.1106108235
-54.8633914409,38.9025693227,97.0507671106
-54.0504278376,36.222016871,127.547083187
-45.5625687769,31.6408279174,503.273998816
163.819084562,146.575676955,766.815261171
-57.3150746058,43.2337713271,121.495939328
309.70433833,29.8097744539,417.706006032
-53.3402285831,39.0261646753,170.066657617
-54.0411244304,41.7577283368,77.2534213437
-46.0907515744,33.1292282305,477.210806257
156.147642663,151.027878207,237.223795665
3594.81594573,100.636435748,3282.51960889
489.266179765,122.908388502,1914.80309134
311.641128979,42.1736288578,698.069756358
121.346518866,49.2359304461,2928.11496928
-54.4578484759,40.9121057653,127.906810113
-54.7227572732,39.4387243171,184.928871934
303.710312206,36.9816201621,1995.08532645
-50.6432891984,43.5357268874,39.524765035
639.587016027,94.0247949028,1933.24180915
147.359950415,64.8875921055,3031.84341164
-55.2309405323,39.8364656292,159.513857173
351.877054262,30.8009515188,286.505264572
-55.6353589756,25.6494655698,512.563627119
-52.8985118972,43.2856350619,62.025715699
305.95419219,39.0461941446,305.67914619
1924.00464471,216.351200132,3043.88319354
316.379664983,33.7709930197,1298.36730335
225.042307092,102.563169712,2022.00757655
1052.37125671,57.6802310731,1352.83466794
238.648573865,59.6431241308,4016.95893556
336.850222491,28.8524934336,2186.08521987
-54.6455911359,40.6758297696,121.460139099
-55.9065600535,39.0597575687,188.343581217
-53.3412247601,38.1239989291,190.782858338
-54.5482424821,34.4719314517,526.016949143
-55.0704264339,40.1670116561,57.3105758887
298.612671308,26.4189384966,546.636907655
-55.4239012562,40.8678834595,144.308705199
164.300126587,146.913893242,356.818693421
-56.5929309779,40.9357748611,118.956280137
116.79361088,51.6197255412,2728.81561755
-49.0666421482,41.4491046114,292.210467407
-55.2264575965,41.5873811101,37.1432703308
635.915248315,113.453832153,1161.3089709
329.470705957,31.188700839,308.998413416
307.982582911,33.3681209284,242.530779144
811.694200009,89.6664497112,2446.33812173
-51.545540258,40.0520239924,148.530913253
-53.2291119157,40.8710577416,93.6030144279
307.218406239,40.2860981671,222.339351558
342.974623352,34.1308854416,12.9079748078
-56.8130010771,34.4092043384,254.905721268
-50.9030372483,43.8557936233,23.9112391037
-11120.8951164,73.9047250509,1350.10493792
-51.4881810187,44.7669069039,39.0670224993
-54.8702157031,39.7280000313,369.294839724
304.259781227,52.1225359236,4471.16444621
-50.7660064664,42.2471242043,103.229337215
-56.6119914974,40.404861302,46.2319579786
-53.9448970293,37.6772487636,338.423834974
301.987750782,36.9446775601,170.731213136
-58.3352807468,33.8843372191,207.530758963
-54.808427628,40.3234540519,406.179926261
873.345767262,129.517007895,4615.23650509
525.407832752,148.200148398,2063.07620514
-6.30690635291,35.0092091395,197.496960444
310.755976964,37.7876888578,937.199801446
305.880214646,39.6308328418,586.55987039
317.61413899,24.5471883476,372.741806857
306.529357758,31.4106410326,234.427066736
-56.2275332387,36.4928907564,181.167060621
-56.071381772,41.0255660224,213.69542004
671.685460325,36.4719634219,1207.1816812
59.4548563058,38.9084247382,2179.13774901
-53.7512396531,37.2565837324,399.842441269
305.29304395,30.5780301609,264.606279133
307.423763979,33.2577170425,191.642086237
308.455180284,32.8685650063,952.567683451
-50.9741390845,40.7815550381,247.349187675
-55.5475704297,39.7984922908,465.834595746
-53.2196540125,41.538131752,91.6168441576
-53.906008353,43.9050418999,21.4325777006
387.057284589,36.2782383887,1146.66621898
-51.7807802718,43.0228550684,85.2037003709
-54.923987396,39.5394454074,88.6108458606
306.094329764,29.2916229699,175.351161833
161.701167793,151.490312204,226.971026412
-52.7450711538,43.1792045937,822.91020434
156.445285695,151.119106626,66.4456291283
394.752135497,36.7635736371,1279.37151804
-1327.93383818,98.6320858092,1563.2109883
306.141101037,32.4005922775,2044.84207907
-47.3284638586,38.9251110074,224.736743809
-54.3635479964,40.8675692042,308.688910784
-54.2123924675,38.8377470491,254.63780185
-49.3685456259,42.5609086792,156.287510025
-54.7239407194,35.843395709,138.797358989
-52.8088370184,39.686227246,200.413682742
308.399352777,40.9569194869,225.755692299
-53.2071897926,40.3630544004,115.884945277
-54.4362663913,41.8166391473,90.3988902981
-54.5039523302,39.7377494486,183.547732662
336.401839636,34.3989452016,65.4228203817
-52.2325773861,42.1396675741,130.492536699
-52.5082617141,41.0701261678,185.354231018
-54.3134212416,41.1755064387,80.4474570356
-55.8966006356,39.6697621863,183.147028697
-52.7585639575,40.7909274759,165.130045236
337.122906662,50.0090647883,2109.05910793
273.366350133,40.9580501664,2171.38916268
-51.4361937342,42.3982748244,62.3760517467
99.0658561118,135.460966735,1026.74362843
357.286687669,36.5227734311,351.166198766
335.080635299,51.7105218625,2001.96749853
-55.4158574035,42.2544191863,22.8253578471
-2719.36123984,100.122854044,983.724684318
-54.1716329471,41.3018575804,232.49800715
163.474502096,146.573339313,507.661509912
311.176428643,35.3913821758,106.167061156
-228.431210842,152.516404936,2812.37462036
176.742393382,134.028605226,1995.25322546
308.525520205,33.0170631303,363.459167165
-52.1274153529,38.7483398167,121.617110515
-57.1658861821,42.5047476038,73.1942293567
-25.3646777886,103.830316439,1790.8538329
1905.97282107,97.6670384165,1090.78761921
-56.8064140679,32.321429632,272.609972802
134.552341906,143.204459435,1039.23336156
315.014287274,29.348819841,482.083488159
305.899518398,36.0712822024,196.52367247
-52.5805523384,40.3272494888,239.354042998
-56.0748968328,39.7822735804,294.388872283
1324.74911039,92.344119745,2385.59784187
-55.4285977147,41.1130525464,54.1432355613
400.876961271,34.3210838052,1448.91484356
-27.5650908333,26.3685997349,278.1514224
363.793259434,38.2579163637,485.845602672
307.858806663,33.0746723009,169.922398182
-777.159888577,95.8318777861,1312.77464802
507.051966705,65.0569413775,3086.48210618
-51.843621581,42.5831424823,54.3742746813
-28.3985391358,77.644977944,2423.09388137
-51.1862221278,39.6130070652,70.9981074133
304.725364891,38.2171081668,226.478784124
318.977959893,45.9838549184,721.088525583
335.731819404,31.4365111343,1249.9767666
-56.910136718,41.7810254334,88.2620122165
-58.0778407649,36.5236413394,340.32909305
-52.1232012959,46.1202758567,922.456619749
307.353130052,33.3937163954,185.886830157
-53.657654722,40.2780669186,242.507415085
-55.2193270066,45.3548913729,975.640202465
-50.0745555087,42.3094460355,74.2851282846
-54.7589063126,41.2032564435,279.861239534
-51.055212231,37.9978700567,115.21464435
18.2958905497,34.2614968904,789.447842289
-52.7395098678,40.3817026784,255.399802683
-53.5072252341,38.5114120821,186.717537877
304.744775136,25.4642427602,613.001572649
-49.7303676084,42.0089822479,102.311629928
-51.4052389864,43.9461369631,47.7649835708
-51.8373296175,40.8559667891,165.58036877
310.073119864,34.2907859284,242.814493096
315.329142581,38.3161734202,1484.42726404
-281.58740469,83.5898705415,2137.54552095
304.574734197,54.8278233931,4326.44595328
306.62054692,37.8749914925,277.16018552
-52.2155608988,36.0944134432,278.991503722
-57.2628039905,43.4641776228,106.789131965
-52.4594379372,39.9658382068,200.516833695
308.712273822,28.9623762003,977.87904765
-52.1235940492,42.1784744113,81.9610322275
-54.9900294004,34.0931128648,192.183520888
158.118782295,154.101736599,41.1360919902
2598.99217993,129.363906758,4953.28120458
-54.9600913516,39.8113850094,86.9341875893
-57.637107148,38.4626518446,141.460648467
51.3113539243,36.6398185952,1557.73991917
-54.8620454086,38.1473229202,193.786108674
307.82481248,31.056650765,147.532418
94.639699559,41.1652252197,2504.08364337
-48.0021155939,43.0613774658,228.161741029
-78.8790717996,89.348467767,2610.75012572
36.8019717115,128.102542851,2374.8077692
163.875466315,144.866079411,472.075515955
389.441156391,37.7431797691,1149.81204597
-55.9726815286,37.2599380417,137.778001127
-59.3492737698,31.8987006306,254.824739599
271.80143608,35.0484130257,1711.8401198
-51.572779141,40.9228133531,144.475156034
345.630536457,52.538581056,2312.73136994
305.928796564,27.2446105217,397.84017777
303.434511107,27.0335873534,415.945627686
155.714022784,152.32486633,104.850021341
3038.11554236,150.273075227,777.501141347
307.384110145,71.6881773073,3547.63936086
-55.2412514435,42.0306983203,183.702931613
307.071048308,28.7979244685,273.151586427
471.009169234,94.392773023,2338.35631047
-55.8481499873,39.6566565402,142.68295666
-171.19382094,151.286971905,2426.75959158
-54.5537647524,39.5603374287,205.692852364
359.588768962,29.5211542135,2423.88358433
-54.0655958357,42.1587931305,54.2088767993
-53.9460291743,41.8754011272,131.603921877
-59.4846190576,41.6743278987,697.931143355
162.678377763,145.731467193,231.742690645
-53.1413262198,36.8098822345,524.425467555
-52.3517750354,41.2813884887,97.8977421797
1610.2822814,98.4871753202,2839.89412421
320.867756178,28.6488397058,317.40374931
-53.457829524,40.2143600647,278.304305513
727.395419964,56.7009862795,1705.71885222
-55.4657734083,41.2368700669,248.297473314
396.864384403,31.826499713,1421.03605505
156.837601045,147.778827394,260.660956535
-50.1272395864,36.4008394717,403.192253677
-205.549384652,128.479020124,1867.81908435
304.644121542,27.44329354,419.630054675
-51.7392057769,41.8933901642,127.454259704
306.161229974,26.5434153265,338.110249278
342.938361512,31.7198633919,69.752872419
-0.785536875536,77.4005926212,3158.81065945
-50.3078822089,41.5582840493,227.613541786
-52.7547849347,38.9931777699,180.76617104
-7.59262867651,36.1160367082,166.598501438
-53.0528809114,43.0809971262,34.3007511712
304.440781817,30.6715624119,230.347023752
309.656043611,42.1922465793,178.718688277
308.731753851,31.4419581567,124.430927041
359.761017676,37.9070267779,488.229175877
310.077941107,35.8554611229,487.215995456
-16002.7413784,146.132135619,1266.95509212
-53.8546206465,41.5698126673,72.0903294379
-49.4048767988,38.0117265343,216.619575559
-53.0455361531,37.7241635379,120.716802841
-52.5813637876,40.5362517429,182.578645145
-52.5784694213,41.2071525129,112.57472953
1.10474341771,34.9432652964,358.815663005
-52.3867406177,40.3200473861,101.507817969
-56.7860352882,40.7309230176,30.2878694388
308.892464695,33.6038520468,325.459569312
306.50597372,24.6999968541,476.496070698
479.252478333,53.660578772,2766.13130111
363.240894064,38.0493028714,485.53929545
88.6916055792,114.487535237,1564.56627865
-52.6960339815,43.2373426367,56.7628706512
-54.2050274907,35.5158155572,367.166369488
354.222206343,31.900272068,257.031563908
161.83164326,150.493679829,122.166946186
-54.092725606,38.5393579092,225.548296056
306.609292048,30.2727980445,231.337250703
357.997922713,34.2075320408,397.852491914
-52.6494706455,41.2363853802,108.652411164
-55.8455976528,40.2092003973,94.5366322094
469.737153414,47.8478734686,2929.51077864
-56.7818934909,43.2837868619,88.8552103105
-57.4738754344,39.8640756646,150.401967299
305.775821032,37.2093357932,207.428907276
-53.1894286786,43.434613697,23.3063914562
305.387327105,28.9873517301,474.023172322
4992.78167002,56.4195156829,2789.77077731
302.846018907,32.0538971979,220.972751161
-5620.39365813,146.634663897,1353.40717236
311.142362032,25.9133084651,410.665726144
469.486708207,52.0331936844,2584.61303811
-52.1549924762,40.2219600309,98.5464463873
318.025446181,26.130150462,434.291841834
-56.7345974318,43.9574561563,82.2441833948
-54.0986391215,38.1170885007,241.660884849
387.776172621,35.0101097722,1688.84324505
158.212013769,154.979696757,459.297316946
-26.8373298985,79.4213961258,1532.1550254
-18.1029838706,33.0535101695,71.8698167056
-55.2033579005,41.3240863516,413.486073387
-57.8747247353,42.5599422328,172.815108788
303.375844598,29.7985454947,287.838145627
310.974168481,32.4436794459,1392.02327666
-56.8305094785,41.9359733198,24.6507735577
-63.6998268665,35.8754654699,750.121011815
281.387730543,89.0227626308,2194.61086845
-55.0312905673,41.1086535216,420.200825704
230.412616011,101.668751478,2058.02463401
-55.3059433753,41.6891949143,112.065613932
312.161707154,25.7527633149,1838.80249199
301.607085869,77.4148074801,2386.31725727
501.855662524,118.734208203,2318.65779235
-52.2374994116,40.696174324,93.8932378378
-53.0389625097,33.2681181833,749.813480846
-113.489903554,8.98700063986,4153.69067934
-50.2832337931,38.9477197165,72.3181304425
-50.7359212802,40.4490134052,100.66058514
302.554744171,32.6254950209,254.109413056
-55.0632324158,41.563696104,212.863982203
-53.0499256319,33.8588063972,350.83818061
-54.5786101743,37.9120140896,333.999758839
-57.1430604009,37.4855551233,241.840470484
308.062050527,38.9170727364,63.3578383844
-15.2369712802,92.2462785905,2765.0051265
-53.2169302286,40.8056149006,124.531751663
64.8977513865,40.9150762115,1774.84673349
-56.1172817175,44.7993834716,800.386567816
877.322399826,144.544704597,1876.47978826
-51.6834572396,44.5197110485,24.0038096435
-56.4457750389,35.6914186034,156.636159641
307.76902048,33.4713032804,194.431878608
-48.0050639949,42.3400982039,335.633244308
-52.2631251828,41.8682459079,62.5888238654
-54.657012501,40.6849739815,391.807529478
-51.1295430654,45.1202734648,553.880417276
-47.9630721675,42.4453617271,462.725256106
-55.5293180169,43.7656685378,58.4716010986
-54.9922624652,39.177551781,289.775040781
307.0446997,37.0372445493,252.374463883
313.052670581,39.3518039432,186.150928769
305.857601443,59.2973992129,1163.25959786
-54.8055758656,43.7929784644,14.4142144229
-54.7136379678,41.0999731565,104.941031138
-51.8981243583,44.6365110756,40.8119567083
-49.2022671346,37.5697431904,371.527777052
-54.570934399,42.5718736635,85.7616006518
-53.2217751593,42.5911419668,119.835577776
-36.4601437044,107.392297548,1242.76903538
-53.2122044976,34.6680314042,193.583322787
-52.9955067039,42.7142210648,39.8897702964
409.826554834,30.3824977805,1779.71775085
-52.0766471255,43.5306854422,28.7522839501
-52.5064639786,45.1605029027,15.910732545
325.000646384,24.0490997639,348.949602917
502.445589155,58.0358201251,3515.6722348
-57.2927791888,42.2734892348,125.54622601
-51.4499440923,42.1472725254,53.8702654251
311.049750439,34.9894204955,165.30502361
-52.5895256142,41.2574714248,181.074423665
-50.6671397059,37.6280410822,433.111337401
162.995329518,148.2560692,1732.00245244
-79.7862837052,127.559334192,2124.53270139
480.838862933,54.5331075539,2882.3500484
-54.1819364675,39.7223048523,87.3026082163
-59.1873492175,40.3434473103,788.071339298
-50.6818480928,28.895440951,532.833559299
-56.1287791635,42.4788711785,16.7941538481
40.7083890521,33.9054964817,1339.95047306
669.822850434,46.9845024537,1968.51966348
-54.7482154982,42.5549875582,87.4822777867
387.208111699,37.6904218308,1138.28860623
-53.4709733876,40.4961707741,112.362485513
-56.1851017646,39.6809256959,117.539679989
161.779425612,151.042061692,94.6907979938
429.107140345,38.4207834627,2095.13908072
-55.0538189941,39.7339384317,140.323582441
228.720038638,98.1175295857,1976.78201214
-52.7721962436,43.1662325132,99.5268972857
-54.6446883585,38.6600722596,136.910373426
-54.8648131848,42.2887354018,33.9645988333
-50.6831162729,42.2211295492,105.614877272
680.286437741,60.0721923697,2140.5899309
-53.9632614197,41.9322663405,155.837710961
-53.3907512271,43.8192396699,44.1914009664
-54.197693412,40.5855846061,109.369358798
1025.04235375,41.0717615814,1917.05895122
356.2041575,34.3303692342,306.749549247
161.713664801,145.835470522,76.3485067755
-55.5050145855,42.1579371885,170.290537963
683.916464007,48.6377874906,1033.95270753
-12.2222729562,81.1604105659,2614.2221023
-55.972508155,42.6857162684,33.1539940928
-54.9313541832,40.7064976743,175.81954703
349.429421892,33.2289776161,1231.03949463
-57.0921496021,42.9339460495,129.651807174
-55.3691019206,40.9637753581,119.09351101
34.9849762291,77.1423251166,600.356635707
115.903583588,81.8302485753,1156.92410448
-48.652214083,38.4803430613,287.033743997
349.259422472,32.8168626592,166.206173475
-28.3710317,97.1315688219,1991.46421022
140.400518271,58.8136100496,3160.52264345
23.8601633971,127.671796156,1969.3307973
161.349116326,153.821872548,1227.36025985
1610.09695518,146.485246722,2553.24534238
444.980849295,43.2433336583,2293.42500278
-186590.834173,146.145399429,2112.62768589
-55.9920685589,40.6039544057,114.486972946
-51.6373672325,40.9735214876,138.823590319
-56.7344994082,37.5984450646,521.622044693
420.216319624,36.1196192319,1945.34404556
309.746827251,31.3956315142,1791.87425411
337.079204787,30.7505001091,1361.30749316
-57.0309530746,40.9374124943,129.186520967
330.427637252,27.2223715152,304.850795371
325.73004905,46.4346826225,1082.44557121
315.24461815,30.7802376971,327.766080741
383.053441482,36.4613563027,1002.52054552
-55.4763629945,38.3937896542,264.257234193
247.316579721,95.1986967039,2161.21946791
-33.2538484297,29.1114098923,341.756492162
170.36249233,75.1966097024,3101.24155203
360.223356985,38.7870355402,444.326692663
308.556389134,23.6201911627,441.630180271
-50.8900245941,38.6270621912,78.1460107532
-55.3485736838,43.1307073012,22.2534913468
273.569205974,0.852026123049,1343.12118982
-373.620572303,78.5137075518,1437.04434745
320.243384785,24.8365611878,385.275265952
364.799009863,34.3983268761,551.77380216
306.601115196,32.9979727331,367.668446325
325.086128362,28.3390898845,304.490262766
804.940922963,113.192542266,2871.72897927
303.525632304,25.6218211919,371.721693173
161.58517347,148.412161913,120.274259464
-53.1051159944,40.3074292056,126.094815483
-47.5459266244,41.7042168457,152.798312277
-55.1854380273,41.4789605834,58.0445775469
-51.1631610823,37.9555321192,334.996532899
320.336124001,25.3823348777,418.98159269
287.152950563,49.3464995742,2040.75603099
490.956304192,56.8727623598,2961.17364212
-57.3984090743,31.7333277046,279.917640076
301.33681931,25.2421345381,386.404520047
-52.2883803854,43.6410165642,52.2873643128
314.666656918,30.2382881751,247.330210142
-53.2000096279,42.4726221504,60.6782440302
-55.2596481938,41.3088159033,372.770118791
523.19337647,78.2483522275,3005.20963589
-48.6145892928,42.5460608855,446.734671872
294.586821983,68.6926664004,2545.79816365
-54.3573248188,40.2869057442,143.329952526
-51.4506996526,35.2367003141,364.697165006
-56.261435149,38.3928711555,290.146158808
-54.6273572947,44.0438261473,13.046313409
-55.0416006862,43.9299210222,24.4601152694
249.785689661,98.0144256788,2083.53569915
-51.4071012387,43.32303004,57.9511854499
-55.2115100403,34.7494364609,170.355499847
-196.397150646,20.0744235659,3947.10982004
519.572320767,148.449563128,120.907611493
152.491848645,152.51138516,187.548843161
-52.7769492658,40.7099937606,65.0215249227
501.121402895,60.6649988069,3101.31722138
-53.1995981343,40.1218160245,81.1090872136
-54.8095765501,41.0658390816,113.530853083
3038.91099953,152.047697539,52.0944411266
-57.2271204885,40.7183862375,92.9156827667
-53.005955894,33.8028325955,523.480116811
-56.0184396542,40.2883800297,100.319394373
-52.5267510937,41.8416234827,55.6603479437
-51.85295099,40.8690390168,285.489502023
1614.03782872,166.379445517,7706.10662879
156.443869363,148.517955755,89.1790934701
-1564.95708633,-365.336920841,35322.0032992
-50.1724038519,38.6112735146,73.41463404
-55.8599455305,40.2754263013,72.9328868977
-53.7867077446,40.4782993383,116.855445184
303.917340013,31.4456154759,166.72153411
302.267999892,58.6532920755,2763.60896798
-53.0451464911,41.4029833195,105.09314572
312.133142125,39.0880803344,163.693707577
-55.5785083006,41.4158229549,101.055369522
-47.4398467604,101.786858723,785.709001786
-56.191817994,41.4811826788,194.450287614
-49.0349560915,38.8498826324,166.862662321
22.1983144718,128.463708023,1971.38110906
315.115638926,33.476648513,47.3872799325
-18.1221902487,109.390934059,1824.34958643
580.246704019,66.5098805717,3590.66810751
206.82155357,68.4766003612,3486.71320255
308.340581986,29.2089081774,1796.80860751
-50.6647870637,43.6509271107,66.344420595
307.96402164,37.2263282521,211.733151741
-54.7119945578,42.702370102,71.7296063606
-196.569411977,104.385463573,1412.16754818
-50.4248926054,35.6882981762,491.701613477
-55.4232050864,41.7818805747,202.804051692
-56.4015358723,37.7273018553,134.487084763
-53.6073426111,43.1889335219,31.2686647841
-55.8797625687,38.2578335039,297.251775224
-51.0214678742,44.4485109973,28.4042521374
486.721272689,53.4146978255,2960.7188194
7353.42590569,150.554518217,172.247421625
-56.6506909719,39.4815845846,189.41618739
-56.6506279769,34.19000879,183.666181335
308.168069324,39.8220533531,230.014958557
302.862080112,39.322315249,453.316054621
-53.7037405075,40.9038591182,181.142897406
300.696075507,34.2299906906,340.17638658
303.755355536,34.112920425,339.262327851
-55.8514666791,41.6786677437,33.3314945772
-56.3073914066,39.0356360066,335.582341267
304.913359207,34.5353805096,225.945314993
-52.992085031,42.5576432015,678.704483304
-51.5517224613,41.617245814,53.4422049974
-61.7611079461,29.7348581398,496.456531498
347.874226673,71.2803019247,717.416298732
-54.6638944635,40.1958076765,66.2512113941
-59.3678277006,33.5613003703,219.853822536
-56.600204023,40.2795790582,120.317746284
306.512394672,38.2866455723,58.4900805173
346.991425962,32.3846949759,153.295669798
304.040858115,37.7507456663,301.423681738
-53.1026850078,40.6697417607,176.405220941
307.773939249,30.2560449421,2359.90605719
161.431975405,152.756259883,249.89800886
-52.4679229021,41.3187170498,137.876576195
-53.043416583,35.9522637444,588.715844181
72.4941800378,127.455206053,1659.2210566
307.782890117,37.9912624065,269.854957856
-52.5558644759,38.0794562305,106.923864665
-55.8633093973,39.0563034026,367.949124376
-57.822473182,41.5555455952,15.3671565085
-50.6570940704,39.3876437556,308.862151698
320.209116008,31.267087983,1505.32253887
310.66851566,24.8791451386,521.606623248
-228.460351361,90.2850318885,1583.06142565
-57.3387554853,40.7443489228,73.9664020433
151.756904136,64.283189155,3251.98295033
306.553727172,39.8394935666,254.804378584
-57.2155104827,32.4770612045,250.506843854
-55.7001267849,41.6237874798,36.6718408464
-56.4910124282,40.4031692478,168.660696785
-55.2767629114,37.7387696155,355.307125869
-55.2269610579,32.9417979725,618.094275467
-51.4785870791,41.2937449216,108.885914033
-58.2436021624,34.7372001544,201.465472773
-54.8941826908,42.2407314327,59.4209324649
-50.2598025908,44.6673429791,615.431430941
-51.3527213046,44.4469667513,36.5209720629
-58.061150576,33.7424072528,199.381968128
304.359225753,36.9951857687,207.430088548
318.58697919,25.4577024577,469.279541537
-51.0431314214,45.0852797998,640.50335168
-51.2393707244,37.9446657267,99.6478589173
-53.6682097496,37.7918953719,481.37284037
-51.638210364,39.879870299,70.553997394
-52.597094573,40.5045936312,235.026997165
308.694993966,38.1127965437,148.638696711
-55.0396136247,40.2914567829,131.818790894
302.378661679,35.5005630323,277.544700004
-53.3976063679,40.2293555593,150.372654838
-54.1162865637,39.2933519431,244.048983295
-52.2460860279,39.3164315743,125.466919467
-52.7307129175,36.7638817589,352.51452564
311.088925998,26.3248091655,447.831823592
-54.888571314,42.4513628149,83.6252795183
-51.7622868844,42.1882349995,212.460880171
-50.0554126664,38.9140997669,258.577540924
-58.6676611201,37.804916794,584.249210017
-56.1819766268,39.4779787478,78.7737255267
304.621087957,34.1808425529,288.78824326
339.718971694,31.4312450045,1233.95182551
-53.3190563804,41.841033453,112.369794813
-50.5565713685,43.1033328597,68.7232002954
305.011339368,33.9512066355,236.983522569
-50.7761247602,43.5080413802,27.1463567645
344.863592829,89.392748332,2420.01107214
20.831038155,128.702280377,2077.48286607
305.383620142,29.7745346833,250.509288725
152.725375325,127.017590032,1790.74352364
-52.8915311557,40.8102390447,88.1895746208
-52.5910582618,39.2318650805,338.181861224
-51.2751808012,41.8424554809,49.5740778788
-55.3102218411,40.0221054781,451.627385177
-52.1967719207,36.3206580492,335.820247985
-53.5161329755,39.4557680189,200.443107516
-54.8035634779,42.6921641132,130.694728607
-54.1082706675,44.3063414375,15.1159234526
-54.3048932574,39.4173220285,455.390846149
2314.23550018,145.485375947,1832.42387344
-53.091681285,40.541963696,203.407514404
310.804865745,34.3373150297,160.234552407
-243.848693824,107.068988485,2434.50221401
-56.2183698411,33.3226978372,216.438842948
-86.3230603847,33.7502783209,1564.58305973
-55.2673177902,42.9161141815,500.764764372
-57.5917198835,42.2725300744,141.903000294
-56.4300841264,40.9214948501,139.881544571
307.902111406,42.2550756875,1772.49143484
304.852827283,38.1615667298,458.706083525
-51.7352158564,41.0072071462,72.2474171058
-14.8650891296,75.2744024684,2985.47240646
286.210369469,37.1087496307,2200.06203045
-51.6134858918,41.0719217171,164.297652202
-53.3094015933,38.5519991496,376.261404165
-57.3940431829,41.3149684278,42.1702374017
-51.3876263862,39.5732890202,86.4969953405
305.968419678,30.8238129834,364.445785531
394.116613386,36.2667498976,1323.58197717
-52.1300269096,35.4762934753,597.120299295
-52.9947357969,40.8893035261,124.372563582
304.063417942,24.8490376172,481.5413673
-2388.84756746,91.630980199,2650.52423553
-50.2613915722,39.6770389364,297.751751848
-24.9372315036,29.8533622853,232.535122925
874.866821676,111.406321642,3790.07530268
-49.1361103312,39.621125326,265.110924038
-53.9311805476,38.5402710353,147.158694102
115.178163006,116.453305906,1524.89325297
148.960218381,65.6576355046,3069.58563973
-51.9156067357,41.8638704347,85.1893317437
-52.1173000635,41.2275353689,150.878238448
-51.7818955646,44.5716284035,40.293648931
-50.1764500546,36.1413515654,241.727126981
295.179928447,57.0529455206,2480.66110157
321.777463543,30.3254870838,167.204916242
-59.4303837774,32.1003724778,252.157542059
-57.3149118724,42.2320667953,95.4461163251
980.6186976,79.138333067,3168.66092925
-54.8222099944,37.1670198659,429.136698426
