151.141241035,126.09254122,1777.6010076
333.257167896,52.409447141,1652.07452584
-53.8754239985,27.1762860785,536.530059803
682.648446956,89.8791752873,898.752044844
-50.4798621915,41.3809259041,214.337930319
323.832940043,58.6900402646,2175.87171565
303.551475656,73.1066722999,2200.00789725
149.239845482,62.8231274744,3252.1880203
-56.7263501528,30.7858259844,473.92365916
-49.9926893144,44.3064116718,489.416474957
234.478812753,60.0950185158,3795.39284532
311.718394008,37.5855843064,1063.85065308
114.081065283,118.33210025,1641.03992848
75.6953741305,113.109428596,1502.46896513
11.9211724185,35.3700750612,631.394392185
-49.8462238896,42.2117453293,207.813388694
186.82722556,70.495350274,3470.73868762
-54.1656850204,38.0236436429,135.157638897
-51.3859786865,44.3644864494,600.801396576
2369.49613963,322.603689709,21367.8847978
315.713684595,42.858840959,679.016771753
-53.318261942,36.9606986191,313.546204737
329.91452153,56.6315145988,2218.37221808
-50.3881518511,44.2680247105,572.482538971
289.152628245,82.4530838149,2153.55954498
-2069.62860728,-386.773102919,4339.21580356
-49.7412728487,26.9164621645,521.037860263
324.571200468,59.1853256987,2180.52392047
275.446632517,52.6359047704,4247.85075322
-52.7261320774,36.5105472322,455.01043735
-51.3862310348,39.2782605958,338.626370699
229.924379204,60.2361626848,3827.24077718
-52.1593193486,37.8222754043,339.363503581
-57.6891926343,40.5749247219,627.490464866
-53.247374515,36.9496119404,322.24740281
255.331613712,54.7020718084,4077.68981338
-51.1939569725,44.3138371501,578.589073577
-56.2409416035,30.5778624367,469.939498266
-55.3467584042,28.502997456,524.724145258
-54.1236641727,28.3676441124,510.337638727
-52.8765488144,37.3511247143,433.819570061
-54.3312540957,27.6033984912,514.823222552
-52.9539173156,27.7249951751,537.573011147
-5.82713956039,33.5486243048,213.396425779
-49.9528452255,41.5516136911,202.744121678
93.0444102543,132.424512744,1101.91375489
-52.8659346269,37.3339056002,423.411951727
-49.4938929454,43.8041447798,455.847532387
-59.5658372541,34.9640109096,477.85654483
-49.5881755372,43.094116846,288.076463921
36.3895646266,35.1127007674,1242.13011434
263.01138061,16.9681401737,3585.16689345
-49.3044628731,43.3884004941,339.305498515
327.640611996,58.4234950168,4147.2910081
-53.4292396555,36.7278396711,408.92691181
-55.249235271,37.8463449469,114.476268262
304.343339529,34.3633969468,281.854397105
-52.7176882185,44.3104791445,669.309676379
-49.824189002,41.8597248311,205.114500776
1122.63194249,184.720291593,9873.41875571
-52.6450415837,43.6808353962,603.814252554
323.893346857,28.7442610528,1435.41804226
315.414408449,29.0039133597,1395.70825612
227.663338706,101.419197375,2088.5927693
316.731968273,28.8118713338,1437.65030771
152.5820072,66.2840403885,3177.84687038
-60.1999218593,32.0769503501,481.480436093
177.500560681,72.3170630786,3310.56530583
513.32683098,86.6703673303,800.910388938
334.475830246,51.6978711313,1817.01286557
2.48371912212,34.9178493935,406.193969349
205.298959694,66.8052541225,3614.49665514
-575.66879367,98.9944926924,1205.60604422
218.686095197,102.607355737,2082.79190992
182.100666222,2.47751686553,4870.10156442
304.16909622,33.6973293542,298.606859496
308.546271187,29.9608345296,2001.0907404
-51.0203051563,39.4821214543,318.821514022
-53.5843989709,42.7540086966,606.321390286
302.286007778,74.0646566804,2149.47644781
313.305590812,29.5637865012,1880.01108023
-51.4416867984,38.0980447324,407.217536301
-52.8644128201,36.5880356681,460.176291414
122.313189112,119.819212959,1673.87840925
-49.6214719882,42.9193088319,318.872291127
-50.6154445591,44.5470845077,585.332739006
-53.271128355,43.0157480686,628.81680519
275.275947506,89.9100194461,2141.26092695
308.251328896,39.3010981689,1718.99651134
-54.7208588077,36.8743410123,181.839397589
198.4628779,68.7448304371,3497.22224676
323.221848863,82.0549670093,2744.70167464
286.043135903,24.2452227266,2982.27888441
-59.0215429557,35.796091396,466.216517615
-51.3502568823,44.2698083192,626.127502941
298.667171791,76.4846783787,2171.10234024
290.987359506,51.5717153565,4397.9171015
307.670984601,34.1795968587,313.292677985
182.670898311,131.798941129,1849.82741001
320.886726972,28.8676452092,1578.25004221
-58.8359262609,33.5935784748,455.005050438
100.545761304,46.0673707504,2510.14167013
-49.8457191923,44.1774106941,506.3339495
318.469193731,29.008183479,1439.13677443
-60.6885844881,33.0170842525,487.191540204
237.857198833,99.546184017,2095.09348787
303.959890291,51.0695276718,4465.35112328
332.774402037,29.7531259749,1310.22653491
100.839425644,116.00868259,1592.09100156
-53.7028207379,36.5144929309,270.749503146
-47.1061283045,27.6496587831,509.327325046
333.832524671,78.5150746049,2958.69844761
307.908310809,32.6157422337,1718.05347119
204.278715257,66.655904,3552.09212967
-52.1807926398,44.5304562391,651.032259161
-30.1528851395,105.409300225,1297.15756631
56.5239244437,35.7848468769,1700.98145454
-55.621761779,37.8112216299,118.011749968
-51.2613079904,39.0992327102,349.837976849
-51.2219322247,44.422687633,691.345998232
256.821385486,94.9118878049,2123.51145081
312.774374126,29.6695092736,2324.45972382
-39.0775713582,27.1570191053,465.752734917
67.9966143633,38.5598901548,1906.38461551
309.87354018,36.5131464307,1036.31049052
163.257249313,72.5747279571,3253.09267527
265.159368469,3.76887245579,2904.29029601
325.345371621,61.0446148498,4006.89835752
227.383961322,61.4762593864,3802.93403525
-50.2182823714,44.5205402999,487.655608858
12.7547356093,35.6915822256,651.067726547
-49.5947421681,26.8536540306,542.30904691
276.316214006,88.8940158393,2189.48904111
-49.7430889828,40.8457479235,221.173600177
-56.5022858217,41.0856916479,609.774665873
-59.0421841064,34.8341465358,459.931532852
-49.7175937551,43.4057136195,362.30651086
112.815086135,117.724277648,1597.07337815
-56.8508069606,40.3102395228,557.328177546
304.967997275,34.207638722,224.26821636
309.121980067,33.8446483903,1348.02038553
-402.703608862,100.037323821,1219.36634937
315.922126754,64.2511488135,2096.10274022
-51.4380846155,39.4691264799,335.092943141
-169.978477933,102.563809208,1248.00450337
-54.0994241822,37.8645887604,159.035134595
115.441632846,136.746036453,962.898908087
-56.5979901898,40.9789510057,626.091578625
-58.1199242917,38.8027500533,521.288993241
57.8584418099,36.2028236104,1721.06522299
-49.5847783651,43.4571607446,337.534274166
-51.9271555338,37.7025594733,402.518898695
308.925039267,34.4901262684,1200.93916345
-52.178087166,38.0779685968,392.023107885
52.375929045,35.5501872876,1612.78476025
324.539325846,29.3038355213,1418.79085859
285.021630066,85.7828786222,2164.45088673
105.518784215,115.97603938,1532.70599446
-49.6256447258,40.7356267822,221.299138851
-49.7405580936,41.8600226821,219.420561843
306.093823924,34.6274794499,211.496146322
223.030545062,8.4159940543,4299.22791759
-49.9610578562,41.7471293795,215.557488355
-51.7883042416,37.1317270759,450.75705866
-52.6445107148,36.9845942991,432.377122366
-51.3009548944,39.100306077,352.473632155
130.787168957,54.5581916992,3011.95796239
230.988182791,100.793565694,2071.83534746
389.913264093,79.2991757029,724.545990462
-60.27631226,35.0238032668,493.159097123
-56.7651301636,41.3689694974,613.664815832
-54.9197247002,37.8782385852,114.172775622
-53.0862833812,26.7733302097,547.135814594
310.202407105,30.4240620328,1887.61084829
-51.888101043,44.1941820626,692.945204255
-51.4021097122,38.5304536186,383.66977693
-29.7741125697,28.7016080467,310.94577026
-59.1450861365,37.5584494675,538.371439294
-49.2599286834,42.0730252956,228.725933923
-51.9992061756,37.6464903143,395.808670742
-49.6937665343,43.3462537293,361.507989803
-0.52244042364,34.4033665994,337.717494057
26.2050143982,35.733326976,977.788941976
-56.5778932538,29.7891465043,496.301163946
-50.201008343,41.7285950233,201.326412452
-52.4187903659,43.9786154529,708.339888138
-54.4151833928,27.6275347962,521.965410729
329.354476812,67.4896511136,3622.19372317
331.83053149,52.204671415,1541.94051676
-51.7475441993,37.5343092355,409.550610031
99.57951597,114.172628327,1469.01735778
-59.8914223682,31.6793579927,485.697884081
-50.2051698299,41.9226111046,204.260602956
319.679556274,62.8027801296,2171.4079332
-57.564656571,31.4087299771,472.801794439
-52.7136527795,44.2403324032,649.290725794
-51.5018212051,39.3433978888,342.835011686
127.072267585,53.7950484683,2936.41203551
-56.9814343771,30.7050194557,477.788589694
271.93175963,91.9853240213,2086.45918593
-56.4174773873,42.0771820157,658.52195128
307.43847994,33.9757094463,1846.05299857
76.8978714215,39.8526575401,2094.16303999
-55.0517348255,41.5141872359,579.602015669
-52.8362207879,36.7280702349,449.175521517
-51.3151058081,37.7237437601,418.699091909
302.362782491,42.6042058303,1779.44074922
104.979247678,45.9333051572,2626.83483933
-52.0243831462,37.2062491407,417.610114885
-59.5266221095,33.8739846693,464.064019235
-54.774362729,43.0266247229,678.21950188
157.213696687,68.7567279345,3231.10011036
142.902318428,60.6852186776,3130.3721714
276.827573285,88.2997525447,2203.26844066
-49.6164456073,42.7939984635,236.438983861
303.480824661,85.8605074692,2446.1494668
-49.4017341279,43.7966079653,435.700506996
323.736435551,49.1123220953,1035.61535643
307.412288753,40.6539834289,1749.81474839
33.9323879755,35.1691265637,1173.0005313
-60.1427557305,33.2946952134,473.298283793
-51.8026284953,37.8434207496,393.701655183
-51.2825656061,44.5840998463,686.29463271
-49.2404936039,43.3059109762,362.884118796
-50.2840381878,44.5040946023,606.467045548
307.777806429,36.4368587576,1689.45744906
-59.0999354733,37.4690070269,519.825789842
329.979557103,30.0357642519,1331.30462264
-52.7511416081,37.436539332,402.079112641
-52.4953584783,36.9944894519,359.22134659
-58.8801223461,34.10279076,452.180702258
321.606230642,29.2691365956,1437.44546362
72.1411118528,38.7685329275,2002.18245871
-53.3472750494,43.8083584666,723.586459062
-53.7022803715,37.2485563569,234.787290073
-53.2145766796,36.5732451722,338.017254063
-60.0063519404,36.2537300288,509.761572492
-51.4061351431,38.3989684273,390.404360353
299.556091815,49.9844434632,1573.7817962
-35.1928391815,27.8796458329,401.859252003
-52.1802070447,36.6566107497,431.362449964
-50.5545039812,39.9333246753,289.604046369
-57.5881520306,39.6277680006,535.363267389
-51.4784377909,38.1541563061,403.503946722
327.65847452,66.2528247091,901.283426172
-52.8384481946,36.8045973185,441.374710769
330.981163732,54.9427482316,2191.98133032
-51.9254838701,38.257723347,411.352858973
-59.9217317428,36.4179170548,522.612019193
-54.1370808024,42.9439863458,668.25929602
-50.8369220481,44.50637747,573.674762355
322.929735094,48.9470687069,945.918498147
-502.946560232,-8.24916195735,4623.32875106
-51.9130656796,37.0329296756,466.824997261
-55.6229779633,37.7044491573,117.698440982
305.133437329,45.6890499429,1188.04561671
-53.6300254249,36.9101458132,288.314489505
162.061880702,71.7235829582,3251.36694561
-53.9305435874,36.989036174,282.450043918
256.28770273,54.4417667151,4125.58783517
-51.6819142648,38.0618035695,395.987114526
309.282386424,34.6288644531,1168.43411083
-55.3387459354,42.3643625368,636.515359722
201.505910282,67.7405032868,3540.02221728
311.866911545,29.3889592617,2291.37931396
328.914843524,62.7132872456,3920.23589822
52.3256255067,35.0686861361,1613.14136658
302.160481688,31.0504459071,2235.07206744
283.377401365,84.8389518543,2180.71043866
-56.8050356147,40.1933138026,544.914794518
-53.0997271528,43.0410437936,608.809347877
-49.7478532294,41.1911309242,228.58353351
-52.0396773308,36.8650310544,476.464381163
38.3628149363,34.3087266842,1304.07148579
332.395012777,65.8840712326,3720.49759008
-51.2087424256,39.213130578,344.764845739
-51.5061645138,38.3965312359,380.82947731
-54.6297444545,42.4621841147,589.558204098
-53.7755008265,36.488319892,344.229124585
195.659123621,68.6009424245,3517.79229232
-55.3312597936,41.4550280463,585.976556267
329.074201173,74.6701142515,3217.91723682
-53.9164393823,36.1111097477,284.528129675
287.694572813,88.6733136497,2291.06407356
309.275392551,29.57749097,1905.29202108
-50.8278384321,39.0645220018,336.177330002
-49.4483702791,42.19689259,223.807719554
-0.104035949738,34.3865199555,346.768783349
296.219719008,76.766911459,2152.17821178
-56.5372586818,29.297936423,485.731135111
303.185699947,36.5165791697,377.480559128
-53.8938766958,43.1856173919,609.525634976
-52.2974219619,44.2442744951,672.336484634
326.717953331,51.1098345319,1205.56403233
-52.7828785998,37.566978773,351.578225174
-142.290324489,103.183715936,1232.24933076
320.178776151,78.908481757,2982.83263173
-58.4241654839,39.1880751086,568.097724802
-57.7027248018,39.6315823539,542.448030008
897.72627296,129.456972526,2703.06812336
-50.6140705482,40.7047228803,242.083012954
-212.084164943,101.390894101,1220.14301234
-55.8769253536,42.0667138068,681.923788854
151.501380825,65.3244225182,3200.3679136
-55.7882595829,41.1070434835,603.170060587
-49.8201223964,44.2072188257,412.057779115
171.63271132,132.505805113,1935.94453029
319.085202333,65.8875946341,3738.44042743
311.737906689,52.0017458485,4458.86411747
104.880693864,46.5207019423,2602.26193084
291.342871289,82.0653195747,2199.0247942
-54.8231661597,42.7624480273,647.794991968
-60.0655233161,32.267987037,475.20546212
335.679817046,52.8826654965,2197.3685229
-51.7703703825,38.5776572105,377.354946538
329.083354542,57.8984141256,2187.45869245
155.663793948,67.1188445411,3265.06677545
325.574583839,50.5926708089,1126.43217422
-57.5778701688,30.5164952924,474.087490842
-52.4197423994,37.0566300368,437.625322651
-53.982950257,36.4129843062,249.00081267
-50.2874218277,40.7625753865,236.414440652
-47.2924747379,27.3957952377,517.341015231
-49.9191805219,40.8618462214,220.942788862
-49.4063055847,42.9777533249,308.747620102
307.17956647,30.5515475777,1907.88961537
330.335828401,52.2325358957,1429.41550859
-53.5330590426,36.124655072,335.334223176
135.318917573,121.938808402,1687.01897632
-54.6920636189,37.0674593561,166.439130469
284.106569119,50.9002797837,4396.59325094
316.12576316,63.1863675178,2110.44371648
-50.6684216872,39.980054715,278.923869953
-53.5941926087,36.5752808162,356.659184712
-59.7192648622,32.1725432656,476.889157066
-51.102355443,38.4560220205,378.743982405
319.2273474,29.3065862995,1437.81652967
-50.4300133235,39.1819513899,317.576014344
-49.4029015182,43.4161602212,409.253848589
-33.7479614597,105.832574795,1287.49171694
-53.4727215358,36.654038038,332.865528025
-50.7993836476,27.8894900391,503.687366855
312.982961666,51.3750754256,4479.55400155
340.254697906,69.2373822635,837.207346524
-59.5296831715,37.2915022272,520.262779652
-58.3258629689,38.1956384721,503.13531183
-52.0195869812,37.393946236,444.697899397
309.961090894,37.1056158378,914.9407373
-53.189289559,36.3408270368,360.084987528
111.572868583,48.5707441017,2700.44898872
-49.9854520393,41.9718068868,247.728678241
308.579003117,33.8558865576,499.352843754
-48.5869913892,27.8827170796,511.802753003
100.026217363,45.2229406753,2525.82377842
-51.2158344481,40.0497860009,289.220091543
214.417188088,7.46335329362,4392.64492506
2304.18877447,286.126554755,18476.2784537
181.068079812,132.500526343,1882.5020676
-50.3560428536,44.1349831574,554.730592162
-50.4817176795,40.0080718249,279.108191259
-49.3945195836,43.2062023562,331.468391475
-52.5077111975,36.4684506085,454.530472991
214.664514379,101.862881579,1987.61368211
13.2373687112,35.2399083422,666.552398756
-58.0238627774,29.2356820891,500.33438461
309.426188661,51.5497130826,4464.8435668
-57.3346139251,29.2277521223,504.969181703
296.372130966,87.8377716393,2334.74751269
305.01426596,70.4928994419,2119.58920693
177.388046698,131.215011964,1853.87915137
45.9569844581,34.491807013,1480.14141052
-53.5540605087,36.8686593712,286.935619282
-55.5944329302,41.278361037,561.760576051
-50.1050210966,41.6277958176,200.690790909
-53.0324644939,36.7433800889,342.970874142
-56.9190136606,38.9444932898,510.571783711
-49.7560849371,43.3809876736,297.368622085
-54.2780665453,43.2887684369,696.548131916
178.966836968,135.058859069,2012.9682236
-52.5401112561,37.47001972,443.30604973
-57.9907130401,37.2109854665,472.151014306
318.707619139,58.3756762067,4163.15218409
-57.8751119252,29.802870967,489.30769698
47.537175187,34.4206703024,1517.39399434
-49.5703885853,43.065521596,336.94590691
157.5322382,69.4307285881,3198.18130365
179.730357143,71.8142699004,3444.17409709
-51.7352006377,38.5298163339,367.018283971
-57.9114649078,38.1691183352,513.315350399
-33.5485478787,28.0996431279,381.351818672
-49.6244836148,41.8324864065,218.635749432
272.797136553,89.6813430203,2172.19666789
49.1178228535,35.0019225682,1544.00995167
352.711254247,72.9027744611,734.516304408
-50.8751658846,38.7287828943,355.863725465
324.798271644,59.5958651637,2178.81313287
-53.0079596106,44.2624110985,692.067406188
-49.7478451088,42.9060514457,250.809624035
139.634738146,123.542785057,1742.61564711
-52.549900045,36.4323617967,460.458251293
307.38329016,34.1977052924,292.22071658
-53.4062878638,37.1382940308,279.798260112
-49.723788637,42.4926480156,224.519198845
-50.0303196944,44.2919308861,551.088623748
138.443956383,57.5554654269,3125.56509336
-53.2080897657,36.9156664072,438.927756927
-52.3064855496,37.1211959601,446.274764567
-51.1915860217,44.0199335241,575.366652347
308.785076343,32.8938441966,637.74247514
-49.6385450233,43.9809619502,480.21470811
-1319.5869782,97.6190613988,1100.72574092
334.14014493,52.0159557831,1762.6463119
212.796356654,102.436154145,2012.50309906
-12.1224079696,33.3222545567,66.0499348995
-54.0438803416,28.2532766578,498.155750538
179.374270971,71.9363655992,3398.37898254
307.811771821,32.9957882016,1828.93535247
-58.1660892448,32.2535619864,457.277964835
-56.2484805223,28.8070945096,513.916582087
336.708062512,77.2101038556,3043.16415255
-53.4856112687,36.6763489301,283.040353775
-53.96013997,36.4251278371,248.183062795
-55.2753534384,37.6056139703,117.933014364
77.5680277974,40.1790178463,2102.0204632
314.121048692,56.5434205494,4245.52996129
314.290058849,52.9982978525,4419.25530053
317.636828312,61.6362085647,2119.58236635
224.759050032,100.371807017,2026.20282363
156.198248226,68.6184820368,3192.95369519
-52.407433447,36.7409201968,419.090375502
307.914993613,34.6011194871,1689.60795158
-52.6161635615,37.4138709924,397.564647307
61.5045202296,36.5934421903,1797.7937159
315.977999028,29.5341507411,1405.85454763
-53.1074563582,37.3405598557,262.340448126
227.61648921,61.3252029155,3744.11511022
-32.8487852512,28.0029690614,363.016888958
305.959129079,28.9615209213,2459.67883505
-50.5342032891,44.2327689668,545.353923864
-59.1189396319,32.2458582851,459.988811354
-51.4733611727,44.7316805945,652.318189249
324.942902563,70.0659113936,3503.65066859
-54.5715747913,36.9836959275,206.181032048
332.875109778,52.1714871213,1610.67957922
142.498032718,60.5675175774,3119.42203866
325.604340188,57.8716483352,4174.37772241
-54.3364026432,28.723111891,507.827157405
-51.6888541648,44.3406852559,663.55030436
138.439042965,57.7129883748,3128.09794045
306.309305276,47.2208008094,1625.04009766
314.230755393,54.3849450592,4333.62872014
182.914720026,71.1161772273,3396.47610528
-51.8524862061,38.2499508758,364.482856545
-56.5148107514,40.9370006003,605.748416097
-50.7677555943,40.7257904904,244.663493984
-51.4154130928,44.312788166,660.235063661
1220.94619229,114.911499821,3061.03707044
184.256103799,133.78573486,1916.74545938
305.005607946,34.2817192795,237.541103624
-50.8200149975,39.2767607937,328.164788551
-49.205149485,43.5420848058,388.79979499
310.851784662,53.8971020511,4367.56546401
-50.4672070963,41.6459258994,213.230929913
-47.4474549967,27.6775001546,504.154393022
-56.3723907004,40.4614232227,566.794665233
273.545980083,51.8571083281,4278.85016077
-51.6841741994,43.7512284162,606.075404108
-51.3851498608,37.7241614542,411.734637121
300.636203498,29.6193514591,2475.84802695
7739.19282459,98.8704900854,1536.42862761
-55.9777718023,41.6764084398,637.984952613
-54.0430460251,37.1352485271,230.887713737
-34.2285168843,28.7395399074,387.561645736
304.40409259,50.8722095342,4481.29280719
122.050676039,118.310202888,1599.79108743
-55.083608148,27.9701792911,509.699243214
318.766660511,62.2501709686,2160.59556255
226.360525029,100.728336891,2065.82967451
-53.1178801654,43.6981248276,641.992868129
234.674465042,98.4411389366,1912.42305646
-49.2293148478,42.9076566773,328.834910375
312.38563449,29.8428046485,2257.06327939
-1234.17992357,96.7311490806,1257.28449227
-53.368914505,43.1209069359,646.691513921
-59.4225470504,36.7921071537,517.586297436
-50.4352937041,40.0233379153,270.49485469
-50.1052613593,42.1171112168,208.374244897
-51.8432388844,37.9611243074,378.111047384
21.5719773427,35.5606803288,863.419702893
-59.9492258532,32.1681255164,480.865376083
304.490003759,33.566748832,273.728770016
161.625863578,71.8284616638,3225.88259113
-51.4557103387,38.5124201312,364.257466752
-49.9765141542,44.2565316495,499.292437801
-54.0029091109,36.6904086365,275.961475527
308.94371347,30.8981210354,1505.90662803
176.515480513,72.4236837535,3325.74423501
-22.3394010435,30.1121239664,164.60256575
-58.4515165281,31.6021096493,468.368638643
-44.8885610235,27.3797631222,514.482117287
-49.7410744558,43.4176722923,330.56176267
-53.3441715858,37.8858745689,232.544334183
743.365340068,143.433037295,6038.02685399
-51.1850996125,38.2620983236,391.701735632
245.850848287,97.1235357428,2104.25309903
56.1852416063,36.2479897923,1684.72292894
-51.7431597921,38.5027381491,362.13718526
-15.8307219932,32.374270569,18.9695138149
-51.969004674,44.6258595834,682.484153781
-50.1732811054,44.1587780317,520.322484425
124.997544855,119.753020949,1643.25076677
-53.582702237,36.8879083112,356.623341103
-53.2026022529,35.9399257907,388.736256456
-17.9478177658,106.865489509,1383.54507518
-55.0682334777,37.45543343,122.569140043
-49.5940729719,43.8450411001,457.259207192
266.686215573,92.5243952639,2194.09937673
-54.6882299414,37.3624457972,175.825144732
331.246322978,51.8620435102,1571.49195636
-53.2571572844,43.3724426885,634.406153611
252.414998944,96.2123637588,2072.75275409
307.758480098,35.0747348189,369.296650332
-49.8311322415,44.156248045,486.481901973
52.0956371361,35.2361300089,1605.19000902
-54.7710735834,42.9810411679,654.531668798
-50.7585051781,39.1216004828,333.781090554
-55.3570000841,42.1212889548,630.031786008
-53.0148535565,36.9319986626,451.294698208
132.482320589,119.9837367,1607.38809328
-51.840168519,38.824729657,380.659323721
-380.555710823,-37.7688378552,2976.27913236
-54.4418847962,36.9642067068,172.271639852
70.9205645806,38.5442015942,1976.67840423
307.800944543,36.4386248928,1716.63262804
-53.7317297696,36.9704323676,333.13087503
-55.0610898326,37.4306163775,125.786133613
287.545282445,82.8454000302,2166.62957697
318.466230051,58.6187707574,4137.68472897
160.692068731,150.229020005,1389.43775893
-6.08326776993,107.449500587,1381.88217449
122.132210763,120.450435959,1719.66603945
324.629476124,59.5335344462,2156.97908137
199.665347093,67.2709882586,3618.95980237
307.025085331,34.4281439724,1875.01404655
-50.1807184025,41.3133396046,209.252558981
-51.4570790832,37.9232959537,411.376853348
-54.4359547023,37.2109353,191.864602434
-52.1529232429,38.0098210602,425.903448786
23.8232202419,35.9038177125,917.798031853
69.4529590684,38.7413680813,1936.74397359
8.11600703652,35.2350857207,539.733002554
-49.6106094815,27.4790616957,522.580677689
-52.6658189417,36.9615786676,465.425560187
1099.75468529,97.7257047915,1485.50871128
-50.0913822185,44.2974156291,476.151577856
-55.2119663339,37.0141484657,140.149441625
114.557319229,116.184890238,1516.8186679
-42.0242452319,26.3690678387,484.642720992
-51.5694945945,38.5732810005,385.889561424
42.2927641777,34.0155632797,1395.40614211
304.530544745,34.063199816,239.251447558
303.994531034,45.9888876912,1673.26288955
-53.2420350305,43.2181708179,608.44883688
308.638124808,36.3262449889,1696.4822872
-51.3899378047,44.0316983838,618.742672463
-53.6876245397,37.1679164982,288.716675345
307.937286114,31.3882224636,1680.75367341
134.292378271,55.7245080829,3072.9636358
321.263038478,47.6842692123,806.686140139
320.066140575,63.2257864865,1005.27083644
-51.2449223768,44.5923143184,596.423149263
86.8412820781,41.8855668964,2301.45916602
-50.7517374172,39.3470055241,317.677749908
-58.6494252903,36.9934284334,493.268625712
313.126682024,55.3517329337,4296.60859545
-53.4399962069,36.4645984243,371.68386547
-58.8446330252,30.6462219684,490.279479301
-56.1544838169,28.4139014044,509.807034803
-52.9072075089,43.9676052471,608.671909832
-52.1730774892,36.8395954527,411.373425712
282.171220242,86.2531853745,2164.91939475
-57.6439090396,30.4240010458,485.276459265
-1567.3308726,95.7738642088,1132.42384289
324.317445568,63.8651414447,3848.74246632
31.4383523408,35.2583130515,1107.44262845
1.92800684868,34.35298351,394.14550531
-32.0584312879,28.7909584815,344.058947756
176.31542461,131.173535467,1864.5421519
-55.7266763553,41.4790122306,603.986340125
-50.1623633172,40.0514446036,265.824130975
294.695753356,78.5656024924,2155.7277253
-50.3980609636,39.3142850466,308.548952622
328.562600918,51.2786599319,1286.08465418
-50.1577537977,41.7977150956,219.871456613
-49.9935374268,44.3725284738,456.847131454
-52.5402779311,36.8672100299,366.483933138
329.184451896,29.1093411242,1408.11671037
-49.4449256834,27.3614672448,530.030669687
-57.0396182655,39.704017978,516.477507264
81.4864081426,41.043383538,2177.57132497
144.152370442,60.7306904515,3166.98642125
249.090708089,96.9803390548,2141.84891776
309.184379044,32.9648370764,1453.52537991
-19.4884911932,104.403828102,1320.0602154
-53.4864773321,37.0566657911,371.102770955
-55.8097939887,42.2252095286,657.048502835
176.330071056,133.014633432,1946.92217434
-52.9429492703,43.8342440168,722.206478556
-50.0632270391,44.2986585192,504.106919832
270.301337589,52.3554684376,4251.04552189
-53.6983006191,36.8762037628,328.81741658
218.29376746,63.6455875165,3727.1739209
338.171933949,52.4032881838,2206.72747721
-59.5418253614,31.9322686014,473.680741688
322.219445832,30.2609967452,1513.44310071
305.970956628,38.9603334864,1803.02665417
301.697406687,28.7419282596,2575.57077323
-50.2212269383,40.7632025569,239.263621174
-49.4741759076,43.7733962088,369.091205102
277.579811687,51.7225169339,4294.88654862
-1.55446960097,34.9700088022,310.713507424
-37.8505635976,27.8142954294,431.599674815
221.745171285,100.981323339,2036.24792238
311.33136375,83.859886522,2558.8134004
302.094489788,47.5904137549,1636.68343708
-52.999382444,43.8413035679,660.274134221
-51.8844580908,37.9667663823,381.647806834
-53.783625381,37.8105234392,177.736901568
-52.0511793543,37.9098383874,428.149813993
331.665296304,76.6445570872,3097.11366206
-54.4246018576,43.0675372547,703.501390027
333.267801115,51.5707306028,1749.11868649
21975.2086666,95.2376984069,1064.92631186
298.73750204,75.3779273527,2170.51370933
-49.839269854,40.7287615964,232.608204595
-49.8706531931,41.3231459758,210.253720654
112.884017858,48.991027151,2729.95614407
-54.986667189,37.8850482636,116.350983743
-58.8086597075,38.1507538301,519.661920881
98.9122740803,115.210678747,1560.16244295
-49.9274127619,40.4094586102,241.589654888
298.436760438,45.8855217672,1733.010747
309.130251757,34.5388221928,1194.03415344
-58.0509698302,29.2515376052,510.597546152
16.4589733079,35.8757990262,739.601427619
-49.8906196925,42.7089412731,282.336716598
-56.5663002305,40.2193805291,574.868973255
321.145795839,65.17401719,3782.41662032
308.822061977,36.9315245725,1729.16461313
-50.2800373918,44.55302837,532.766996766
309.950151914,32.5177877131,821.522743841
221.355731869,63.0245825892,3679.9687974
-51.005480944,39.097812429,344.360778546
186.941612879,133.36837339,1919.34732384
-56.7717294995,40.7229612772,620.786907013
-24.8776871708,29.9459255752,217.510396925
-54.4499913164,36.973941178,242.595578749
-51.7051657221,37.7278292464,389.573533983
-51.3347268808,38.6370744071,365.59245435
308.444441361,32.5014423259,1634.00095117
-49.5587633743,42.2372955596,218.670517657
-60.0628672241,36.4346469437,514.097829065
1797.0583836,116.539276276,1922.31409947
-53.7535199809,43.6412039751,654.496862466
-31.7599118084,28.5736466594,345.758934591
249.345026649,56.5112859211,4007.74767082
312.739468409,30.4887044145,1716.24156876
946.457884544,114.982739117,3062.77422781
323.767356871,58.7149983772,2131.23622073
-49.9310174555,40.5323444213,236.795360392
-56.3493652945,41.0818893352,609.198949242
312.356719143,66.7970377944,2119.56520138
-53.6250018524,42.8414526575,634.268482381
-56.3572485914,42.0794148051,656.525708871
-52.5673853653,37.4771200069,457.729344586
-55.2714367056,26.9962889334,523.66910988
453.988147027,84.6578393087,809.366647782
-57.2321283806,29.2236370289,488.482859217
130.370128679,54.8581989786,2992.31811426
20.0818069695,34.8070203307,836.318071676
19.1108271776,108.357060584,1366.09072211
-53.0968352153,36.5874903822,340.663038454
753.734936501,130.095321458,5214.68099274
259.77031773,54.6062099894,4115.67825655
92.8413321551,43.40948952,2408.60709675
145.870920942,61.2484311431,3202.35740218
43.1837384302,110.030812524,1468.48532221
4627.12323563,99.2253938716,1575.47251816
308.48241759,34.3433717712,1742.32531927
289.985487713,26.1567551925,2795.49892234
-52.565445405,37.0338877614,421.734372051
139.761836777,123.470351105,1732.27281407
-53.7434009548,37.4384689566,195.618233543
308.930951755,32.8396101454,1557.86888256
-60.0186228334,35.0473968779,486.47221174
301.68030951,87.1652065719,2387.88947728
-58.2708454848,38.3548134941,533.938680679
-50.8358690101,38.5149953377,366.440264742
128.232452767,54.6771091452,2930.01643042
170.668497247,73.1989193048,3291.81230707
326.387174634,67.8790904661,3615.3711746
236.873336322,59.0264168095,3821.66159796
151.22534259,123.117689975,1642.88739485
-49.6504113525,43.8329978382,347.4011583
94.1154433698,44.1382992421,2410.98804062
304.542832009,51.1876598901,1504.70967207
296.820687476,78.1881096153,2227.02592445
-59.0046045616,29.96929049,493.214449267
272.998165437,90.659155289,2131.98315914
338.093876599,31.3037075914,1174.12223023
311.467038713,67.9186649471,702.344713964
-50.7903371005,40.1213303554,277.502063655
-49.1854514688,42.1458061882,232.72117948
338.649278125,69.8243931172,794.222511147
688.023679547,89.7995158845,923.614204092
-50.5609237271,26.8706707846,534.685321787
333.126870583,30.0773570724,1299.75269449
-53.6761499896,43.4703976817,691.952477993
-49.47962351,42.4349959805,213.019604969
-51.8377765401,39.0121511357,369.153723256
-49.8715180767,42.9076071341,298.831586267
280.409199845,87.6907965512,2202.10890466
22.6905162107,35.6097203149,893.904709712
311.264109295,29.146974435,1915.48120534
158.020450541,69.599698861,3205.29193748
57.7889562259,36.2131354544,1721.30625766
-52.9576952672,36.9427142468,363.171879675
-50.3399200188,41.2803509818,216.00782857
950.477327935,118.248308638,3352.47287362
-49.6122464671,43.5653681471,345.862866061
-55.5429861466,38.257224969,113.396652815
95.9153596321,43.6956266118,2473.26689957
2282.52071216,181.84760423,1820.26589182
41.154567008,34.6589632962,1360.9298347
184.308404515,71.5963224917,3375.31136986
24.7731072456,36.3412828465,935.77952817
139.743288029,58.0347416399,3149.01921002
332.951569448,68.3992478414,828.622798569
-54.5810545751,37.5558778211,133.149720463
1256.40902787,104.813656479,2133.07256041
-55.32487116,29.2395537757,487.23085061
305.618478155,47.817026155,1614.51133559
-20.7120488608,31.2961433509,128.492362236
150.688579273,124.862924028,1722.27758525
-52.0133323194,38.0375524721,368.354515365
-50.8453018788,39.9103016592,301.580611776
-240.609119985,107.410445717,1778.50035462
299.883827514,74.4696013313,2194.45712635
213.159863292,9.22778287697,4292.97157116
-49.5967684362,43.2117005588,363.524241418
-50.4865611909,40.5592336324,247.027982946
-57.1100157468,39.7593834948,535.115549971
322.608434468,49.0382103089,970.28575325
-44.8838670004,27.2598227002,500.194775035
309.274931477,33.2597026752,632.68282863
-54.2058476384,37.3300050023,207.8867707
-49.7020617632,41.4685113453,204.140802646
-54.0788566264,36.9748910316,225.420391009
-52.8880731035,37.1523180924,357.077227989
-2179.24190762,97.0527653601,1094.04304016
-44.7301816344,26.2414616321,514.137040318
-54.6884928562,37.7770682382,131.004969259
304.90632307,33.8549563221,271.051720397
303.808645682,30.022844393,2356.39603913
-53.8628110508,37.4219527906,220.70173946
-54.365975681,37.1001157427,202.816450682
71.4579804405,-24.7348071576,7078.78414156
252.017665507,95.9517740675,2077.59570105
331.518074084,80.1271171135,2849.71244069
172.021747502,72.661917382,3332.93686927
298.568102178,43.9738666616,1797.76482245
-49.9663741056,44.3152679134,444.342700372
-18.2399206742,31.0179508361,74.2219634295
336.452479788,52.181181742,2194.21250474
-52.4567131498,37.8061293713,369.707813802
-58.7525322627,33.9186160394,450.092824844
-33.4388269872,28.9344479506,377.086558376
318.712872194,55.812154073,4288.0332271
309.143066301,30.0708437905,1620.23527303
-56.7504237024,41.6067725172,641.227649119
-55.0284446836,41.6109767044,597.62397117
-52.8284530939,37.573234937,308.523029491
312.316486985,30.8176542667,1205.04146639
295.023562939,28.5856940531,2560.0949107
-49.8344658389,44.1401236181,525.064503277
-53.1426697701,37.0291546953,294.189557596
-49.5588796427,43.58686539,403.293987062
298.246532193,44.3793259776,1773.33308543
-51.0846595142,38.8085598719,358.054877824
310.10532014,29.9033599759,1753.69301417
-53.0664286029,37.6313104025,310.386700854
-51.6194559501,26.0673432476,532.415270263
177.372861147,130.656482186,1823.43583144
-53.7468213018,36.865466063,244.573928067
-51.0628169694,44.8049485161,613.876449908
-11.240056176,32.6271256499,87.2562016242
-51.1883659811,38.5646836789,370.281704229
92.4917564891,44.095957196,2378.38747553
-53.2522571975,37.7645576161,243.853359888
118.32936353,117.407632478,1569.1512722
-52.559564602,36.7936447139,416.310669328
-9.40947326756,33.2200779081,129.60811196
-50.4338855788,40.8254539161,233.374723475
-52.2170066372,43.7398430988,600.634291801
-50.5609384152,39.74154111,288.561720943
-50.6390212025,40.7787007479,240.618655802
-20.0054664397,31.1763036605,114.589786471
333.004481595,51.6726256396,1716.8566722
-56.5266946265,39.6090415683,529.401029283
213.10570286,102.368063074,1990.81826143
-56.0680961001,30.1925217491,491.240480396
323.776807907,78.005682594,3027.64942848
168.509515773,73.6737395671,3256.20461154
-13.6226456744,32.4758873914,31.6363320054
-49.7892016651,44.1726230017,553.810466256
245.990672711,97.2433791976,2059.31088948
-50.2381176592,41.9695215066,210.903908017
149.410106215,63.6801762936,3205.50463933
41.4332254875,34.1592824908,1387.25830452
-52.8492956376,36.6815779252,360.959396101
164.239925726,128.401626704,1817.7528064
-49.4655784869,43.2172202687,344.424585889
315.116282691,42.8348243712,670.135883425
-53.4297910947,43.955914168,675.765692324
305.088378175,33.8622186774,240.494088575
-52.4236313787,36.7385123568,475.697350068
115.177649111,49.9448264872,2752.43216514
-51.9658866544,37.2803302684,420.722818253
-49.908061816,42.6853548621,273.815074721
-53.6089108679,43.235645093,635.233458904
-53.2943841686,36.9315382979,319.78756759
-53.4386995261,35.9796991038,361.152503105
-52.9318373236,37.1053793701,398.696028435
-53.6718979139,37.3562426931,211.827536225
-58.7718394173,36.1434747159,476.820189786
302.214095328,51.0070146808,4443.03962533
263.718277232,93.7875411706,2110.73018455
305.277816905,72.1101206534,2198.85889117
-52.314027419,37.8940150594,393.641179805
-42.3291843762,27.3906309088,487.661104622
-52.0577849701,43.7973474386,593.364430284
-56.4943553625,41.6476553298,619.530699683
-58.1867565461,29.115548797,512.685915728
73.8839637543,39.5975324003,2023.88062202
-58.5930665605,30.2461043543,497.914865155
-52.6139789057,37.8958469917,297.305047335
1542.67259119,133.599254549,847.205791746
309.320567298,32.285793333,749.751696894
100.364265532,45.2994482577,2535.13226737
-52.237645346,36.6607820311,462.222649176
-52.8845403586,44.2820458188,707.193779059
-37.0842498365,27.8918649142,425.545983485
197.56437165,68.2253545384,3588.6891949
269.6628574,27.2699084623,1724.01652542
240.877707963,98.26140761,1945.1663425
-53.2403960122,37.1004121805,331.57556914
-59.0692033722,32.4825606898,465.107712563
-55.111949968,41.8599420353,598.916129212
-50.569904221,39.2529556598,323.93204651
227.28399562,100.901429952,2024.81833181
-51.3143854783,44.521213887,656.281229525
-54.15872999,37.30749729,233.929682323
308.268136951,68.2642658508,2176.86297103
-59.0415759297,32.7175775124,467.272184245
1699.88426219,102.486236064,1912.80056203
-49.7437751136,27.6611910486,523.679164756
279.113774444,51.2674145294,4354.12241366
-59.7962085815,35.639801804,495.267903569
-50.1106628742,-20.8506772413,7815.31445533
308.149817789,33.9332371072,396.565750887
-50.1546627305,44.1779610629,517.894898348
90.6719161105,43.0730577732,2365.7617023
-51.0008119076,44.4220771169,562.048873718
-54.9798376318,43.0160027054,709.654565059
59.9144852533,36.1428365025,1771.15348773
141.343663163,59.2589325433,3142.5500951
115.335892641,49.3756762083,2774.22583216
310.667026125,57.7787195065,1228.0370106
307.101285365,39.4710711257,1789.63841319
-51.062073926,38.2335447295,389.266013358
-54.8239685241,37.0166938479,159.751787969
-55.689914616,29.4626533834,484.518845531
106.11610024,116.991145049,1581.33338011
-50.8940164427,39.6357616036,302.870986313
307.961561543,36.9701773378,1744.55482047
237.222114574,98.540559743,2062.41999053
303.751456206,32.4798896265,2095.68099661
-50.9844171751,44.6109537965,569.444196335
-58.915476624,34.0979819124,453.30597814
-50.1162429533,41.2214579644,221.557538312
-54.3839294124,42.7866561506,596.499120358
-52.4293560398,36.8609611522,410.754329192
-54.5617703089,37.0171829328,185.93423349
-53.9968997336,37.3195071165,199.275692154
-37.4342570654,27.5760731164,428.413075741
-50.2355500714,39.9081976924,276.255174272
-53.1000070329,36.3605803799,354.06775296
333.690000634,30.9681517508,1229.1740414
303.4273416,35.5836832475,344.449008305
373.599553859,76.8567042274,727.824263338
-50.5285013104,44.6553360873,581.870750412
-49.6129209291,43.640768447,369.582348093
-52.5082984511,37.0279997796,356.778415736
-51.0865751052,39.5368069558,325.109808111
-54.7229219562,36.8916875311,190.031547331
-58.2562005193,39.0624052683,536.489655281
-36.2527259581,26.7830415872,419.609164568
179.874885158,71.3562208065,3428.43491604
-51.3218895191,38.5567697282,374.920490481
-58.5996396641,33.4328220824,453.978274269
132.725220597,56.4173748044,2991.51235331
-52.1797508667,38.1324831589,416.560556469
-49.6039994126,43.1442268817,360.344989568
-57.9977093236,37.7191889262,477.978440999
-53.5912722705,37.6377708708,230.109875662
16.2633312743,35.2111322057,741.117410802
45.8488723621,34.4909903673,1472.33466263
71.341737911,112.578767073,1559.88080344
-54.2264602287,43.3549689964,643.514212714
-49.3823630221,43.7328787883,440.983039042
66.8159297784,37.8330234866,1895.77006972
-53.2043957116,43.1365778414,602.914914898
-51.2546783376,38.6542192033,371.27248899
-46.2044636294,26.5674834734,514.223591371
-51.1922723969,38.044553823,403.373703242
307.839544688,34.1462596766,324.6347021
-51.0583603489,38.2900398662,382.861744103
-51.5266991664,38.5713227243,358.432233116
-58.0828996978,29.2178195091,515.475099049
-39.9916963682,104.814489261,1267.5423219
-58.6473895127,38.9696568078,587.694593758
308.416435053,33.9075703845,1727.20521329
-54.5582030067,43.1765193964,711.14014556
-49.8477112487,43.3598811498,357.801631016
335.956933155,79.1619410163,2904.03472899
-52.6663425841,36.0776703893,443.227770658
-55.2194351723,37.2801392251,133.814577598
-54.9189057607,37.6356617124,128.590443099
101.548072956,45.6925799576,2546.44583289
165.176195981,74.3121146809,3205.18491294
-54.2745660498,37.8277370849,148.780601225
227.907846794,7.97683942394,4312.6703969
121.016759011,117.461481829,1530.77633893
17.3543578993,35.4645351132,766.354530603
-52.7464834654,36.5747343911,392.409949511
-53.020868232,36.4893320993,414.901143481
318.975002251,62.3156058204,2122.46725491
309.558988293,31.5785453071,1748.77179593
298.966248539,76.6948661913,2200.76912398
-49.8310385207,40.9914041794,213.739847115
302.843064089,29.6331685396,2358.19968968
-59.6548799814,37.8517791824,541.429143596
-55.1432990959,37.2782348557,138.561593198
-49.6646161949,41.480397335,238.363270541
305.763199923,45.619984571,1108.29224591
328.780333631,79.7409289074,2888.55552015
-55.2434027652,41.7371649001,583.263647434
336.823222275,30.3400995439,1207.69751729
120.137763394,51.355535619,2831.1074935
-58.3267527232,39.3316365068,589.573869787
-52.5844951016,43.4402497756,605.272435784
74.9819517264,39.7424975362,2047.88220591
-49.5680551043,43.9175280381,486.288473342
-49.589475049,42.9133361078,256.963630652
300.10800083,74.6064718221,2144.45075538
-58.0203298532,29.791712155,480.518877335
-57.3723203767,39.7011046758,576.512510619
-49.3769181438,43.4279240842,335.083700794
300.174666799,51.8744785818,4425.2935734
329.051148974,30.217918295,1347.66515974
319.70687303,84.0742918523,2605.16736131
-52.1373423702,36.8624218797,429.747460955
-52.074494181,37.0523596897,436.940690915
171.046234339,73.2694304301,3263.12375407
-50.8948391305,39.9459995181,300.043879632
329.161812935,65.8148754597,3731.21423635
310.08559422,30.2767181473,1607.83785127
300.155292724,76.3688085245,2179.52291483
-51.8904538809,37.2464786806,435.289654319
71.755805509,129.725635746,1370.84888911
-53.5945755347,36.9848465412,293.159157026
-57.3574115843,38.3879472936,503.112683127
306.848900356,33.3260576252,1904.67924731
26.0234963336,35.9720683963,971.388698709
-46.7010973876,27.2546186682,507.610321171
-57.3918004013,38.031606116,482.904504986
311.077507196,38.4119156987,823.008524866
-47.9133510485,26.5505497355,522.559551004
-52.2390616212,27.7792694688,507.078554693
-52.0303681078,37.386483699,397.555100452
329.40316494,77.2288820878,3066.00863913
320.523941757,47.6457142688,789.146457174
-55.7253572602,37.9647269929,118.087107435
321.528721324,29.469409486,1560.07201357
-50.7530763927,39.9845712462,283.388578652
326.447753332,65.9515367165,3732.03743131
-49.2246012654,42.8285184543,312.57538495
254.365370695,56.1484340257,3991.0498064
-57.7684541882,39.0300865255,517.009979627
-58.241910772,33.9594153544,446.657153106
