307.64068256,37.1135723001,152.045188185
-462.826598376,93.9630031119,2368.76036236
-51.3029702048,40.1046208755,284.616071499
-56.6192434308,37.569841788,131.528334819
92.9164644636,-12.3119299335,6212.99203206
-51.5656789884,37.7591313148,231.316436296
333.694345272,28.8977816147,214.252154484
-13.1954426428,105.95078782,1365.86154706
-59.1235213256,35.6451425884,470.089615187
307.008352815,43.7953687544,1669.38021145
-54.4382458538,40.8810640515,201.067666023
312.328424199,33.1700108996,1296.03236329
-53.664039461,38.4402382017,159.415515687
306.67841884,36.8533987089,179.798525678
-54.1874485126,42.6514821217,679.381149969
-52.7189521399,36.6670436622,387.737537644
2.57135744446,-15.6238041368,3889.08101227
304.481610832,35.4383195974,334.898355229
-54.5923297723,41.650943234,202.915549166
174.051667698,131.968489712,1895.96015688
885.167837395,150.820883929,1879.92334653
-26.4655300373,101.695007056,1800.714695
306.780435965,36.1593566212,160.933623924
145.273340453,63.0087268309,3080.04875938
-57.4018009728,28.4444783836,543.461225974
308.267802579,67.9998375027,2074.97185752
-49.4989170952,43.5356897229,303.677390121
-26.0817381119,31.4474701601,240.016669712
-50.5433420569,40.2050110582,269.110214334
-52.3522383876,38.8054529953,392.391891181
-50.776227345,44.94990285,517.185197413
-54.2600484995,41.6586881879,182.041708836
163.846250242,149.503676316,1077.11542497
305.844819345,36.4506974068,223.218436798
-49.1989603589,43.6247880937,418.875168287
163.549059641,144.181335726,894.31158645
-54.277578297,38.6514492533,99.9900873762
163.570074292,149.89836166,912.221669535
305.594336082,34.8202346205,255.826672444
-49.8703121445,39.0723767371,305.696861183
-56.1847477427,35.5714129425,156.254327554
305.557620997,31.99560103,327.283956993
-56.2812717653,38.1514743086,122.483057194
357.16316965,74.4114766568,713.386911636
2683.10726104,145.242945949,391.182597376
-55.8786959368,42.1921980508,642.602139653
-49.7685510797,43.7058850808,418.826879626
307.320831832,68.9108794442,2210.13163019
103.594084235,134.365782927,1227.93319145
-53.2431849022,38.3541039551,279.270281445
165.582922541,148.94418595,1215.76976707
-52.6953281212,38.4526199218,121.499573742
304.387571972,34.2195993635,174.976110863
111.799380398,49.4380472618,2688.73536192
-55.5704771618,38.436039511,122.356804716
-54.0526231951,30.6092054522,476.243719425
-51.9495954191,37.2927689181,419.810908331
-51.3712445902,44.2162169226,608.85233944
-51.2708685325,45.2122303026,683.711258733
-53.7657252465,41.1948148046,142.820474276
348.762308406,43.1774271178,2061.12739681
62.359897956,35.5914147269,1839.1956583
-53.0828844024,42.0869001489,141.097200181
-54.7345370623,36.6375365434,188.578594765
307.411980484,35.113362689,128.876901902
-55.8598097513,37.9809493138,113.416870173
-51.813964297,37.0510091613,478.518419894
304.523571248,41.9334158564,692.059451108
-55.8963075591,38.2163103025,110.592089824
-50.5798322765,39.1408611929,319.490956658
279.228898111,86.4566580677,2132.27227744
-50.6707307831,41.08229267,247.1880932
269.766965281,51.5735947944,4287.43205013
308.892584253,38.5059910343,1611.14267303
-52.6797886145,36.2511073687,269.769277799
-50.311713922,44.6114117474,486.84307241
-41.6571910456,145.19579739,6411.48232957
304.254283533,36.0942147801,287.394919732
337.011378304,30.4921876193,144.285437184
119.71978191,52.0680842826,2795.4691393
-54.9766861179,40.4032516047,202.745910766
-53.9350866316,41.8272565731,169.968537031
-55.8898482304,43.4749019336,765.513861462
-54.7655170344,40.4932069127,165.987426737
2.10283627164,34.2709402537,395.36529298
305.83267631,33.0512990323,210.484813595
-55.3735513088,39.697476914,164.181746047
-55.3913717477,37.2203882235,163.595445794
310.650040799,57.3363127234,1249.32410201
53.1867959427,128.886118292,1673.11834014
2680.80731379,150.936145821,802.721044671
88.6372080127,42.8185541168,2317.62337141
-51.5872388983,36.8474320289,483.711532698
6.97379711599,33.8335258599,518.718489987
111.942166794,135.853026416,1051.78748033
-54.077734701,35.3325800488,307.251320289
306.27653665,36.1218848141,187.465268497
-49.7858070737,41.7704214125,201.439013583
-53.2475557213,36.6366725989,419.818849715
-49.3990615083,43.7258334555,468.161702459
312.105472257,29.0043201341,488.324248754
-54.6824915605,41.0401815124,213.36438592
-53.2908023901,37.8131122232,204.972422094
-53.9576888388,39.733219689,104.337324798
165.468905985,151.392202426,1285.42728301
264.539807307,93.1687994336,2123.57281933
1619.75942709,93.0193262307,1099.09869981
-53.7204438087,39.7235122197,81.8208878542
378.741207883,43.3190018942,2065.01739552
-52.3001863123,44.0755646131,782.726755436
310.898001324,25.9460836103,2973.59208029
116.947866036,50.2036582432,2780.92523609
-54.5870253205,41.5815563587,211.139076256
305.512667835,34.431208392,184.768172367
-55.5413476006,35.4991797843,158.85499596
277.083858914,91.7909373101,2150.96498806
-52.0073820901,37.5095757989,451.839658295
-28.8448177227,93.8183843515,1856.6083367
-54.4503673261,38.3486841346,103.177987628
-54.0075715991,36.0268183145,319.199391004
-54.5961448471,36.4725267617,153.272257352
-52.5357335866,44.582168331,685.102448244
312.807283724,50.7071712814,4495.61475513
168.925391045,73.7209756277,3330.25177608
-2.00869293998,105.562230234,2524.36979747
-53.2609226341,37.6488478092,412.580861854
-25.9781157267,29.9559438839,237.995500261
1930.07867698,225.433583908,12996.7742297
-11.1187476283,112.993656134,1870.83797954
-51.1359338992,37.1052038292,452.239396476
-49.8068817873,44.3922096487,631.242575422
161.495840983,143.907329058,1154.39968102
-51.5205632751,39.2288882082,298.494031373
-51.1870041425,37.4507456102,338.867101064
-53.779709601,37.5512030262,283.501338058
423.511413306,88.7952989679,1177.79730821
-55.8371657742,36.9655407443,144.845694805
295.006013122,53.0418819423,4341.10411388
-55.9905290983,35.5688463371,158.846276409
72.2312974672,130.60832547,1380.35043728
-53.1951194262,44.5433252619,713.967593488
324.895258416,29.8691223227,336.174712489
321.526281826,65.7806190743,3729.8817468
-52.4762128515,35.5993538937,551.646369572
-55.5569705136,39.1623309292,121.906186122
-54.4422761619,38.1970675677,140.077028495
-49.5645048158,40.4049942903,232.406487949
340.737643972,30.90719897,80.3269618496
-54.2388555297,40.1497017974,155.030172368
-50.1979863587,44.3175611445,495.984556092
164.057731468,147.595545559,709.169957949
-51.467574734,37.3694991834,355.800186898
-49.6245319267,42.3327880869,289.228383474
13106.2639166,148.248501419,2431.50286544
324.044934501,53.1945978254,1657.80653975
-50.2525791016,44.4401419074,538.467943258
-137.325914317,91.4021298625,2392.44174226
-53.609583001,37.0594245117,430.659061659
240.406637452,59.0278231272,3867.30401327
-55.9872411803,38.1708827806,121.775135706
2375.35650219,144.417204436,7227.28622711
-54.6091523814,38.3414390407,104.280395304
-52.4387185676,35.4810545729,528.021244632
309.596183304,27.9585634185,409.182506066
16.3031235239,35.4185761109,733.316106022
-54.339736851,39.5116688571,92.7564723519
220.690173885,10.5979736194,4161.49421115
-52.6606638226,37.6178879559,411.31988985
-75.7305295311,101.981359201,1431.38345775
142.302847625,127.91915823,1932.26950943
-56.3940772767,30.2965845677,451.838653622
87.3797126239,112.277315746,1439.92672127
-52.0273219343,37.3466736036,249.587103343
305.830741957,34.5663116566,171.444391376
314.350543105,66.8746863188,2198.96398041
-54.854324805,38.1957859121,107.413998139
-53.3274903805,41.2504655672,136.107503691
-52.634089455,35.9450589096,541.507660349
-50.7168723017,37.8859285789,378.141990988
-54.1732340102,41.2983165964,150.117292074
314.574969848,52.2874616223,4437.44587908
242.42996602,58.4612394759,3914.22483084
-53.7012696656,38.2070977292,172.119939818
-50.1626278357,39.6197661361,291.227391481
-51.9409869954,38.6390830236,392.036573917
307.169096616,30.3071274889,1704.59039799
313.568267201,31.1176506715,1104.79915013
-49.2146464814,43.097656984,269.820474547
-55.2302565135,39.6253754824,185.889419827
-53.6298744855,38.012987027,133.598303436
55.9737802918,36.5375425976,1668.01925601
-53.7213370668,38.1841676199,106.939944434
-43.7434694115,27.1678553765,514.488389717
305.147131629,33.3544264101,328.188531151
-51.8166460937,37.3227108624,418.656763028
259.578841012,53.9909760144,4142.27563644
-53.3115215435,38.6153794139,127.124224029
-53.5085173859,41.8154863518,168.107440318
321.797867661,70.9278155258,3473.08700695
-54.4525579781,37.112499649,355.902521876
-52.9133559177,34.8871745015,544.994598046
-55.1004886271,40.218499382,523.728586669
-57.0851352291,35.4676241832,421.96512823
314.728642548,30.5896498766,1690.087941
-55.2771246655,40.2045727739,169.178210287
92.6034348543,133.67325361,1233.1995119
-50.0595106285,26.5607233342,541.222307292
-53.2837972861,41.5266118187,142.269019041
310.621597605,36.566655727,1555.87844333
-54.3575335619,39.6928281852,93.3037491608
-50.7673113332,41.1918771138,225.273539523
-0.737074510794,117.388952569,1952.97128317
312.342005764,37.8056015389,1126.12947829
324.356119318,27.5569331421,341.355886015
-52.9097481123,38.7409787751,116.636823999
-55.3856806337,36.8405925921,130.600035217
316.100527876,62.9860176764,2179.28731973
506.044873564,58.1105282907,1620.43943961
-54.7228537948,39.3094182702,99.6795572826
-61.7718670632,33.5409774827,509.124014076
-47.0406216334,24.9393115014,527.048344655
-50.0772506037,39.0024501464,315.28450134
59.9658583356,108.920981137,1393.23723613
316.44782329,28.7391969294,440.969667346
-57.5310206968,35.3472766536,431.145736283
331.642795681,51.6662421999,1509.8374734
306.178956526,37.5464964994,258.340092939
-417.872021889,131.517996563,2773.55006577
-51.043100089,44.6414232541,663.907580513
-54.2318789201,39.1320745077,91.6662269382
307.259776852,35.2773284527,131.054960294
320.192276627,30.8720647943,2210.68212976
270.775712503,92.2516195335,2126.8409213
164.378461878,148.658691694,855.519717848
-53.6698936181,41.5478553718,532.355575259
-54.5508158411,40.934717361,153.748401183
208.210442079,104.279052548,2068.45952274
-52.2425226176,37.1021294419,313.369475097
-54.7496011571,40.989412388,181.512163153
295.961556293,76.9947125126,2201.3183371
-51.6184216099,28.26843527,528.963109847
-54.1830734543,41.0337332225,189.904423644
-53.2595994757,38.7339098507,170.91100971
-58.781965505,29.9335565917,490.349382428
314.749764678,42.0266781581,555.857096682
-49.3974696362,42.750692845,349.131271495
311.552098797,30.6490158911,2052.39551048
310.177254328,26.5963701306,436.205350678
-57.6178417503,28.5474379596,527.653513544
301.35799687,44.5072064762,1745.50778581
320.82880929,62.4066573827,3947.52099009
-54.4890111814,38.2424143391,104.081598367
-52.6327141257,37.5867671864,416.811858117
307.885379121,31.428833251,786.203408321
306.07830063,37.1026635327,176.563253033
158.055998055,146.794733963,1794.66798117
314.349781131,43.8103965665,503.668768382
251.696551142,57.001606897,3937.33504492
-52.5254999769,35.8646594399,478.925025659
303.601280557,29.4597107268,421.677367481
-53.8042910318,40.653797962,129.866669496
-53.503825507,39.4707428451,91.6902046187
330.299497528,54.4870239832,2684.5985746
-51.7077894077,38.6484118273,262.7209724
168.22686069,151.000086533,1822.85067962
138.264450201,59.1574035872,3036.64359578
307.136106467,31.1874007476,399.995002812
-49.6320900052,43.9962214389,456.114710156
511.498652394,136.938764797,2395.4922802
338.114441744,69.789547444,799.589588349
-56.0923734207,36.8700709709,132.572657052
-49.8776599372,41.6206497,219.316400154
309.732141229,32.984066204,1641.54287873
306.740179732,35.3890075323,118.661606685
115.459835998,136.75770015,979.2953083
-53.6466249311,40.3445396406,100.930111959
-50.013430048,40.866947241,223.643308931
307.854575434,36.3601995037,1607.17173303
-52.5236729957,37.8247782254,164.933557234
-54.0360060282,39.6677731041,112.32163418
-56.8252971927,41.4866721652,669.679203747
-54.3130540827,40.8814983233,189.349725392
-49.6618254374,39.4777003332,278.145947421
68.1710207705,129.862050824,1435.23110516
-54.3275069065,38.0334703711,105.949475654
301.460330538,35.2931955169,415.878665417
-52.5585263004,37.2188306798,225.326979141
-51.505726331,37.442905053,442.72970759
-764.697677306,-233.489693152,2830.90100886
307.723669143,38.5201950121,130.411955241
313.030732746,44.771184743,587.839813931
308.857593966,34.2635438927,1709.9842107
-1.79386522256,32.6223056833,311.129782825
307.096270543,33.6919211629,283.394063111
-49.7580845619,44.1299311993,410.755989661
248.332806789,13.256974036,4686.38888214
311.793464184,30.3079611001,2228.49670842
19.3601560547,127.350390999,1969.77531934
-52.7423708198,38.3064560913,425.939650232
320.080887656,58.0128361984,4184.27543509
2305.33756758,232.151667531,14044.6053075
-53.8402833377,37.4775667203,340.918591951
-52.1238953693,37.4809289059,262.951689956
-52.684049634,38.4095180722,400.820824228
306.78138464,36.446090001,76.3273930302
14.5168217509,35.0925938178,702.34445875
333.066609294,76.1136762634,3111.42640553
164.268825994,146.926141427,871.447090936
-55.9166465574,38.3877849931,119.512676631
277.56841213,52.8589037155,4287.5430385
-51.9364372647,37.1416429929,417.328826063
157.412144188,150.372245875,276.03344984
166.931230062,151.160476874,1742.93483724
304.899796165,36.5565200778,226.458535398
294.841672335,50.4157068393,4486.49486838
305.866439986,36.5443268225,217.398163984
156.816555633,149.63184519,1721.25325991
303.156695018,34.3633936794,228.253277247
-49.9664892981,41.34997704,259.423688919
-53.6160979888,37.4733069792,169.556004756
-54.8380638714,38.7551636911,112.344137733
-53.0277018508,38.6530618889,101.541804551
-51.0909093566,37.9029139576,408.876755468
-52.7297667793,39.1555557392,157.079921673
-51.6783715054,37.9919007774,252.906185455
305.510374936,35.5563649084,190.436175752
-54.0988225051,39.4150695724,95.7659174333
304.342641671,35.8662365314,310.735410064
145.163026861,123.041197004,1678.32905211
305.77906339,30.5552509389,369.987669911
124.054081912,45.1148932971,2170.76736371
-55.8915860883,36.5685314569,137.859524005
300.085589755,48.6911071818,1610.4814169
57.2806052657,37.2088165589,1689.97948353
-2332.30600292,115.192673839,3261.48685415
273.098421006,53.7257896424,4195.39140774
-54.0801337123,40.7665120202,105.612115924
-54.0274647599,36.8641469045,169.78793201
-54.6149350858,37.0858381217,133.519530596
2933.23209774,94.7460225138,1054.42083703
306.38392129,34.5335983244,221.681464559
-54.150465033,40.4223942841,159.376452725
-49.429451628,40.8690199112,220.322915539
190.237651574,135.626452494,1989.86434081
340.478914883,32.0400916474,2214.98178763
618.038547303,89.1754657596,879.780730181
319.457537073,28.0741214382,413.934389978
-51.8167341826,43.9836179427,666.527375221
-53.5931820087,35.1802903659,451.135917112
336.594040195,50.4104692078,2029.82193386
55.8820113064,34.6001089018,1706.55256162
466.560845599,95.7355809728,2274.6418957
-53.7344850236,37.8839287805,108.213807551
-53.4755692385,37.5550061759,255.397035403
-53.7060721256,39.9170118296,99.877635102
313.807999539,29.2035526615,444.663756798
166.283232908,148.66587647,1383.63838536
-52.7232139955,36.3628969851,311.735748166
-54.843486581,36.2878301862,271.724578981
161.019666857,146.774277182,1399.06308274
-50.8968639271,38.5162240578,363.509741243
13969.060254,95.1701234059,1064.41430034
-503.851215412,91.6472364817,1151.19313714
-49.1154901261,42.3709718221,224.657859341
322.445523795,28.3618832835,374.258149089
261.462248929,92.9599292705,2072.82942261
338.32056571,30.5207740498,95.4561434883
623.267297106,90.0129503782,856.21762562
-56.2791137986,37.9463551216,127.394637932
893.511229014,151.323486471,2478.1963346
-940.050118434,-236.693627965,24872.7144971
-53.6462644841,39.6575931358,87.5934566091
1355.47101678,93.1293901943,928.502662377
-53.258839681,36.2900878975,525.225903625
162.873149965,143.764997672,924.977212332
309.537258721,40.0150271088,185.597688238
-50.9615070095,41.8007072302,210.936028802
316.778102559,76.4028895994,3157.05626843
-53.8308045488,41.4818270061,139.655057353
214.717871174,102.208300828,2047.34012757
-59.9427216007,39.1119024344,611.659617399
-258.939497422,102.813937499,1722.4463081
-54.239740226,38.4068936285,103.981789489
-53.4779266892,37.3110442246,334.450654929
305.718288758,32.2009954682,2150.46056057
-54.7105521232,37.1834416069,131.682602676
186.707592747,70.1738411047,3396.89708263
-54.3144842546,41.637006796,203.0651766
71.8073425313,111.036685301,1348.26158919
-55.945698218,37.6865422044,122.533825767
-53.3367098467,35.2015303817,411.523634028
-50.0142713959,39.8020353659,283.541383446
287.717167445,90.0489089029,2257.12322216
-26.2717749811,30.0277546266,252.256918447
-53.822473608,41.9124576942,166.226166291
-54.0660580923,41.8589954702,156.026050695
-51.3478528161,37.9038764686,415.319471596
-52.4686154092,37.9869033828,305.276283428
-8.64955067313,32.6700134387,148.259591924
-51.9591621942,38.2341647107,210.33149855
311.527509432,37.7617249238,878.2115344
152.198063329,65.1161575606,3240.38522171
-54.7703314084,38.1996868592,106.325249751
-56.0467509383,36.7483352611,134.587901753
-54.2744468879,39.9744872616,94.7269806303
332.063308489,66.5353696551,895.944338558
-51.0994842603,41.0906864757,237.894051489
-54.1651545749,40.7339923927,199.735668777
-53.6474998581,37.257063352,310.661909596
320.399574222,57.193870661,3077.3935891
-54.6196316872,40.0794781533,148.175550372
-61.7454423419,35.1523256816,523.603670507
316.109351522,29.7443079311,1324.87082069
300.011213949,41.23316322,1905.82399991
-53.3227648884,42.0934093012,147.603216317
-58.2579187697,27.2710634631,510.137518528
304.193390876,36.4041778728,292.447002529
-55.4357762784,36.7378752205,132.170076258
136.093558335,56.9375211762,3072.48106709
-55.3588656269,37.5911788102,118.109386324
-52.0957153776,36.8170841687,275.731646051
308.246052361,33.8742147166,1694.52771744
310.769641756,45.0423522182,579.34667675
249.829829383,55.1357014998,4039.99206187
-53.10837237,41.0712864906,93.8644855182
307.355590724,33.1268853821,1682.81431337
107.254407066,48.7916596326,2591.09787702
-54.8541720484,39.1692510382,139.964742491
338.060726194,78.2034320091,2937.44529262
-49.3356939668,42.8378041686,209.374578718
2932.3603426,73.4826904648,1015.31019687
339.472556338,49.6789196327,2293.19356309
284.519893184,85.3070937414,2171.62468204
316.43490832,25.8165719415,448.676626598
-52.2855478394,36.7266696356,430.883546118
-53.2510271706,40.6730341631,103.284577332
180.085909521,72.4822309416,3422.55536893
243.202772414,21.5759831514,3387.86205044
-51.6153090073,44.8521277021,756.40921965
-53.4620645123,37.5645331267,261.528869777
-56.5207768048,37.4837659355,134.556849206
-55.7548023122,39.3378295039,133.120587079
315.589621009,78.0073060708,3065.33541751
-49.835342654,38.4115473511,332.202829505
-55.7076027059,39.6886878674,494.858381098
-256.418219296,109.849888438,3551.30255644
-52.0387428683,38.5975073819,398.732051647
146.587155912,150.458639932,479.996183577
-9819.9123456,94.1161718936,922.129574906
304.546146413,71.3300777647,2212.24759318
303.183277285,31.7332978524,364.888085495
-51.063564843,40.3228637521,289.315645259
309.435431065,35.2411238092,1663.8784912
190.059183444,128.345119986,1700.24991939
176.728680302,134.759670711,2001.96479018
-51.5300631646,37.6442526985,345.472726495
-51.0338291967,44.8546920522,599.236527867
-51.1879787985,37.7875692928,418.910571988
93.1261703617,45.0065717258,2366.11108309
-5869.8285527,85.6423810382,1595.14422417
306.838421223,37.248216856,203.864556156
1626.02394412,132.385976432,3395.53399189
-53.0443201155,38.4124671888,109.590366353
304.308275936,70.867653315,2172.62583898
-55.1995671424,37.6871676759,116.147244018
-54.3051559702,38.6612022905,103.811851845
322.315873078,27.8743777441,1445.15033666
-53.535455309,39.3678629757,99.396766437
311.935788466,32.1909581352,987.493746589
304.575891817,32.3570980608,2049.60617303
157.207696562,147.55322734,1679.51911399
324.689651096,58.560493398,2089.43715757
-54.7613747242,40.5705213321,206.037680606
-58.5923116282,29.9704897835,504.311003419
-50.9588977605,40.1630887289,297.981040969
-52.5077916201,36.137931722,347.587675121
-74.0097505445,-12.1904283871,6956.27986847
324.506987867,31.5205403898,2431.23224586
-55.7522779304,37.3330657366,131.01383338
-981.536459362,-230.281195105,24223.3316647
526.114218412,105.864375204,2155.24906036
160.492548069,149.498598167,100.478514581
-57.4473836853,37.2552664522,456.223758833
-54.6165053454,36.5397063262,167.471028962
-53.4006103702,37.672359111,113.463823462
-54.921529621,36.7178439475,170.040692377
320.667900901,30.2461918651,1792.84837275
307.235601419,37.5901324385,21.063561083
-52.0289672685,38.5668670752,386.027049897
-54.5439329045,36.0151002598,164.378261452
-49.3530274404,27.9078579866,495.560630155
-52.2184335168,38.9204246637,370.535139288
70.494398558,38.2200142524,1975.01640295
164.692975178,150.242754821,1310.70709016
345.410839939,73.0523350173,3277.21748727
1602.3157486,147.923808467,143.145679055
315.36526654,59.7728972209,4096.68621553
-53.5220948542,41.5674397987,134.825943364
46.6499382695,129.637510126,1757.03190033
276.21307557,51.7567463322,4277.20268831
-49.4860342642,43.9943947704,562.001659432
166.370517709,147.973415752,1303.81154462
-52.1443037981,27.7040624429,502.077562857
-53.5966793214,36.5905346483,194.936207744
131.335682955,53.6729205907,3071.98049476
-53.6352269944,38.4973542687,103.586704889
312.352997318,31.0747036633,1135.63461198
-53.7814107447,36.080954139,461.795528522
-53.1829183065,38.4123924874,210.679695152
309.759155661,31.516374208,1063.79770868
3039.21785486,146.279198151,1547.68766898
-51.219991729,38.8144687404,364.010126118
38.5003540048,34.9443298265,1300.86347464
-51.5172298118,37.3342974144,441.874391309
-54.2727592084,41.7317692687,190.739267544
12.5481758167,106.328121352,1265.58705377
-48.9592585497,42.8701072933,380.027528334
-53.2410114032,38.5597688939,123.518055967
-54.7402163073,40.2787722262,155.034284634
310.587219062,41.1671382094,344.155554114
-54.1203547973,36.3592576433,369.653445112
-53.387395422,39.6392135804,82.5700554438
-238.298735125,111.657427316,693.434177321
-49.7525475894,44.1817556391,588.953356622
-56.195432431,38.6145830165,126.353119251
304.918822284,34.9532838977,200.233512216
311.486799531,39.6093030107,1635.01399011
310.244923279,28.012228118,504.535252921
45.5706456621,129.576243088,1711.75429842
1279.12890307,114.38980071,3198.2797564
-55.8091652282,37.9593755604,113.993576258
-56.3684809024,37.5490539442,136.225983363
306.770973834,36.2410039777,85.0651323555
16.3169993837,106.409991316,1275.60771258
-36.6704569012,27.4178151357,446.399613186
-53.4934432121,37.693769108,370.435824612
296.948800318,27.2016200475,2661.76834392
-49.7618583549,27.0924046,528.771982798
306.785808179,33.7323113039,201.995488893
-54.0441375663,39.7437019139,94.0771964907
304.838836634,30.6393206514,391.957325727
-58.8178392994,37.9329306842,500.942428654
-49.9315811864,43.4296471322,367.582777912
-50.3812468155,38.1217512606,358.242124771
-6.80021882307,34.0819328153,187.254247805
295.8475925,28.0709706369,2522.78481822
-1325.09620311,119.698439277,3536.0514478
-52.694016995,38.1278370692,437.42796728
163.762009985,144.546337307,708.462653662
-54.8261425479,40.2091863139,135.582870355
-56.3726800465,36.2073337313,147.956907058
-52.019558315,38.3325564453,196.324713216
-53.6284326222,39.4391982919,91.159952253
-54.8429680797,38.3604863622,104.332112921
-53.9197765637,40.7828952452,103.465937664
163.022379135,144.858660483,929.387375556
52.5280082919,34.5075221509,1627.36643465
-49.1610885796,41.8953252488,193.202350675
-38.1565751634,28.3105579502,453.44644194
-58.7081688249,38.124955216,506.357578325
-54.0391742916,37.9733177053,108.650392268
161.919277723,144.120802666,1129.7820199
223.529316902,62.7480196997,3648.15527816
-54.3413664079,41.225616821,173.559532184
-55.212417734,36.7476316333,129.963373945
308.175472977,32.2846469925,1336.03439555
-181.570710454,127.958635295,1704.65013645
233.253517393,100.279569191,1951.9271856
-50.034321599,44.3431155616,535.146455823
316.11580144,61.7976544755,2143.66495081
326.824136028,30.711375603,1382.76668349
305.780680644,34.8410137904,176.34918534
-55.0408902346,39.0356720213,98.6387894694
4141.51552521,113.462272472,3445.58513122
306.883966568,50.5534313528,4536.17876712
118.952059928,50.3113872136,2854.6082312
2.4676317678,76.4168881056,3027.77782108
-50.0975087078,38.0965320663,346.134801495
-53.1625751395,41.4281081117,107.188206083
94.0840804784,113.032287944,1394.8104267
-30.5969646072,29.4548575571,321.054263602
307.120476898,38.0849223129,10.4024118596
-55.9575452701,38.1113052786,121.604706847
-60.7371024558,30.5936744167,496.488994153
-55.171318482,40.7450435216,567.185512
267.547759309,94.084292861,2222.34203286
-56.5662679357,28.7206018027,491.514583428
530.796898332,60.910810503,1559.88438047
36.5705956681,34.8732682446,1259.10077735
-55.7871808631,39.1369087678,118.066457367
274.705476778,40.0948162747,1598.63993751
290.086357577,61.5656226101,2320.82284446
-52.5890875239,43.2124847007,572.609215136
116.96515964,116.085223173,1470.90865496
-52.7755275973,37.5241946179,201.817417924
22.684503043,36.2294561383,888.294284021
377.324405663,102.392397239,721.920832785
-54.3902620264,37.7694734052,121.960627097
-54.4218639076,40.4094603743,201.425348852
-50.8851635457,39.065835543,342.184436876
-55.7691648346,36.0783795266,144.970535855
-55.2247507484,29.7257023356,496.503848075
-53.2119905149,41.3383275687,128.837221094
309.164600994,32.1333945034,1031.46934688
307.769705886,38.7866889824,60.977331419
-58.8175750189,40.0755531876,616.360721347
307.597344453,34.1725456579,545.933289357
318.953408501,59.850317281,2033.52148382
307.384278468,34.4052167255,429.698890235
-53.8559769285,36.7549200467,232.499112705
306.446326645,37.1645930579,1885.41292375
115.470598838,117.175686157,1550.59949358
305.360238701,52.0801452282,4436.38434001
221.882176802,101.273989718,1932.20885858
429.232003493,108.916180394,2514.37258895
-53.7232827952,41.9758014861,148.806562977
-55.6212042268,36.3817770844,138.93991609
-53.6028040188,41.6961971843,150.763244276
-55.1317231083,37.092875882,124.420419376
-54.2304269252,41.5277553858,210.938150692
-56.7963278061,38.8995019306,470.161846156
325.473183205,49.5648263542,1138.83978636
304.619975944,36.0388314014,315.238846711
357.357539586,73.4209723595,765.049474618
-55.1646106241,35.229263465,222.314642425
-54.3558089067,41.371178842,192.612013541
1233.40344923,154.973752053,459.212257989
215.913719923,101.437843953,1978.40412504
-180.719472961,105.279161972,3343.21926998
-51.1895870966,37.3917492212,263.822953294
308.142282314,34.3979139635,1792.92366311
311.019677424,29.236013999,387.556920766
-51.2645630377,37.2109393073,299.901534833
-49.8177831351,43.4072380897,333.413898095
304.045363869,44.1271777839,1023.18229088
310.930059949,30.4668319521,1743.05952966
161.7017442,148.189955952,49.1592880048
308.395216418,37.7937576235,1707.0597739
-53.6021233211,40.730614383,119.465216438
27.054877828,109.206414537,1585.01194014
-27.0155379088,31.2164149803,258.41171285
311.375499858,44.6007798147,620.039973428
-49.8792605942,41.8460824808,210.889362271
342.566351349,70.442274023,814.932845147
-49.5165216672,42.9010447545,323.258124025
316.420417575,27.137022119,1502.77952536
-482.364787803,137.410829251,5676.38702674
222.704150838,62.2338039418,3662.04649947
186.278778291,129.508898909,1742.75595494
-50.0789441334,41.59426767,243.914395863
-56.334501524,37.4514766865,129.924133749
306.071122635,38.9602720884,1829.06370487
-55.050618603,38.9235992071,133.085530478
-53.0271495394,37.341949481,396.706054415
-53.9864669686,41.2007486945,191.084985899
288.887806542,49.8331618422,4492.19182278
-55.5291960277,39.1152087753,164.32199957
313.916159129,84.6780556877,1558.19268897
-680.368063632,97.9176662606,1380.72419723
871.367883413,141.703779054,2464.10094516
-53.1809824013,37.4755978261,132.282568205
-56.2997225626,35.9026406628,152.074545133
-55.430826003,36.8499575731,147.903984146
-50.3096139863,40.3815884741,266.379664076
286.921045121,50.1262468962,4435.19055132
319.463646546,46.130651103,703.137368243
181.815058438,72.574732232,3347.34060669
-56.3923107052,42.9407873076,758.278160253
306.809026308,34.186406522,201.415078385
-54.1840738965,37.5695969359,239.116521335
-28.5763891461,61.4324955287,1132.69293152
-53.8833909102,39.5596798929,84.454167143
-51.445774494,38.941270574,363.232632157
4.62188924396,34.3168720774,455.42649636
-56.039394037,38.2956734527,122.928211648
-51.6234490713,38.2271260416,405.749120607
-53.3457360562,37.8962037324,233.24608463
237.395473552,11.3228454141,4038.17473937
308.810577694,33.0591747274,1698.32933778
-51.3940495843,36.8670496103,475.044105105
315.18820412,44.9747624248,591.341072619
-53.5709954559,37.0837099768,479.4535269
184.704693545,134.198079438,1921.49113982
-51.5148316903,38.9049719179,364.477827743
-53.860754781,36.3149413028,213.445747622
305.132424528,35.2354475287,159.789928859
310.329361673,37.7064859468,1661.85951149
164.390618767,149.738467816,949.081029843
-17.5474055991,29.5854337609,58.8979141408
313.247726318,40.740495675,487.231173286
-57.0211052168,34.3332984129,417.597349448
-55.3586924295,36.1988552662,142.780338543
-54.405280974,37.8076269409,133.769463362
-58.4001706416,40.4491292205,651.24042118
168.530988075,131.002344808,1859.36120124
298.887348751,77.9158631158,2220.73640625
310.797301787,30.7639899698,2271.27048152
2067.82572739,136.540908362,4600.45310511
-49.1665407438,43.4622129092,358.173030461
745.587185923,106.681247236,1101.44994419
-54.0217771825,41.5661879719,199.765413774
-58.9794869325,38.6709915959,571.386100639
307.484595076,37.9369404234,1815.90695112
-55.0636907369,40.542942424,139.220790177
176.31360894,71.7194051024,3443.4900572
-55.4702510637,39.8569714366,144.977843715
-52.2511442518,38.8761766872,303.624296083
-54.2582145353,40.4493656266,108.19283536
-54.7813493721,40.8313184873,155.233959294
-55.103797167,41.6429918759,524.603428432
105.199995213,134.544919988,1174.82486467
313.919350037,26.0047981925,538.142827652
-55.014950385,40.7410627355,180.309997048
196.465565009,67.6342911031,3667.0454135
-54.4031178004,38.3425083688,106.480114704
-53.5703075779,38.4187189215,101.782173453
-11.4629793002,32.735958367,82.2054965837
96.9053259684,45.5629743721,2433.10080289
268.338764459,53.5865652997,4185.27556281
308.060038034,36.8300132343,193.946277037
335.147544904,31.8126456444,162.270873887
-55.5323380756,37.2554038938,128.023622579
-19.2975651916,31.1510987758,97.3629679542
311.282035794,29.6839112032,1197.55870476
-54.9408126192,39.5263063378,127.83253729
325.650738537,48.6310578065,962.528405333
-377.679972222,133.226390103,5049.82144626
-53.6579934312,39.809686477,85.5476544707
59.1097050282,128.583675393,1575.39315361
311.775941301,43.1473534905,561.910384773
-52.0446358563,28.2810220206,511.600492408
913.400975432,137.597558538,5045.1196174
309.699174238,36.7611682855,1710.23825496
-53.8690739461,41.4168636932,164.473735846
-54.6547796357,38.3374578757,108.629417072
215.732650147,64.3106697309,3740.09393918
-54.2194484372,26.9147443143,517.988217385
-52.7311053189,38.9645017078,172.900507793
187.348593724,70.8919881055,3389.3118492
309.493376573,39.8280959925,176.199716554
-53.9986459755,41.7777137159,182.018659303
305.33385413,34.8129265841,224.580346097
215.716631139,101.723292622,2044.72816521
145.762532297,147.028232502,1496.72649257
881.896492929,149.326844298,1510.13849461
582.827610046,98.702328858,1678.55673109
122.233999289,120.875144123,1722.74714797
160.3721447,146.115774463,1357.68077221
-51.3425870026,44.848034209,576.12044842
-55.8329371853,41.964513922,681.142653275
-54.6777639281,36.2849280901,143.989418253
-53.4261011609,38.2457572899,119.630290361
13.5078319824,35.0206832625,669.357314838
-51.3199135251,37.9462549731,414.217283804
320.011156552,51.0458243031,1352.62288313
266.067615068,5.0374619253,2484.2252745
337.521853023,50.450297701,2090.03145902
-23.8480855331,31.9826495791,195.136351589
479.824894256,93.1835233999,2201.85716172
317.789444146,27.592398027,402.290559879
-20.4806445064,31.1695289562,123.608083137
-52.617582289,37.7613651094,185.032151402
-52.9095288867,36.9017548364,183.284325811
307.00574326,34.5190474106,1636.34899682
308.124389537,30.2146925279,2262.00958751
308.825411893,26.8633499936,441.407060445
-50.2532640154,41.1204217486,236.974343866
-55.6519994593,35.6729102104,157.132489585
-56.014585117,39.4818484153,128.853790596
304.464790648,31.287885734,381.622165925
308.961080864,34.0455927641,1200.47538146
69.7282873314,129.28880192,1374.66253975
-52.9580671984,37.2995295913,376.269845074
307.623445418,31.5888717449,2131.98152964
2691.8608936,140.033887609,2315.24062989
-55.1166848712,36.9745522794,166.543583545
166.23255294,149.15840978,1602.84524765
320.132006037,44.7401193339,807.784173518
-56.4327640097,37.6370907162,125.64490043
28.4442619686,34.5711888615,1042.59004354
168.654026545,73.4896761479,3173.85654493
-54.1405508824,40.5106832568,154.720244684
303.191596071,31.8873244892,328.108531093
305.214915184,35.8671143047,179.653643289
-54.9920524397,35.8541705924,161.81173403
-51.7473311604,39.6014562914,343.10843232
-45.9140995177,24.7708634492,525.226722339
-55.1049326579,39.8395785824,169.84148555
-54.3599277929,37.858210404,108.297927062
-52.4165494081,37.2476353737,394.810479318
161.437148355,143.772060485,1154.57819463
-38.9651719209,25.1992183284,456.250093817
-52.4039429295,37.5709651243,171.10023063
177.351598177,130.615113931,1818.51835737
306.814546904,45.5747386925,983.059686663
-49.3720570297,43.7688062192,501.178569873
-58.9427497867,34.1825661749,453.77589593
-56.2548969425,36.1266070411,148.428433934
305.890821569,34.0328118401,272.085038107
312.758285834,29.0282673082,1739.19149695
-28.0923134065,28.0908750733,282.168333453
305.504826695,36.2876923689,227.92329786
305.687639776,36.6079704424,154.458158624
308.499411921,34.4032387339,1710.76591313
-50.9524857579,38.4234210753,370.494709405
306.72291909,37.8736171545,240.875231001
-49.6954706122,44.0749885664,378.87954729
-59.0890096268,35.367142442,469.264603891
315.542529903,28.5972608033,411.692163653
274.7469491,140.013198651,5745.01770538
267.427097633,90.7790591074,2099.15820644
304.034255183,36.1179912891,287.211006553
-2644.37514912,78.6455175336,1047.80814775
-49.3253610641,43.9714443291,574.834802501
-53.85335063,41.1282361503,125.329280046
243.553728185,97.7944831654,1937.37294447
-53.9798113971,41.9597323581,168.121190282
-54.1729148234,41.4479405717,217.342343684
-49.9353004425,43.654809186,318.476104765
220.534702531,62.3583226294,3686.05625782
-54.3457131656,41.5170900163,102.024160361
-51.1019954217,38.9372401399,321.518192099
-49.3206472521,42.8328624281,253.147514728
-55.2748947633,38.4710416534,133.53332637
-54.7066619175,41.0386650075,214.692007051
-4.95162999853,33.4284473143,232.916558807
-54.3746819968,41.6180617065,195.480071337
-51.6057747488,27.4710515905,507.275436061
270.824923862,31.4842781111,1114.00187273
-54.9778540215,39.2277282933,135.693454086
309.3496947,34.9951149633,1796.49866484
14.3028218928,125.031385712,2014.0810036
307.017344337,32.4148358099,288.03194468
-49.5299787899,40.9279784229,224.995699431
305.896368992,30.6759881517,313.463274039
-58.0603465974,27.6150353909,519.000841034
-49.7163644427,79.3445569714,1873.96935774
-50.6676146671,38.1255855016,380.352505757
135.343707394,122.6028047,1714.55687248
315.251757467,31.038810071,1668.93281535
124.608616729,138.656111701,1149.15580535
-49.2284387044,43.6881375088,406.296335303
166.626761085,150.064107051,1498.71296492
318.627851508,65.0556809755,2134.72751263
107.227300462,47.2299600612,2647.94221214
93.7510458581,44.0698181327,2409.98378359
-52.4346391308,36.8877076833,494.747255348
308.582966052,33.1196549858,1728.05199388
-60.7048479557,30.9654564954,497.455570643
388.366040153,50.9684023562,1697.53223199
170.976708995,129.531237346,1790.8108031
-53.8586691502,35.4944423058,280.078543203
315.372462866,41.3002426347,619.521042413
-49.5967879354,41.7238431431,221.228283525
307.2640486,39.7320075568,394.355646399
166.366559655,150.932545113,1457.86000299
-51.4184126944,40.5710057836,271.403970489
-54.0064508955,41.6657177295,83.2901427408
309.474448622,34.0830536292,610.253813145
-55.4926053131,35.9848516696,154.278216482
-56.1555856314,37.9385073359,126.296102064
306.849662426,35.4641309382,252.781615291
-52.9557282227,38.9415472607,118.762522761
308.345865555,70.9852044056,2090.72555617
-53.2500186181,42.1797644057,143.914020444
538.101475649,152.087905052,2578.25926745
307.576449441,30.7201412796,427.560953536
-1696.31260092,161.27648853,7963.08632594
227.247462759,61.0312927038,3728.00835636
305.066393563,33.3359120299,210.789860031
308.501593774,33.6726855026,476.968079191
-49.5799931173,39.0318987568,302.219150194
-54.7044583912,40.1452415219,155.501827378
-53.4544735564,39.1170959013,88.9414592663
305.840544669,35.6854026239,169.185996247
304.201130595,36.0337158118,286.12703466
306.43335894,36.2571938371,125.664680026
304.248187696,31.2094388128,370.64206049
306.391994772,29.906441221,2290.15783606
-54.1036316212,40.4507674444,162.679422596
-53.274463135,37.7868936602,351.282392498
152.496447304,66.8696908533,3133.31257463
-54.3713899678,41.3876707255,204.383943577
-54.2664513675,36.7799998935,490.220566944
-54.9210730601,37.8823372487,111.494819096
305.02298243,33.9610796151,260.438481936
160.694630129,70.1949214726,3293.4888729
-278.800859916,86.4766166667,993.045809194
-59.4234415842,37.295135518,530.448261509
-54.3320934508,38.6049308424,110.983659157
178.974495769,139.197312861,2178.23730161
-55.5206180381,37.6715704859,139.599240172
-55.0465921234,38.8442562559,104.807976661
82.6764285611,41.899076621,2190.59268622
-54.1173337455,40.6109811645,111.867745303
-43.1462894287,26.0792037006,483.424260823
-57.2666238358,40.7876453265,664.151983426
-51.6099688156,37.5318210105,434.242396418
-50.0784831214,39.7051411549,289.459559386
127.668038755,52.5116377528,3000.26652488
268.748183711,20.4775906178,1791.83747081
-53.3907654234,40.806087188,119.306331172
151.495215173,63.1959005304,3317.4679201
-53.8867431886,41.3384971222,154.210893001
-55.7497948036,39.3173151886,140.847852639
600.150891129,104.262436314,3190.77328596
-52.2549698311,25.7604390872,536.160675182
-53.8674257199,36.6299493655,295.190134332
-54.4023632166,41.2464994783,198.697528369
-52.615694223,38.232835324,145.522992198
295.652729615,76.9198252214,2238.2892334
-53.6430323361,36.3886204994,384.914899057
305.440532604,32.2433586643,283.235911925
-51.0001703088,38.5062452718,372.20625137
323.780459751,84.2531461975,2566.63861152
-58.7261876382,31.1599463864,480.449191947
328.644836817,43.7763855793,2054.82738067
-53.6249849072,41.9630554852,136.374642836
165.669508587,149.726885653,1489.11133822
-51.9305700051,26.3463428641,538.088026521
-51.5755750371,39.3786701974,340.590538071
153.154870961,64.702315749,3299.4654059
93.0561863012,115.900089448,1558.90613845
-54.0960298741,41.3516945946,188.486579615
157.956338057,68.5527695496,3278.8258048
-55.6773713627,37.3442852491,123.253805477
-58.4450214013,37.3442037471,526.154910139
538.542516595,110.749793183,2239.10956569
-50.2459599168,44.5035907232,479.259642097
-56.1822641707,35.7096927806,154.438136245
-52.6983164261,36.4182759483,317.53347496
-55.3452934056,36.3290570392,210.443378152
-55.2356207916,38.3113293537,117.434689591
-59.4523310579,34.176634503,464.02016658
-54.9544055517,36.5244249013,274.43963332
-54.6239797315,36.3644259362,135.57833928
302.301637081,30.1397852128,380.250891955
963.249719404,124.630189931,3972.23179889
119.885626046,52.0152771753,2798.4917305
-49.0963651507,42.3546346605,310.201527502
322.217231666,62.7146386249,3934.14893553
-49.4371023607,42.9301724798,290.520889437
-54.2743679964,35.0933398347,301.501641811
134.005009802,55.9067058087,3055.05267901
63.5237330782,129.413882874,1485.59850583
305.989770401,37.188340918,151.690677713
307.266257153,37.1210923054,43.1851313461
-83.8438862185,102.938639697,1220.79362967
106.50420115,47.1165581344,2620.041375
-53.9808084049,36.9842281171,185.907708323
317.087580983,26.2161245695,433.77244916
-25.3641961751,101.810182607,1863.8583879
-54.318986045,39.2544728461,108.658005359
1140.77960575,110.720239766,1174.37547223
-54.6499080611,40.0615907462,150.361849802
-50.4815833813,38.6446685942,347.913047664
311.04204156,32.3169842463,1778.0350725
-54.0760578302,41.3830625051,210.097754516
130.402003157,54.3515262667,3025.76707723
306.881479103,33.2492901423,215.76248121
164.746888981,151.592949039,1418.56104187
306.648554172,32.565758103,241.236933454
-49.3109785142,42.1516792909,203.99061252
209.315482446,65.7992863931,3751.05662494
-56.4310778009,37.5671154452,125.385321554
163.775173675,149.148212079,867.464641861
94.3892396258,42.8421535018,2461.8320443
-55.906315766,37.6117155651,127.09567268
-49.3699139421,43.1457108424,203.86755021
-52.5487698609,37.0753236434,262.395705512
-20.0476044796,107.67498848,1733.8804864
306.820362753,32.2501428907,304.48033205
-53.7102249202,41.2998327831,136.82262152
-49.6585738265,43.8592827362,374.349898839
-55.4586935202,38.1414943799,125.312314118
-54.5476487683,35.7490459241,343.83490988
231.966657447,60.5820865452,3778.33110458
-49.6519134189,41.4213923925,241.668505274
90.3903183565,113.943143682,1499.54039391
326.954268673,61.9486475362,3950.4855843
1847.40006395,110.593613693,1229.8099082
311.069544868,29.9833062404,1723.89092814
-53.5292781364,39.8842879353,79.152577761
-54.1134203657,38.3072918045,101.595359981
-55.6188193258,39.2785045726,128.832856695
-45.7526010091,27.8119212998,515.266848005
305.304064256,34.4140189817,180.475212062
-55.6930101495,42.3040046583,714.914970726
306.649874338,39.1638341914,329.051404344
-54.6570218551,41.4067849227,208.988167238
240.326289058,58.8012074887,3899.96008939
308.576395027,41.107262324,386.196161398
5.84349825281,120.586139507,1959.24168471
4032.7964168,126.248806485,1375.29219504
-54.4768879954,38.600435628,99.2915025134
-54.3106753822,38.7063902467,97.2692193485
-22.8197615645,32.0526226606,173.023279935
163.28925924,146.920677063,957.260667982
142.578105505,59.6774096958,3171.55438406
307.392610518,38.597026912,75.3419852223
