-64.5026410818,42.9355875456,1.27897692437e-12
-68.4497550213,43.1002756701,1.27897692437e-12
-65.9171583137,43.010387703,2.55795384874e-12
-70.092454461,43.1284732196,1.81529459635e-12
-74.3098161883,43.0925422144,6.22649628787e-13
-66.5471830968,43.0380204418,2.22086055676e-12
-77.4088948695,42.9664026467,4.26325641456e-13
-67.8247065106,43.0833304836,8.52651282912e-13
-72.2264275632,43.1297890715,7.54303998469e-13
-67.7809396248,43.0820154699,4.26325641456e-13
-77.1572258955,42.9798168271,4.68958205602e-12
-75.7449601159,43.044677742,3.46706300588e-12
-75.7022654255,43.0463638407,8.52651282912e-13
-66.2963504626,43.0274379394,7.69913422351e-12
-66.1515029249,43.0210744902,2.13162820728e-12
-75.8057349012,43.0422498544,1.27897692437e-12
-70.4556573954,43.131515051,2.55795384874e-12
-64.4762009801,42.9340209423,1.42319399212e-12
-66.2205732197,43.0241319461,4.30858606354e-12
-74.2571419314,43.0939538424,1.05578828289e-12
-65.3523150177,42.9826384931,1.27897692437e-12
-68.356854746,43.0979740608,6.22594401637e-13
-65.154492236,42.9722540274,2.63293432591e-12
-71.5665978846,43.1336443668,1.81527656171e-12
-66.0663230683,43.0172460405,1.05624807043e-12
-69.3476984133,43.118620453,8.52651282912e-13
-76.7526194634,43.0002044737,1.42289966752e-12
-76.5324540699,43.0106886811,5.15375982659e-12
-70.7022820477,43.1329216434,2.63254804283e-12
-76.8045348878,42.9976696987,6.84965714702e-12
-68.4509790838,43.1003054909,4.73072659653e-12
-73.7370083397,43.1065829338,0.0
-76.0309908962,43.0329664921,1.07307855005e-11
-73.7652551087,43.1059581611,1.70530256582e-12
-77.388335557,42.9675195775,0.0
-64.7686040257,42.9510018724,8.52651282912e-13
-68.1808212967,43.0934051163,3.41060513165e-12
-74.8813778332,43.0756546292,3.04857842934e-12
-75.0267228084,43.070901358,1.81549535449e-12
-70.8615790078,43.1335468919,3.04845821101e-12
-67.2546977196,43.0648865996,1.42261191501e-12
-75.0281981531,43.0708521548,1.27897692437e-12
-66.6119004039,43.0406609302,3.41060513165e-12
-66.219440968,43.0240821649,4.26325641456e-13
-67.0754809532,43.0584976488,1.81553860087e-12
-73.4487438382,43.1125580427,2.55795384874e-12
-74.0209350079,43.0999838969,4.73072702687e-12
-77.4235195877,42.96560584,2.13162820728e-12
-64.4468530941,42.9322747996,2.55795384874e-12
-66.0432870495,43.0161996903,1.70530256582e-12
-72.7223940603,43.1243779665,1.27897692437e-12
-70.2859008729,43.1302372055,8.52651282912e-13
-77.1334591716,42.981054553,1.05646490377e-12
-66.0588975931,43.0169092688,4.26325641456e-13
-64.4439293361,42.9321004237,4.68958205602e-12
-68.7028936461,43.106162958,3.88710147376e-12
-64.8663558654,42.9565099293,4.26325641456e-13
-75.1660219225,43.066171073,2.22078032243e-12
-74.5123560505,43.0868868868,1.70530256582e-12
-68.3269275693,43.0972164867,8.10018718767e-12
-70.0764050828,43.1283121389,2.11116449414e-12
-64.9250050593,42.959774088,8.52651282912e-13
-71.8773760278,43.1323040099,4.26325641456e-13
-72.7421714948,43.1241174519,1.42234832402e-12
-70.7421086293,43.1330988099,2.98427949019e-12
-69.8736048633,43.1260822646,2.55795384874e-12
-74.5812758326,43.0848801728,0.0
-67.6403794183,43.0776784463,6.8212102633e-12
-69.1434482657,43.1150688598,1.70530256582e-12
-77.3516403195,42.9695037959,4.3086663062e-12
-69.0697229175,43.1136970573,2.8447894067e-12
-68.4784806769,43.1009720231,3.8369307731e-12
-67.8211775168,43.0832250754,7.54694688456e-13
-68.6185539251,43.1042638959,2.22067173798e-12
-74.0892821171,43.0982895338,3.04853142847e-12
-64.2713357278,42.921672582,3.46728752863e-12
-72.3753126305,43.1283913216,4.73068901193e-12
-73.8183622115,43.1047645328,5.11590769747e-12
-67.7888709758,43.0822550221,9.3998160749e-12
-77.5060236603,42.961075118,8.52651282912e-13
-66.9280105538,43.0530286238,4.68958205602e-12
-64.9332404924,42.9602300008,2.22108223e-12
-71.6101906027,43.1335074002,1.27897692437e-12
-64.5209929784,42.9366712746,1.05673072926e-12
-77.0972860715,42.9829287577,2.11290735289e-12
-71.5169206895,43.1337801461,0.0
-69.1370072722,43.1149509125,1.27897692437e-12
-75.7392967577,43.0449023255,4.73080072924e-12
-68.8058147592,43.1083958934,2.63260702166e-12
-72.1096269329,43.1307495478,1.81528665759e-12
-77.5658122159,42.9577540118,1.81588976454e-12
-76.4217207705,43.0157995092,1.81568745322e-12
-72.4998400575,43.1270729433,3.88706741876e-12
-74.4369350151,43.0890349833,2.22071515013e-12
-74.7450065688,43.0799451906,4.26325641456e-13
-76.4381949543,43.015046027,8.52651282912e-13
-72.3780136477,43.1283641688,0.0
-74.9338121743,43.0739613137,7.699095975e-12
-75.6527150265,43.0483005034,1.05606196379e-12
-73.6705850375,43.1080244798,0.0
-68.3954574398,43.0989396399,5.15365143689e-12
-68.1272263582,43.0919600574,8.97446469774e-12
-75.3702291959,43.0589273921,2.13162820728e-12
-67.4526522634,43.0716153954,3.8369307731e-12
-74.6601283978,43.0825329571,4.26325641456e-13
-69.4152482187,43.1197145668,1.27897692437e-12
-73.2301193126,43.1166029652,1.27897692437e-12
-70.5155007663,43.1319053285,3.04846162015e-12
-73.0821644881,43.1191022638,7.54393686529e-13
-70.4533245058,43.1314992013,1.42231546758e-12
-68.119111228,43.0917390547,4.26325641456e-13
-71.6356391166,43.1334197424,0.0
-73.3776374224,43.1139196902,8.52651282912e-13
-72.1195729312,43.1306724191,2.84463829536e-12
-66.693709401,43.0439460105,3.46706434176e-12
-77.3805549257,42.9679412983,3.23465662918e-12
-66.1805460485,43.0223652305,7.24753590475e-12
-70.656289123,43.1326997543,2.84462024749e-12
-75.6107912834,43.0499221501,3.41060513165e-12
-73.430402351,43.1129135218,3.41060513165e-12
-73.0218713968,43.1200656419,0.0
-75.4679810912,43.0553297294,0.0
-76.1845714762,43.0263799067,6.23321870706e-13
-71.9520048591,43.1318560805,2.13162820728e-12
-77.7987087669,42.9445140773,6.24152517615e-13
-73.5708612126,43.1101159357,3.8369307731e-12
-68.8275211942,43.108854965,7.54479673973e-13
-73.0099176397,43.1202528517,2.63257850896e-12
-67.2269108754,43.0639145141,3.04860280616e-12
-65.2843990422,42.9791122959,7.55567348992e-13
-72.082078852,43.130958648,5.68024427517e-12
-65.40385303,42.9852871612,4.26325641456e-13
-74.3443794987,43.0916026811,1.8154231728e-12
-64.4044694675,42.9297395908,0.0
-70.7104697647,43.1329592009,4.26325641456e-13
-70.7644193517,43.1331919845,3.8369307731e-12
-64.6607056711,42.9448239229,5.54223333893e-12
-69.5696671239,43.1220654935,1.70530256582e-12
-65.5523672481,42.99278852,3.04875047123e-12
-65.4834707411,42.9893328139,3.8369307731e-12
-67.6022207279,43.0764710993,0.0
-71.7881087942,43.1327756731,1.42230978582e-12
-76.8346225429,42.9961897315,2.2209797664e-12
-66.9077533803,43.0522624332,2.98427949019e-12
-71.7669428239,43.1328772635,2.22059016514e-12
-65.9944875254,43.0139676514,0.0
-68.4398436103,43.1000337228,6.22573458995e-13
-71.1884745304,43.1341336675,4.30842444698e-12
-70.2508832482,43.1299421946,1.05557247074e-12
-69.8251726914,43.1254964197,4.26325641456e-13
-70.0661422456,43.1282079521,2.22060347729e-12
-74.4700504037,43.0880979761,5.96855898038e-12
-67.2382224336,43.0643110529,4.44157124814e-12
-76.1684532173,43.0270809642,0.0
-68.5382558489,43.1023978575,4.26325641456e-13
-69.8094251205,43.1253015056,2.22061176342e-12
-74.7091381226,43.0810464885,1.81545998109e-12
-73.2095815664,43.1169613824,1.70530256582e-12
-72.5134015093,43.1269211548,2.63256247306e-12
-70.4252913603,43.1313050136,2.98427949019e-12
-73.1725966238,43.1175974906,5.11590769747e-12
-72.3907733763,43.1282350327,1.27897692437e-12
-73.0457581613,43.1196877899,2.22062776759e-12
-76.0397948082,43.0325945549,7.55119220492e-13
-72.0782120753,43.1309874658,3.88706104317e-12
-74.1163543333,43.0976070403,3.0485328457e-12
-69.3700055957,43.1189861889,0.0
-69.2865598434,43.1175956993,1.42237735149e-12
-77.4739294607,42.9628447646,8.52651282912e-13
-72.8202738486,43.1230551253,2.98427949019e-12
-75.10842536,43.0681476647,2.52983585775e-12
-74.0758679582,43.0986253182,2.98427949019e-12
-73.3089034435,43.1151937001,6.22419287607e-13
-68.4490033786,43.100257352,8.52651282912e-13
-76.5953763033,43.0077361665,1.70530256582e-12
-76.6280215534,43.0061905297,4.30861241883e-12
-71.7899025361,43.1327668832,3.41060513165e-12
-65.2910830613,42.9794611376,1.70530256582e-12
-71.4153166762,43.1339904981,8.52651282912e-13
-72.038347471,43.1312769205,0.0
-68.0855485817,43.0908188902,3.46697876294e-12
-73.7578645608,43.1061223053,0.0
-71.8052826833,43.1326903577,0.0
-70.7847724354,43.1332731794,0.0
-66.4352175413,43.0333651297,0.0
-74.5238620612,43.0865547778,5.96855898038e-12
-68.3941494666,43.0989071372,3.46696399454e-12
-67.4403979264,43.0712088497,1.05592464625e-12
-76.1418230028,43.0282342013,0.0
-67.7916977419,43.082340266,1.05585791303e-12
-65.5385913562,42.9921009011,4.26325641456e-13
-71.3271682087,43.1340997005,3.04845706296e-12
-70.9803766159,43.1338684424,6.22229312454e-13
-64.5797557074,42.9401213098,2.13162820728e-12
-72.8095007014,43.123204841,1.70530256582e-12
-65.9969630133,43.014081383,1.42283794175e-12
-69.2348579318,43.1167035438,1.27897692437e-12
-74.2646964693,43.0937528862,7.54606377423e-13
-74.9752557934,43.0726057916,1.27897692437e-12
-76.5823338266,43.0083510425,4.26325641456e-13
-74.3537932563,43.0913449659,4.26325641456e-13
-70.247013702,43.1299089359,7.54302992446e-13
-64.9852282948,42.9630941976,8.52651282912e-13
-74.5723320383,43.0851429473,0.0
-77.1441798156,42.9804968629,2.98427949019e-12
-77.6750257902,42.9516054093,0.0
-77.3182979819,42.9712963411,6.23880913084e-13
-65.3864633118,42.9843960818,4.30864443231e-12
-73.1410314566,43.118130885,4.30844796151e-12
-76.2077812165,43.0253663712,2.63280665389e-12
-71.7834356122,43.1327984408,8.52651282912e-13
-74.0346186717,43.0996479599,4.68958205602e-12
-77.1768891466,42.9787890123,3.46718328362e-12
-77.7772128827,42.9457563112,7.27436095709e-12
-74.1978003328,43.0955149116,0.0
-76.0482008017,43.0322387891,2.13162820728e-12
-66.387578742,43.0313509256,3.04867041563e-12
-65.9265111521,43.0108234944,3.23432100666e-12
-73.0756352217,43.1192081307,3.8369307731e-12
-75.4851139552,43.054690487,4.03419444589e-12
-74.7148624965,43.0808714883,0.0
-76.0723863997,43.0312117007,5.26558520289e-12
-69.3290895192,43.118312015,4.26325641456e-12
-75.0220842407,43.0710559307,1.42258446404e-12
-70.5866152899,43.1323283129,2.13162820728e-12
-77.7633015757,42.9465580454,1.4231382468e-12
-77.237672077,42.9755901328,0.0
-70.5555174206,43.1321487966,4.26325641456e-13
-70.1821079757,43.1293315141,4.26325641456e-13
-64.9780241747,42.9626987228,7.55704813453e-13
-75.7317136021,43.0452025959,7.55013530377e-13
-69.5955501552,43.1224390943,6.22345589225e-13
-71.5462192526,43.1337026827,1.05554991656e-12
-73.5449053467,43.1106459646,4.26325641456e-13
-76.9836791437,42.9887394788,1.7865632982e-12
-76.2026534681,43.0255907025,1.70530256582e-12
-73.4197967126,43.113117723,2.55795384874e-12
-73.1362547634,43.1182108405,0.0
-71.7503383139,43.1329542115,4.30842618011e-12
-67.0249223053,43.0566441972,2.22080747665e-12
-76.8868349125,42.9936024347,1.78649438983e-12
-77.7844711322,42.9453373213,1.05667883313e-12
-71.7150840475,43.133109573,7.27419793631e-12
-65.4026204703,42.9852240907,3.88729840183e-12
-77.0132837253,42.9872363072,7.24753590475e-12
-70.7347866086,43.1330672809,6.22237463899e-13
-70.5324948135,43.1320104372,1.422313192e-12
-68.232553791,43.0947760476,4.03394284427e-12
-67.4287562476,43.0708214072,1.70530256582e-12
-77.6344620942,42.9539014828,4.73092246984e-12
-65.8886464802,43.009054447,1.05629715413e-12
-74.4899881872,43.0875291772,1.70530256582e-12
-69.3182167128,43.1181303959,1.81533066629e-12
-66.6211719641,43.0410361939,2.63276898228e-12
-74.9304810207,43.0740696106,6.00096848293e-12
-64.7760248926,42.9514229837,7.55799230574e-13
-68.8665104316,43.1096691756,7.54472842177e-13
-71.5927805681,43.1335640995,1.81527684165e-12
-69.5785466116,43.1221943234,7.54367738022e-13
-77.6367495306,42.9537723938,1.05662831665e-12
-76.2625088999,43.0229576284,2.63281244455e-12
-70.3256431372,43.130559003,8.52651282912e-13
-65.1749657844,42.9733448007,1.27897692437e-12
-69.4454341432,43.1201905625,3.8369307731e-12
-74.2949102573,43.0929441579,1.8154184951e-12
-66.2256172934,43.0243535794,1.42279224701e-12
-65.7900998862,43.004391052,0.0
-77.0773475966,42.983956848,7.5552676979e-13
-72.4920541987,43.1271593587,1.05558916085e-12
-67.7255493964,43.0803271061,2.63267451498e-12
-67.0709209283,43.0583314031,1.81553918048e-12
-67.7816831551,43.0820379504,0.0
-65.9743297798,43.0130395306,2.13162820728e-12
-77.678250917,42.9514222257,8.52651282912e-13
-77.6000360016,42.9558386624,1.27897692437e-12
-67.5759790867,43.0756333869,4.26325641456e-13
-64.8524508619,42.9557315759,0.0
-71.2340663518,43.1341410999,2.13162820728e-12
-72.8419437851,43.1227508911,0.0
-73.8423231281,43.1042178754,8.52651282912e-13
-69.3632560741,43.1188759878,4.26325641456e-13
-67.8191221592,43.0831636332,3.8369307731e-12
-66.0709043677,43.0174535763,1.70530256582e-12
-64.5854835813,42.9404559654,3.41060513165e-12
-64.5839597177,42.9403669608,3.41060513165e-12
-73.5644704337,43.1102469871,0.0
-74.9773757774,43.072536045,0.0
-68.2677673182,43.0956957852,3.46696985822e-12
-74.1841480487,43.0958696724,3.88711823718e-12
-74.92574348,43.0742234613,4.30851247409e-12
-68.4756925481,43.1009047519,4.26325641456e-13
-64.1379617051,42.9134334964,3.46730256456e-12
-75.4800318135,43.0548803765,1.78562578025e-12
-65.1530720279,42.9721782253,1.27897692437e-12
-73.9008385791,43.1028616614,3.41060513165e-12
-67.0408283783,43.0572297284,1.70530256582e-12
-70.5962229875,43.1323820611,1.70530256582e-12
-77.5485412911,42.958716633,0.0
-71.0335050453,43.1339722278,4.26325641456e-13
-76.4841111352,43.0129332717,7.67386154621e-12
-70.9107982579,43.1336951175,5.57705315512e-12
-66.6420190181,43.041877209,6.23164484923e-13
-73.9663275487,43.1013081276,2.98427949019e-12
-77.7907858547,42.9449724161,7.55853237741e-13
-76.030190249,43.0330002829,0.0
-67.3790944469,43.0691552541,4.26325641456e-13
-65.845893425,43.0070418169,0.0
-66.5684525461,43.03889231,8.52651282912e-13
-67.984306503,43.0879833029,3.88713108043e-12
-77.0039206776,42.9877125562,7.55495309188e-13
-66.5657636582,43.0387823082,3.8369307731e-12
-75.9508136992,43.0363221915,0.0
-73.4744612906,43.1120546329,5.15363532696e-12
-69.1319675837,43.1148583722,5.11590769747e-12
-68.5367109001,43.1023614,5.15364723379e-12
-69.102603466,43.1143147507,4.26325641456e-13
-72.8280465209,43.1229464751,4.26325641456e-13
-69.2429844305,43.1168453248,1.42238069125e-12
-70.1587620128,43.1291147945,2.13162820728e-12
-68.8253434001,43.1088090931,3.8369307731e-12
-73.6134473855,43.1092334874,4.26325641456e-13
-69.7644230068,43.1247325172,2.63256773632e-12
-65.5806153326,42.9941932748,4.26325641456e-13
-64.5335051936,42.9374084448,5.15384980994e-12
-76.6758657456,43.00390822,2.63285823796e-12
-72.6748743629,43.1249898819,8.52651282912e-13
-65.610200178,42.9956569555,2.22098128459e-12
-64.8742902242,42.9569533006,3.04882485653e-12
-70.9937050407,43.1338968033,1.70530256582e-12
-70.3047800751,43.1303917981,4.73068633478e-12
-76.9733967567,42.9892597477,4.26325641456e-13
-76.0898743192,43.0304658205,1.24656075972e-12
-72.9420704819,43.1212916572,0.0
-77.2624966157,42.9742742345,3.52258873518e-12
-70.9698943166,43.1338450442,0.0
-73.4767996613,43.112008572,4.73071093574e-12
-65.2333366299,42.9764343037,6.23828792347e-13
-71.1011589341,43.1340685877,2.63254528457e-12
-77.6694185321,42.9519236751,3.23478197493e-12
-76.7357620185,43.0010224025,4.73085943541e-12
-68.205662238,43.0940663423,4.26325641456e-13
-74.4830753458,43.0877267878,3.46698440874e-12
-76.4082949351,43.0164117919,1.8156853189e-12
-76.1363380098,43.0284709532,7.5515378373e-13
-69.6594800243,43.1233367097,0.0
-69.2341603684,43.1166913466,2.55795384874e-12
-67.7984226874,43.0825427812,1.27897692437e-12
-71.8608043038,43.1323968504,0.0
-65.7941697882,43.0045853424,1.70530256582e-12
-64.4125661138,42.9302251274,1.42321086915e-12
-66.793085116,43.0478572647,4.26325641456e-12
-75.2253977572,43.0641028018,5.57713214776e-12
-67.4567902947,43.0717523793,2.22076441373e-12
-68.8565626059,43.1094627023,7.54474574639e-13
-67.7467869958,43.0809776398,7.54713539129e-13
-67.2130813854,43.0634281783,2.55795384874e-12
-69.8484062412,43.1257800225,7.54337645555e-13
-66.5653488205,43.0387653316,2.98427949019e-12
-77.4475078273,42.9642947601,1.81586697004e-12
-72.2428469783,43.1296444609,0.0
-71.6098922599,43.1335083942,1.27897692437e-12
-68.1427102043,43.0923801318,3.23368250216e-12
-70.0417176044,43.1279562849,6.22289463035e-13
-77.4505456051,42.9641283652,2.63295385644e-12
-67.7480761166,43.0810169997,6.8212102633e-12
-71.3254915761,43.1341011176,2.13162820728e-12
-68.62900356,43.1045025748,8.52651282912e-13
-68.1398641702,43.0923030772,3.88712404555e-12
-70.9811188341,43.1338700627,8.52651282912e-13
-75.8755882915,43.0394189831,1.42272522552e-12
-76.6055442886,43.0072557606,2.2209482321e-12
-75.041998053,43.0703909949,8.52651282912e-13
-73.2226894375,43.1167330562,0.0
-75.7233434013,43.0455334413,0.0
-76.6190055326,43.0066183498,4.30861179039e-12
-77.7677371558,42.9463026018,5.11590769747e-12
-67.3057097747,43.0666535214,8.52651282912e-13
-67.5217491402,43.0738830345,5.15368221391e-12
-74.0876695309,43.0983299839,0.0
-77.1593713048,42.9797048516,8.52651282912e-13
-66.760987698,43.0466034674,7.55001786104e-13
-66.5474352547,43.0380308015,7.27428067633e-12
-74.4325289104,43.0891589275,2.22071479682e-12
-74.5099082206,43.0869573905,2.63265857256e-12
-69.1771271166,43.1156796633,4.26325641456e-12
-75.0626737305,43.0696969215,3.88716085941e-12
-69.4416894924,43.1201319478,0.0
-64.7847382895,42.9519168201,1.81591010659e-12
-76.7459874831,43.0005265601,5.96855898038e-12
-67.2866113801,43.0659946825,5.15369190276e-12
-68.5579879643,43.1028616518,4.26325641456e-13
-64.6816072782,42.9460287348,7.55844394071e-13
-74.1246394464,43.0973968836,0.0
-76.3031737902,43.0211506759,1.27897692437e-12
-69.8427556619,43.1257114834,1.27897692437e-12
-75.4683738374,43.0553151047,1.50985749341e-12
-64.1414814868,42.9136529545,4.26325641456e-13
-66.3539427522,43.0299167332,2.13162820728e-12
-70.9139936421,43.1337040068,3.04845788472e-12
-64.9524882678,42.9612932167,2.98427949019e-12
-67.7151908292,43.0800083733,6.22777042613e-13
-77.04100619,42.9858216507,4.44201862121e-12
-75.3328370589,43.0602812813,1.70530256582e-12
-69.3807484913,43.1191607671,1.42237038567e-12
-64.6099314305,42.9418810847,2.55795384874e-12
-65.1124538086,42.9700027264,4.68958205602e-12
-70.189715058,43.1294010987,4.26325641456e-13
-71.1567919291,43.1341177758,1.81527491066e-12
-68.894157745,43.1102384552,7.54468065478e-13
-73.9561058961,43.1015530896,3.41060513165e-12
-73.793331106,43.1053302169,5.26522878718e-12
-66.7523470848,43.046264397,0.0
-75.1128318749,43.0679974756,3.41060513165e-12
-73.9497134181,43.1017058185,8.52651282912e-12
-69.4848999979,43.1208008443,2.13162820728e-12
-72.3447593865,43.128694012,2.55795384874e-12
-77.7174035463,42.9491910196,4.2693796169e-12
-70.512742279,43.1318880285,2.98427949019e-12
-71.4243560711,43.1339754502,1.50853772233e-12
-72.6836088289,43.1248788935,3.41060513165e-12
-65.1622569935,42.9726681479,2.98427949019e-12
-65.3600561871,42.9830378283,1.27897692437e-12
-69.3194275071,43.1181506723,0.0
-72.8109243905,43.1231851142,3.46691966314e-12
-70.2445307815,43.1298875261,1.42232264132e-12
-70.9652893707,43.1338344608,4.26325641456e-13
-68.7126184817,43.1063779186,6.42511219472e-12
-77.3794566769,42.9680007815,2.63294454892e-12
-70.4146080145,43.1312291972,2.63255211292e-12
-66.8528144227,43.0501662976,2.55795384874e-12
-69.4906841579,43.1208891409,5.11590769747e-12
-73.3944127618,43.1136024543,4.26325641456e-12
-65.2841407792,42.9790988091,7.55567461957e-13
-71.5069123754,43.1338048834,0.0
-66.5940271513,43.0399353804,4.44171019821e-12
-65.351924071,42.9826183118,6.42523411373e-12
-67.7253738267,43.0803217117,7.54719040708e-13
-65.752334181,43.0025812117,6.51535685526e-12
-76.6133049429,43.0068884775,1.2470395097e-12
-73.4938266633,43.1116717284,5.96855898038e-12
-69.9361912255,43.1268088772,3.04847220416e-12
-76.6593868943,43.0046965996,1.42287968665e-12
-77.7056692324,42.9498611586,2.22111177239e-12
-67.4546965704,43.0716830882,0.0
-72.3286010474,43.1288507827,1.27897692437e-12
-66.7682185582,43.0468867121,5.15371537125e-12
-76.6788136229,43.0037669343,0.0
-71.7578163889,43.132919856,4.26325641456e-13
-70.6684906901,43.1327604261,1.27897692437e-12
-74.4269236379,43.0893163575,8.10018718767e-12
-70.6674396461,43.1327552512,8.52651282912e-13
-74.7801027675,43.0788566359,3.23378839446e-12
-70.7652774111,43.1331954808,1.81527812724e-12
-72.4906219357,43.1271751976,2.55795384874e-12
-77.4964058901,42.9616063943,1.42307133021e-12
-67.3244935647,43.0672983803,0.0
-74.7952657617,43.0783829796,5.54223333893e-12
-68.4606718864,43.1005411642,4.26325641456e-13
-71.4923351626,43.1338393432,0.0
-65.7974740481,43.0047429748,2.22095539277e-12
-77.5270223946,42.9599123109,3.88733960914e-12
-73.423409705,43.1130482693,2.55795384874e-12
-68.9388841378,43.1111452135,1.27897692437e-12
-71.6040560381,43.1335276818,1.05555096618e-12
-71.183545559,43.1341317729,1.70530256582e-12
-77.3471271314,42.9697470111,1.81584796845e-12
-75.9121502944,43.0379200872,4.26325641456e-13
-76.6898146542,43.0032389976,0.0
-74.9503624071,43.0734218102,8.52651282912e-13
-73.9257976074,43.1022740281,7.5453488989e-13
-75.6276684729,43.0492711918,2.13162820728e-12
-72.6277788505,43.1255767884,1.42234182856e-12
-74.3959135675,43.0901823118,3.88712749929e-12
-67.2764333411,43.0656422603,2.22078182971e-12
-65.9381786125,43.0113660534,0.0
-65.548108321,42.992576116,6.39488462184e-12
-74.6395534227,43.083150694,5.57711052832e-12
-77.4600973259,42.9636046335,3.04881105059e-12
-66.8752240682,43.0510245194,7.54964720552e-13
-70.5053084268,43.1318410747,1.42231394585e-12
-75.1091361346,43.0681234506,1.70530256582e-12
-77.649187418,42.9530696604,1.27897692437e-12
-76.7456725627,43.0005418447,2.13162820728e-12
-73.1216116924,43.1184546979,1.70530256582e-12
-68.0376948595,43.0894898172,1.05581504808e-12
-72.6417101111,43.125405203,2.55795384874e-12
-68.7813455568,43.1078734374,3.4669476225e-12
-74.6159914576,43.0838535331,3.46699148077e-12
-65.8019103282,43.0049544598,4.73085417506e-12
-72.135085733,43.1305503899,0.0
-75.4099112649,43.0574770983,5.26545890966e-12
-66.0051775593,43.0144583979,4.26325641456e-12
-68.3359190872,43.0974449231,1.31615937699e-12
-75.2533879641,43.0631170215,6.51512161725e-12
-69.1439811116,43.115078601,4.26325641456e-13
-66.2238917498,43.0242777854,3.88723481695e-12
-69.2712428091,43.1173338351,2.22063447839e-12
-73.9783247682,43.1010194424,7.27422586413e-12
-71.1497064292,43.1341130182,6.42508486692e-12
-66.5266192568,43.0371737111,2.13162820728e-12
-69.8487623917,43.125784333,4.26325641456e-13
-73.900377072,43.1028724755,0.0
-74.0687007723,43.0988040793,1.31613322783e-12
-68.8249210288,43.1088001916,6.00093184611e-12
-64.2125321585,42.9180594697,3.41060513165e-12
-68.3163642284,43.0969472107,6.42512148651e-12
-77.4445378453,42.9644573621,2.22107018528e-12
-74.681743099,43.0818799887,7.54705970623e-13
-73.6467125928,43.108533099,0.0
-70.218052526,43.1296558488,4.3084310268e-12
-64.5065788553,42.9358203331,1.4231859915e-12
-73.8375949897,43.1043261454,8.52651282912e-13
-76.3425832895,43.0193855459,3.8369307731e-12
-70.0165703467,43.1276917103,4.03373621605e-12
-66.0957870639,43.0185775476,4.26325641456e-13
-67.7939993743,43.0824096221,2.22073403591e-12
-65.265832647,42.9781412374,2.22103119547e-12
-77.7317225509,42.948371611,2.84626036516e-12
-68.2724254721,43.095816636,0.0
-72.1528727152,43.1304078744,1.05556967778e-12
-65.2088986011,42.9751444898,3.41060513165e-12
-64.6104087262,42.9419088546,1.31914779362e-12
-68.8977686043,43.1103123107,2.55795384874e-12
-70.0542385207,43.1280859512,8.52651282912e-13
-65.5710564888,42.9937187094,5.57721202478e-12
-67.2272237156,43.0639254961,0.0
-66.5828442458,43.0394799895,0.0
-73.0549892451,43.1195404265,3.46692631851e-12
-76.154887153,43.0276692343,0.0
-64.9092110836,42.9588980571,3.0488208199e-12
-77.4967756175,42.9615859861,5.2659199342e-12
-74.1696095439,43.0962456595,2.22069459539e-12
-69.4521589286,43.1202955164,4.30844478085e-12
-72.3707514493,43.128437029,4.26325641456e-13
-73.1495193853,43.1179883141,6.22390862654e-13
-67.7638274662,43.0814967461,5.5771124056e-12
-69.7276157349,43.1242539467,1.42234771649e-12
-68.4840765401,43.1011068327,8.10018718767e-12
-74.3291318843,43.0920184521,1.27897692437e-12
-65.7343927955,43.0017170012,1.815736541e-12
-65.8350552517,43.0065290411,1.42287153585e-12
-69.8768846946,43.126121195,2.98427949019e-12
-68.9234644724,43.110834585,1.05568706149e-12
-73.3447845,43.1145338073,1.81534320879e-12
-69.5143780484,43.1212477727,0.0
-64.7715272173,42.9511678126,4.68958205602e-12
-77.1452061347,42.9804434201,6.00106723177e-12
-68.2107427116,43.0942009093,1.81541411281e-12
-74.066713741,43.098853559,3.46696409237e-12
-76.3754414613,43.0179033396,7.55242350652e-13
-64.3678812241,42.927538239,2.13162820728e-12
-73.3782237725,43.1139086435,2.13162820728e-12
-71.4154876046,43.1339902202,1.27897692437e-12
-71.8901401911,43.1322308594,2.13162820728e-12
-72.4106830478,43.1280306826,1.50863751294e-12
-71.697617322,43.133182511,2.46830930474e-12
-64.3452883149,42.9261730011,1.70530256582e-12
-70.4395949175,43.1314049557,3.41060513165e-12
-72.7740580777,43.1236902047,3.8369307731e-12
-72.0231079646,43.1313838924,8.52651282912e-12
-67.2996597744,43.066445161,1.42260498015e-12
-66.2012759956,43.0232819693,1.81566137019e-12
-72.6353778396,43.125483406,1.42234224421e-12
-70.0677697933,43.1282245363,1.05558277247e-12
-67.4705787614,43.0722077417,2.13162820728e-12
-70.4960615527,43.1317819937,2.63255078353e-12
-71.7728527297,43.1328492929,2.55795384874e-12
-72.8918191549,43.1220350111,4.30844222487e-12
-73.4269979654,43.1129791775,1.27897692437e-12
-73.2852146511,43.1156231676,2.98427949019e-12
-74.1695250014,43.0962478404,1.70530256582e-12
-74.117275896,43.0975836942,3.04853289418e-12
-75.8670180463,43.0397686201,4.73080759789e-12
-72.0771395442,43.1309954358,3.88706103019e-12
-72.0003144066,43.1315400889,7.5428930199e-13
-77.7223961535,42.9489055235,2.55795384874e-12
-72.3771569329,43.1283727882,8.52651282912e-13
-67.3324349447,43.0675700801,1.27897692437e-12
-76.8398782858,42.9959303859,4.44196101085e-12
-67.0290758999,43.0567973132,8.52651282912e-13
-73.6274607999,43.1089396245,2.13162820728e-12
-76.7172783516,43.0019163416,1.51075262653e-12
-71.0378596924,43.1339796378,8.52651282912e-13
-72.220334271,43.1298421354,8.52651282912e-13
-70.7790980898,43.1332509075,2.55795384874e-12
-65.9159668822,43.0103321334,1.70530256582e-12
-67.814763224,43.0830332057,0.0
-72.6807687476,43.1249150557,7.54344904798e-13
-69.8634682752,43.1259613514,3.41060513165e-12
-68.6552641222,43.105098161,8.52651282912e-13
-74.8832991724,43.075593009,1.81547899613e-12
-65.222181155,42.9758461838,1.81582671174e-12
-67.1379444773,43.0607564877,0.0
-77.0836799447,42.9836307145,2.63290698042e-12
-68.2743097459,43.0958654673,0.0
-74.0575744711,43.099080692,1.27897692437e-12
-76.2933463122,43.0215887025,1.27897692437e-12
-72.1113769426,43.1307360398,1.4223188645e-12
-65.1099711185,42.9698692815,1.42303458462e-12
-73.891858942,43.1030717376,1.42244199206e-12
-77.7879420275,42.9451367946,4.7309341936e-12
-76.3598391669,43.0186083381,2.55795384874e-12
-67.1648162338,43.0617176849,1.42262601501e-12
-68.4060249012,43.099201687,2.98427949019e-12
-68.8044577563,43.1083670568,0.0
-74.2043178569,43.0953449727,3.88711909168e-12
-74.7705140591,43.0791551194,0.0
-69.9239829108,43.1266698364,2.55795384874e-12
-71.7960740508,43.1327364253,7.5427926081e-13
-72.0806827251,43.130969068,2.63255273849e-12
-75.5640978308,43.0517100281,3.04862814625e-12
-72.4844730033,43.1272429917,1.42233441229e-12
-76.8345997476,42.9961908558,7.5542428277e-13
-76.056510977,43.0318864645,7.55125155706e-13
-70.7622291664,43.1331830308,0.0
-68.3445373276,43.0976632103,1.27897692437e-12
-69.1356865766,43.114926683,1.70530256582e-12
-74.6686786402,43.0822751507,3.46699436265e-12
-72.5474999455,43.1265323755,8.52651282912e-13
-64.8785128148,42.9571890315,2.98427949019e-12
-67.546837636,43.0746960147,4.26325641456e-13
-66.7684311438,43.0468950325,6.23113515698e-13
-67.1992596244,43.0629404344,6.22950500268e-13
-74.7108226777,43.0809950198,1.70530256582e-12
-71.0551327936,43.1340073936,1.42230430322e-12
-70.9863359469,43.1338813154,4.73068166488e-12
-66.6940692568,43.0439603306,8.52651282912e-13
-70.3543167314,43.1307825819,0.0
-72.182528703,43.130164092,3.41060513165e-12
-69.2836581446,43.1175462489,0.0
-67.7136474774,43.0799608037,2.22074101622e-12
-68.6019313412,43.1038822479,1.27897692437e-12
-76.5257068587,43.0110032006,4.26325641456e-12
-76.4488207893,43.0145587571,0.0
-69.9114764251,43.1265260454,3.04847279152e-12
-72.6429720752,43.1253895758,7.54340922393e-13
-70.691763025,43.13287253,3.0484596115e-12
-66.2175478273,43.0239989047,1.27897692437e-12
-68.0400548538,43.0895558341,1.05581465227e-12
-69.9485038868,43.1269477836,4.73069094375e-12
-70.0302422841,43.1278362403,4.30843370055e-12
-64.0889137475,42.9103639283,3.46730816627e-12
-65.9083928042,43.0099785778,3.88725809889e-12
-68.9592877291,43.1115530383,1.05568275315e-12
-67.886291042,43.0851523576,0.0
-66.5609065068,43.0385834418,2.22085895219e-12
-77.7629035129,42.9465809611,1.05667138537e-12
-76.8392007352,42.9959638335,3.04874387964e-12
-68.412570714,43.0993635157,8.52651282912e-13
-66.4181515441,43.0326458639,1.51023758084e-12
-67.8248245486,43.0833340074,1.70530256582e-12
-68.8743079095,43.1098304103,0.0
-72.5542613225,43.1264540728,1.81530163812e-12
-74.4394417181,43.0889643932,1.70530256582e-12
-65.0918896167,42.9688957552,2.98427949019e-12
-69.9554968573,43.127026084,4.26325641456e-13
-77.1759959208,42.9788357764,1.27897692437e-12
-64.2712657308,42.9216682994,1.70530256582e-12
-71.9461569788,43.1318929431,1.27897692437e-12
-72.8698893083,43.1223524674,3.41060513165e-12
-75.6706863074,43.0476006068,3.46705766975e-12
-68.0530390066,43.0899181697,1.27897692437e-12
-66.8278752328,43.0492060079,0.0
-70.2135049737,43.1296154409,4.26325641456e-12
-73.5572278056,43.1103950731,4.30845932818e-12
-74.3890853304,43.0903718531,2.55795384874e-12
-65.6677780441,42.9984834194,3.41060513165e-12
-76.1705145687,43.0269914347,2.46939840193e-12
-69.3502790815,43.1186629873,0.0
-73.3404675626,43.1146137989,8.52651282912e-13
-72.8227145784,43.1230210647,2.55795384874e-12
-73.9412425566,43.1019076506,8.52651282912e-13
-76.4029084474,43.0166569932,1.70530256582e-12
-77.6717753808,42.9517899354,4.26325641456e-12
-76.5404834617,43.0103138677,8.52651282912e-13
-71.3238623973,43.1341024711,6.84953106498e-12
-76.6696211623,43.0042072559,7.27431010574e-12
-69.3178694115,43.1181245776,0.0
-64.4816588703,42.934344835,5.68112054538e-12
-68.3976884539,43.0989950452,8.52651282912e-13
-73.162127007,43.1177753777,1.27897692437e-12
-71.2908340603,43.1341248946,2.13162820728e-12
-74.5084015906,43.0870007591,0.0
-64.7398030003,42.9493628879,6.0011000075e-12
-68.5554293108,43.1028017046,1.70530256582e-12
-71.5712710726,43.1336304808,2.13162820728e-12
-72.0743862532,43.1310158493,2.22059547204e-12
-73.9912135223,43.1007078944,0.0
-72.3732128679,43.1284123859,1.05558164584e-12
-72.578773077,43.1261668428,1.05559511339e-12
-74.0407039765,43.0994980354,2.63262841783e-12
-66.7772678531,43.0472405398,1.05606831683e-12
-77.1223084799,42.981633532,3.41060513165e-12
-69.9232332193,43.1266612556,4.26325641456e-13
-69.5400274023,43.1216304561,0.0
-73.1850868142,43.1173840134,1.27897692437e-12
-73.7072616286,43.1072333028,3.41060513165e-12
-77.329586172,42.970690573,5.54223333893e-12
-64.2765480046,42.9219913652,1.70530256582e-12
-74.6758130165,43.0820595428,0.0
-74.4147695,43.0896567695,2.63265208185e-12
-72.6973503231,43.1247029262,4.30843830466e-12
-72.7008745013,43.1246575302,1.05560416529e-12
-70.6900776145,43.1328645707,3.46690198768e-12
-68.7792094322,43.1078275785,4.26325641456e-12
-66.9118574231,43.0524179527,8.52651282912e-13
-77.5009916947,42.9613531814,2.98427949019e-12
-74.6202938327,43.0837255607,1.70530256582e-12
-70.4592436523,43.1315393232,3.41060513165e-12
-70.7021059561,43.1329208292,3.46690188495e-12
-72.465793567,43.127446905,4.26325641456e-13
-77.8162634967,42.9434965498,2.55795384874e-12
-73.9434692162,43.1018546579,1.05574090921e-12
-64.6629610046,42.9449541111,1.70530256582e-12
-74.725008061,43.0805606185,1.70530256582e-12
-73.9816146129,43.1009400588,0.0
-65.115785954,42.970181744,1.42303319505e-12
-65.849650725,43.0072193404,1.81571736171e-12
-64.1436693883,42.9137893146,1.42328394226e-12
-68.1408215504,43.0923290056,4.26325641456e-13
-71.1098852691,43.1340780965,4.26325641456e-13
-68.0836724853,43.0907671627,2.98427949019e-12
-77.3923240479,42.9673031874,8.61733907678e-12
-73.9473884359,43.1017612778,4.30847201403e-12
-74.9682121983,43.0728372384,3.41060513165e-12
-73.2144034602,43.1168775651,4.26325641456e-13
-76.2487608628,43.023565216,2.55795384874e-12
-67.7813756925,43.0820286549,8.95283847058e-12
-68.3304867926,43.0973069964,2.55795384874e-12
-75.9160983057,43.0377575279,4.30856604719e-12
-69.9630502678,43.1271101781,8.52651282912e-13
-73.4005062638,43.1134866091,1.50888162049e-12
-74.7309832431,43.080377109,4.30850343307e-12
-73.7682369304,43.1058917988,5.11590769747e-12
-71.2989531498,43.1341202685,3.46689969464e-12
-70.3365936491,43.1306452386,1.70530256582e-12
-72.7278748762,43.1243061152,3.88707192506e-12
-75.3593229595,43.0593235577,1.81553572136e-12
-64.2202038632,42.9185325866,3.41060513165e-12
-65.8132761738,43.0054954968,1.70530256582e-12
-65.3861738778,42.9843812281,4.30864445412e-12
-66.7301410747,43.0453899867,1.42269866076e-12
-64.6712111676,42.9454299648,4.44224879434e-12
-64.9879387008,42.9632428683,2.55795384874e-12
-71.0827948042,43.1340463973,3.04845717366e-12
-76.5612652657,43.0093411185,1.27897692437e-12
-77.3756035394,42.9682093901,7.55658664762e-13
-72.6653493428,43.1251101529,3.04847573193e-12
-70.6459007673,43.1326470706,4.68958205602e-12
-68.7532117608,43.1072662469,7.24753590475e-12
-69.1504546853,43.1151967482,0.0
-76.300878867,43.0212530408,1.42280603969e-12
-68.987414969,43.1121092579,1.27897692437e-12
-71.5397982763,43.133720303,4.68958205602e-12
-69.9616006134,43.1270940775,6.00091254687e-12
-74.4322782289,43.089165974,8.52651282912e-13
-68.6594611259,43.1051927879,0.0
-66.6321265396,43.041478602,1.70530256582e-12
-73.4246748054,43.1130239227,2.63259589266e-12
-72.1207466383,43.1306632601,2.98427949019e-12
-68.2274359755,43.0946414704,3.04853900381e-12
-75.0250952753,43.0709556144,2.84516982083e-12
-77.7855759343,42.9452735044,0.0
-69.5386499078,43.1216100507,4.68958205602e-12
-67.7250402521,43.0803114618,2.98427949019e-12
-67.182842909,43.0623589375,8.52651282912e-13
-66.0775753226,43.017755444,3.04869864096e-12
-69.3955528391,43.1193996887,5.11590769747e-12
-71.773957658,43.1328440294,0.0
-65.1314577769,42.9710223879,1.81584352358e-12
-72.9871575966,43.1206058333,0.0
-67.1627050194,43.061642397,7.54875692556e-13
-68.4849331124,43.1011274441,2.13162820728e-12
-68.1960926706,43.093812257,3.46697329736e-12
-70.000708829,43.1275219812,3.41060513165e-12
-68.6385109361,43.1047188994,1.05572373434e-12
-74.8718336828,43.0759602423,7.54755621177e-13
-69.6025787537,43.1225395328,2.63257301e-12
-70.6565819922,43.1327012259,5.54223333893e-12
-76.2709173272,43.0225851981,6.09737722826e-12
-69.1048331963,43.1143562952,2.22064296687e-12
-70.4750988962,43.1316452828,0.0
-77.0751793748,42.9840684356,2.98427949019e-12
-71.5762896959,43.1336153553,0.0
-66.8011475457,43.048170777,1.42268628883e-12
-68.1748972178,43.093246627,0.0
-71.3356144201,43.1340921866,8.52651282912e-13
-65.3290489028,42.9814351041,2.55795384874e-12
-69.1342601288,43.1149004962,0.0
-66.2188772548,43.0240573761,4.44180070183e-12
-69.4479162782,43.1202293474,5.54223333893e-12
-67.6411623849,43.0777030856,2.13162820728e-12
-70.1124865307,43.1286711061,2.63255826473e-12
-74.9517242388,43.0733773098,0.0
-70.7796400529,43.1332530469,5.57705365695e-12
-65.2524297903,42.9774383495,1.27897692437e-12
-74.5296172239,43.0863882238,4.73074521967e-12
-67.5456004505,43.0746560539,4.26325641456e-13
-76.8436973601,42.9957417794,8.97453255936e-12
-71.0861798507,43.1340507098,7.54268229473e-13
-70.3978473939,43.1311082372,1.70530256582e-12
-73.3608440919,43.1142347908,5.11590769747e-12
-74.3721039503,43.0908414509,0.0
-73.7079744169,43.1072178096,7.54493410624e-13
-64.9800246117,42.9628085841,4.68958205602e-12
-64.4853723803,42.9345650585,5.15385330107e-12
-75.0917465233,43.0687145862,4.73076886836e-12
-66.7893241629,43.0477108223,3.8369307731e-12
-75.0267904,43.0708991042,0.0
-67.761219129,43.0814174532,2.22073686408e-12
-74.180085417,43.0959749252,3.46696934853e-12
-67.545554508,43.0746545697,4.26325641456e-13
-67.5236380326,43.0739444356,0.0
-67.3614440698,43.0685578637,5.57712709134e-12
-67.8935581039,43.0853651446,1.70530256582e-12
-71.3769945743,43.13404634,2.63254533808e-12
-71.798224846,43.1327257321,2.13162820728e-12
-73.4785677332,43.1119737129,1.27897692437e-12
-70.7426010316,43.1331009133,2.4683101419e-12
-66.6509602665,43.0422367461,2.55795384874e-12
-74.8925266928,43.0752966155,7.27424824896e-12
-65.6743197983,42.9988026997,8.52651282912e-13
-75.0537031355,43.0699985232,2.98427949019e-12
-67.7088938276,43.0798141541,8.52651282912e-13
-67.1828753889,43.0623600904,7.54869674434e-13
-66.6352119438,43.0416030175,3.04864913066e-12
-70.397288267,43.1311041596,3.04846328398e-12
-75.9925103739,43.0345841292,1.8156219705e-12
-76.3370388957,43.019634707,7.55227840969e-13
-69.7969011463,43.1251449399,0.0
-70.0616987445,43.1281625561,1.27897692437e-12
-73.7023970982,43.107338919,2.22066297191e-12
-69.3600762798,43.1188239321,4.26325641456e-13
-75.1801929452,43.0656802702,6.84959430156e-12
-72.929305155,43.1214825909,2.55795384874e-12
-69.0163470182,43.112674155,1.27897692437e-12
-74.2420024562,43.0943550523,5.15365706829e-12
-67.3406689402,43.0678512058,2.55795384874e-12
-69.1185478584,43.1146108692,1.70530256582e-12
-75.1751436326,43.0658553524,1.42260760453e-12
-72.357209583,43.1285716565,2.55795384874e-12
-66.9257493931,43.0529432785,2.22081802503e-12
-64.5998929066,42.9412965571,1.27897692437e-12
-76.5644706173,43.0091907428,3.04871642136e-12
-71.1023827754,43.1340699615,0.0
-75.481814252,43.0548138033,1.42265673279e-12
-69.6964053336,43.1238388449,2.13162820728e-12
-66.0499255125,43.0165017046,1.27897692437e-12
-75.7201863457,43.0456580682,4.26325641456e-13
-66.8013757353,43.0481796419,0.0
-66.619623534,43.0409735743,4.26325641456e-13
-66.4850651331,43.0354513279,1.27897692437e-12
-69.8307152243,43.1255645048,7.54339454297e-13
-69.0537993384,43.1133945103,2.22064570874e-12
-77.5104829208,42.9608285138,7.35419718415e-12
-69.4299634561,43.1199476061,1.70530256582e-12
-66.1999532016,43.0232235846,4.26325641456e-13
-72.4510329024,43.1276058744,1.42233279709e-12
-65.1318780385,42.971044901,3.88732148578e-12
-65.4526095929,42.9877712941,2.98427949019e-12
-74.2908241065,43.0930540009,2.98427949019e-12
-67.1102372425,43.0597587578,2.46906242005e-12
-64.0765121984,42.909584423,2.22122651582e-12
-69.1453984015,43.1151044989,8.52651282912e-13
-64.8828602849,42.9574315693,8.52651282912e-13
-70.0837697404,43.128386335,6.22285087908e-13
-76.5482621734,43.0099502117,6.23488675778e-13
-74.6787201103,43.081971559,1.42253589174e-12
-66.5253356651,43.0371207348,4.7308111406e-12
-67.9567261126,43.0871952362,1.05582880545e-12
-68.362723159,43.0981216917,4.73072951879e-12
-77.2284774988,42.97607613,4.26325641456e-13
-76.656246088,43.0048465887,1.27897692437e-12
-77.734870598,42.9481912186,1.31902723966e-12
-74.6521926727,43.0827716585,1.27897692437e-12
-74.8762370495,43.0758193419,3.8369307731e-12
-77.2855291955,42.9730484303,3.41060513165e-12
-70.5076791652,43.1318561014,2.22059307648e-12
-77.5256772384,42.9599869165,4.30868028418e-12
-67.8816128959,43.0850151313,6.22726149563e-13
-75.420905189,43.0570728364,6.00098641143e-12
-67.4718468451,43.0722495362,4.26325641456e-13
-75.49154595,43.0544498348,1.70530256582e-12
-75.9550731771,43.0361453464,6.00100848505e-12
-64.681297879,42.9460109286,8.52651282912e-13
-64.3082489906,42.9239250139,2.13162820728e-12
-64.7735942079,42.9512851035,8.52651282912e-13
-75.8440225677,43.0407035511,3.8369307731e-12
-67.5172479664,43.0737365911,2.13162820728e-12
-73.5948282105,43.1096212644,1.81536034016e-12
-71.0784496974,43.1340407145,5.15360831894e-12
-67.7550109715,43.0812284863,8.52651282912e-13
-76.8934016883,42.9932753179,1.70530256582e-12
-71.0347747433,43.1339744055,4.26325641456e-13
-76.4988611576,43.0122506132,5.57719099484e-12
-74.0015359892,43.1004573257,4.26325641456e-12
-66.2873933499,43.0270497967,6.00101807837e-12
-76.861146384,42.9948784073,3.04874613286e-12
-77.0706991818,42.9842988768,2.22101364971e-12
-75.9664830494,43.0356708408,3.04866144688e-12
-64.6082888679,42.9417855019,3.88736911754e-12
-69.1418582627,43.1150397775,4.26325641456e-13
-65.1144087579,42.9701077669,1.42303352403e-12
-69.0997957442,43.1142623751,1.05566650588e-12
-77.6969448641,42.9503586076,0.0
-73.1606457601,43.1178004676,2.63258440636e-12
-66.7853495998,43.0475559272,1.70530256582e-12
-76.5640279986,43.0092115132,0.0
-73.8880814319,43.1031598997,1.4224415997e-12
-77.3677862986,42.9686322096,3.8369307731e-12
-67.3367408945,43.0677171685,7.54824751532e-13
-72.7778173948,43.1236392459,7.54355611891e-13
-74.9445325147,43.073612128,6.22842052702e-13
-74.9223708093,43.0743328676,1.42256988265e-12
-65.3454238996,42.9822825634,4.26325641456e-13
-71.1536081953,43.1341156925,1.70530256582e-12
-70.6463827153,43.1326495357,6.22241714214e-13
-64.409846876,42.930062126,6.42528587649e-12
-73.7781133484,43.1056714352,1.27897692437e-12
-68.981499619,43.1119928572,2.63259837208e-12
-69.4081717628,43.119601824,1.81532553487e-12
-64.2283600494,42.9190350095,1.81602468669e-12
-75.9567035269,43.036077615,8.52651282912e-13
-72.2536908625,43.1295476594,7.5430602464e-13
-76.5459228524,43.0100596317,3.46712620304e-12
-73.3981953268,43.1135305814,1.05567089432e-12
-67.2922208558,43.0661885256,6.00097679614e-12
-70.8172573095,43.1333952521,4.26325641456e-12
-66.7646412614,43.046746641,1.70530256582e-12
-67.5272302554,43.0740611194,8.52651282912e-13
-71.9865305771,43.1316323347,3.88705999286e-12
-69.6192086752,43.1227754498,2.13162820728e-12
-76.5943446637,43.0077848571,4.26325641456e-12
-65.4633918494,42.9883178129,4.26325641456e-13
-74.641406226,43.0830952187,4.0340161644e-12
-68.9077970029,43.1105168291,1.05568896696e-12
-75.7018044125,43.0463819592,1.81558084083e-12
-66.7972354672,43.048018725,2.63275219505e-12
-66.2592921571,43.0258274878,1.70530256582e-12
-69.796091283,43.1251347682,3.04847568081e-12
-73.1945828521,43.1172207946,4.30844929877e-12
-71.922273911,43.1320403795,1.81528215574e-12
-71.5914561785,43.1335683039,1.81527682699e-12
-72.4714036567,43.1273859842,2.22060582068e-12
-67.567273206,43.0753541326,1.42256533827e-12
-68.6697022992,43.1054230399,3.04851661524e-12
-73.8511962324,43.1040141592,1.81537989323e-12
-72.089352467,43.1309040851,8.52651282912e-13
-64.6761371349,42.9457137979,1.70530256582e-12
-77.2218439057,42.9764262952,3.04878443631e-12
-67.6669414024,43.0785113213,2.22074514791e-12
-72.8380299006,43.1228061448,2.13162820728e-12
-70.3183998354,43.1305013845,2.55795384874e-12
-66.6800319012,43.0434008845,1.05609132987e-12
-71.8160913289,43.1326353375,3.88705835926e-12
-66.7095756352,43.0445763074,6.8212102633e-12
-77.305891639,42.9719608082,6.23874172852e-13
-66.0373575393,43.0159296011,4.26325641456e-13
-75.3470165173,43.0597693253,3.41060513165e-12
-76.3737687884,43.0179790234,1.70530256582e-12
-67.7221992769,43.0802241262,3.04856894114e-12
-65.1285115947,42.970864519,2.63293766572e-12
-70.8925698477,43.1336426969,7.54271654116e-13
-72.2267529115,43.129786229,1.4223230922e-12
-72.7808918999,43.1235974777,4.26325641456e-13
-71.8488423869,43.1324623692,1.81528068402e-12
-76.2713940516,43.022564064,3.048688658e-12
-66.0173864021,43.015017636,0.0
-72.2845259431,43.129266765,7.35361727466e-12
-67.4305719234,43.0708819124,2.22076689489e-12
-67.3602171594,43.0685162362,1.70530256582e-12
-71.5387564096,43.133723128,1.42230556854e-12
-66.3008101552,43.0276309299,3.88722935724e-12
-69.4658630837,43.1205081706,2.55795384874e-12
-70.803151348,43.1333433801,2.98427949019e-12
-68.535595815,43.1023350733,2.55795384874e-12
-71.469210644,43.133890188,0.0
-65.9372169266,43.0113213786,0.0
-64.3478903651,42.9263304675,3.41060513165e-12
-74.7539586153,43.0796685618,1.27897692437e-12
-71.0255805832,43.1339583169,8.52651282912e-13
-75.3685286372,43.0589892334,1.81553688697e-12
-72.8063177116,43.1232488805,5.11590769747e-12
-64.7336101058,42.9490095091,2.22111419881e-12
-69.6255979222,43.1228654451,6.22341252179e-13
-77.6705314503,42.9518605285,1.81591030275e-12
-70.2709740764,43.1301127664,1.05557144772e-12
-65.9560061371,43.0121927491,1.81570002569e-12
-72.2996422657,43.1291260161,4.85191687069e-12
-74.1060520811,43.0978675209,8.52651282912e-13
-73.1819112523,43.1174384186,2.55795384874e-12
-75.3504762668,43.0596441402,4.03416335586e-12
-75.9024122533,43.038320462,1.05612177838e-12
-69.4923319605,43.1209142413,2.13162820728e-12
-76.049190827,43.0321968473,3.04866865938e-12
-72.337239236,43.1287672585,5.54223333893e-12
-68.5606961053,43.1029250389,2.55795384874e-12
-77.5826765891,42.9568114912,0.0
-75.5187207943,43.0534290617,1.27897692437e-12
-67.8255762844,43.0833564463,2.13162820728e-12
