-73.5637342332,43.1102620608,1.81535810555e-12
-69.7185650114,43.1241344499,0.0
-69.4117224285,43.1196584484,1.42236817058e-12
-70.051860888,43.1280614342,7.54318498379e-13
-69.7857919905,43.1250049108,8.52651282912e-13
-70.912912691,43.1337010097,1.42230566699e-12
-72.0070958704,43.1314940938,1.05556316304e-12
-73.6791137257,43.1078415561,3.88709873998e-12
-68.2775825549,43.0959502088,3.41060513165e-12
-70.8348220018,43.133457406,8.52651282912e-13
-71.5272830529,43.1337536086,0.0
-69.0334554263,43.1130047428,1.81534854109e-12
-71.2832991792,43.1341286709,1.70530256582e-12
-73.0354229987,43.119851891,0.0
-73.0303690382,43.1199317961,4.44125414391e-12
-69.6073748113,43.1226078198,1.42235504329e-12
-70.3911720904,43.1310593767,5.57705614714e-12
-69.3565847263,43.1187666706,3.04848890541e-12
-73.0462338869,43.1196802137,7.54388836466e-13
-73.5409277048,43.1107266667,0.0
-71.7414270348,43.1329945113,1.70530256582e-12
-68.5794962974,43.1033633047,1.05573186295e-12
-69.9073317166,43.12647809,2.63256353855e-12
-70.948479842,43.1337942509,7.69904677782e-12
-71.0413762137,43.1339855004,1.70530256582e-12
-72.3851340633,43.128292282,0.0
-71.6721155028,43.1332841999,0.0
-69.430056379,43.1199490717,2.2206270227e-12
-71.3271550051,43.1340997117,1.81527497366e-12
-69.6216788083,43.1228102851,4.26325641456e-13
-71.7418088187,43.132992799,2.63254787171e-12
-71.918349671,43.1320641266,7.54284903617e-13
-68.8842655581,43.1100355375,2.22065528449e-12
-68.7484184788,43.107162105,4.3084640785e-12
-68.8112188855,43.1085105721,6.22487257929e-13
-69.4764713319,43.1206716538,4.26325641456e-13
-72.2677678067,43.1294204588,2.98427949019e-12
-71.6188585165,43.1334781809,2.98427949019e-12
-69.0607298891,43.1135264636,0.0
-71.1531310397,43.1341153726,4.26325641456e-13
-73.2214356707,43.1167549608,8.52651282912e-13
-69.1370076216,43.1149509189,3.04849682944e-12
-68.7335744388,43.1068383156,1.05571102541e-12
-73.154849215,43.1178984662,4.73070305384e-12
-69.4384932268,43.1200818197,4.26325641456e-13
-72.0993414836,43.1308283966,7.54295275342e-13
-68.641351981,43.1047833888,1.27897692437e-12
-71.9853435133,43.131640201,2.22059369201e-12
-71.0260115089,43.1339590875,0.0
-68.9791434085,43.1119464068,0.0
-70.3130737393,43.1304587235,2.13162820728e-12
-72.6116076204,43.1257738272,0.0
-68.3998963486,43.0990498333,4.26325641456e-13
-73.1830596765,43.1174187535,8.52651282912e-13
-73.3007860722,43.1153414195,7.54425246014e-13
-72.4858722157,43.127227594,2.98427949019e-12
-71.1245097718,43.1340925361,4.26325641456e-13
-73.0127303252,43.1202089146,3.46692509782e-12
-71.675923682,43.1332693768,8.52651282912e-13
-73.0773173935,43.1191808914,4.26325641456e-13
-70.8580622481,43.1335354886,0.0
-70.1270865376,43.1288131168,0.0
-72.2036945175,43.1299853856,1.0555722117e-12
-72.5000858159,43.127070207,7.54326817511e-13
-69.1405061549,43.1150150291,1.70530256582e-12
-68.7479677634,43.1071523021,0.0
-72.8035746756,43.1232867615,2.2206175073e-12
-69.8858089838,43.1262266456,1.70530256582e-12
-69.9786349146,43.1272821062,4.26325641456e-12
-71.8025788441,43.1327039611,1.70530256582e-12
-73.3338455962,43.114736184,3.41060513165e-12
-73.1283801172,43.1183422144,1.05564203937e-12
-69.2758654862,43.1174130823,4.26325641456e-13
-69.2430145009,43.1168458484,1.81533514596e-12
-70.538774702,43.1320486382,1.70530256582e-12
-72.3685956167,43.128458569,1.05558136886e-12
-71.9299235404,43.1319937007,1.70530256582e-12
-69.1354663162,43.1149226406,1.50885752028e-12
-68.8886485811,43.110125552,7.54469012827e-13
-70.6047774545,43.1324292367,4.73068360815e-12
-69.4627866343,43.1204605751,1.05562933539e-12
-73.4621965668,43.112295435,1.42240094152e-12
-69.6091698749,43.1226333264,1.27897692437e-12
-71.1540556671,43.1341159906,6.42508486399e-12
-68.6650349293,43.1053182177,5.11590769747e-12
-68.6363195555,43.1046691085,2.55795384874e-12
-69.2094649625,43.1162567881,1.70530256582e-12
-71.6819131791,43.1332458058,1.42230769318e-12
-72.8723580082,43.1223169414,4.26325641456e-12
-70.8678067237,43.1335668199,1.05555073144e-12
-73.0197433793,43.1200990609,5.54223333893e-12
-72.4570675471,43.1275411134,1.70530256582e-12
-72.9866518781,43.1206136248,6.39488462184e-12
-71.9253089603,43.1320219207,8.52651282912e-13
-70.8969515034,43.1336555633,5.11590769747e-12
-72.4150903879,43.1279849763,4.26325641456e-13
-73.525421698,43.1110399397,8.52651282912e-13
-70.3121491893,43.1304512927,1.70530256582e-12
-70.4962984689,43.1317835168,3.41060513165e-12
-72.4835499365,43.1272531402,3.8369307731e-12
-70.9030272856,43.1336731261,4.26325641456e-13
-70.4283057698,43.1313262251,8.52651282912e-13
-73.4097880481,43.113309524,5.96855898038e-12
-69.232846288,43.1166683578,1.70530256582e-12
-73.4546856574,43.1124422498,0.0
-68.4253970317,43.0996795239,8.52651282912e-13
-68.2915140118,43.0963098786,4.26325641456e-13
-72.0742366314,43.1310169567,1.50858738546e-12
-71.4034392327,43.1340091819,4.26325641456e-13
-69.9480573684,43.1269427694,1.81529993379e-12
-73.0068909001,43.120300055,4.26325641456e-12
-72.1900127643,43.1301013518,1.05557151618e-12
-69.8835078252,43.1261995216,2.55795384874e-12
-72.2265770007,43.129787766,6.22270830165e-13
-68.3447291283,43.0976680609,1.27897692437e-12
-70.1920848282,43.1294226722,8.52651282912e-13
-68.2766699018,43.0959265873,5.57709602703e-12
-68.6303135164,43.1045324278,1.27897692437e-12
-71.4006140311,43.1340134441,7.54268542262e-13
-68.9942855071,43.1122440694,5.15363509426e-12
-69.4432959762,43.120157109,4.68958205602e-12
-73.6754931479,43.1079192885,8.19530499528e-12
-73.5989350693,43.1095359936,6.22476829496e-13
-68.6356334855,43.1046535114,6.22526482062e-13
-69.4298035537,43.119945084,3.88707902775e-12
-70.5002958964,43.1318091411,8.52651282912e-13
-71.7032313494,43.1331593594,1.70530256582e-12
-72.4405851138,43.1277172401,2.63256055862e-12
-69.1326997076,43.1148718295,8.52651282912e-13
-70.5647711683,43.1322031006,8.52651282912e-13
-69.9889558308,43.127394794,4.26325641456e-13
-72.0821666148,43.1309579925,3.8369307731e-12
-71.9557582171,43.131832263,1.70530256582e-12
-68.5697000075,43.1031353227,2.13162820728e-12
-72.773766205,43.123694156,0.0
-73.025336772,43.1200111355,1.05563203074e-12
-73.206101849,43.1170217422,2.22063536812e-12
-72.5484406218,43.1265215056,1.70530256582e-12
-69.0218422581,43.11278062,3.41060513165e-12
-68.7696335379,43.1076215091,4.26325641456e-13
-72.6096729612,43.1257972465,4.26325641456e-13
-69.9237059971,43.1266666675,8.52651282912e-13
-69.4259000623,43.1198834455,1.42236716915e-12
-68.4171781007,43.0994771962,2.63262846794e-12
-70.6526908136,43.1326816128,0.0
-71.5149588076,43.1337850644,3.88705648667e-12
-71.2455430458,43.1341401012,0.0
-70.2049212068,43.1295386748,5.57705787339e-12
-73.4553476736,43.1124293294,3.04850206588e-12
-72.3772621828,43.1283717296,6.22285236496e-13
-70.2232393127,43.1297017156,1.81529031194e-12
-69.0188181277,43.1127220632,3.41060513165e-12
-71.2724065581,43.1341332507,8.52651282912e-13
-69.1820659031,43.1157683976,4.68958205602e-12
-72.5707787966,43.1262610994,2.55795384874e-12
-68.1995979114,43.0939054193,3.63083028637e-12
-71.7311610296,43.1330400748,8.52651282912e-13
-72.6176360924,43.1257006413,7.54338311766e-13
-73.4227050143,43.1130618248,4.73070952628e-12
-72.0921283195,43.1308831398,4.26325641456e-13
-69.7084884524,43.1240005645,3.04847803622e-12
-72.3116620239,43.1290126693,1.81529271501e-12
-71.5404803876,43.1337184484,2.46830380626e-12
-70.4908318348,43.1317482478,8.52651282912e-13
-72.1006352152,43.1308185298,0.0
-71.7760692954,43.1328339407,7.54278442329e-13
-68.8902677795,43.110158763,0.0
-70.5980166982,43.1323920061,1.42231149358e-12
-73.0767603618,43.1191899141,0.0
-72.0686803202,43.1310579428,2.98427949019e-12
-69.7153294507,43.1240915566,3.88707227451e-12
-70.0147166217,43.1276719879,7.54321766921e-13
-68.3903892318,43.0988136131,3.23363212404e-12
-68.9431342041,43.1112304644,1.27897692437e-12
-70.9997254857,43.1339091036,2.98427949019e-12
-69.1447621472,43.1150928749,3.04849653465e-12
-69.4679485497,43.1205403875,8.52651282912e-13
-68.9493674976,43.1113552097,8.52651282912e-13
-70.6431934467,43.1326331853,3.8369307731e-12
-70.9328191647,43.1337545614,0.0
-69.793215993,43.125098609,8.52651282912e-13
-72.2356270442,43.1297083402,3.88706312649e-12
-69.910256284,43.1265119437,2.63256345714e-12
-70.4873229815,43.1317254719,3.46690406779e-12
-73.4931722919,43.1116847208,1.81535314437e-12
-68.184778877,43.0935108234,1.27897692437e-12
-68.7969204741,43.1082065939,1.70530256582e-12
-72.8239083612,43.1230043863,2.98427949019e-12
-71.9154525693,43.1320815714,3.88705926119e-12
-73.0943595549,43.1189035281,2.13162820728e-12
-70.9430838373,43.1337808183,3.8369307731e-12
-70.3131637637,43.1304594467,2.55795384874e-12
-71.1915536778,43.134134743,2.13162820728e-12
-71.1572076831,43.1341180413,3.41060513165e-12
-70.2883944136,43.1302578028,1.42232099318e-12
-69.7761464369,43.124882453,1.70530256582e-12
-71.1548540341,43.1341165183,2.22058663201e-12
-69.1388393655,43.1149844988,7.54428241065e-13
-68.9419527265,43.1112067813,1.05568482955e-12
-70.2168353788,43.1296450515,1.27897692437e-12
-69.5114407412,43.1212035807,2.22062344624e-12
-68.5815948792,43.103412034,2.55795384874e-12
-71.690148536,43.1332128831,1.42230783973e-12
-72.2851986434,43.1292605441,1.70530256582e-12
-73.156473725,43.1178710314,2.22063294692e-12
-68.3021375128,43.0965830021,7.54582635269e-13
-72.3582956707,43.1285609184,6.42509033763e-12
-69.5514213654,43.1217986022,1.42235864504e-12
-70.4294964117,43.1313345813,6.22255092893e-13
-72.1498026277,43.1304326711,1.42232021482e-12
-71.6403054795,43.1334030532,2.22058866611e-12
-71.78736532,43.1327793081,1.05555545473e-12
-73.6831442664,43.1077548865,3.41060513165e-12
-69.2447737815,43.1168764654,2.84476110529e-12
-71.856908775,43.1324183251,1.70530256582e-12
-72.713518548,43.1244937619,0.0
-69.2209390301,43.1164593592,3.04849369693e-12
-70.8948186593,43.1336493214,1.81527654443e-12
-73.2428109265,43.1163796244,0.0
-72.8486477464,43.1226559365,1.27897692437e-12
-70.4975944833,43.1317918398,6.84953320067e-12
-72.7997203544,43.1233398777,4.26325641456e-13
-73.2601321064,43.1160725324,1.81533784277e-12
-68.7085418508,43.1062879086,9.82523016695e-12
-68.2691774172,43.0957323888,8.52651282912e-13
-69.8120734682,43.1253344373,8.52651282912e-13
-71.9171126784,43.1320715841,2.6325500871e-12
-70.1048392799,43.1285959778,2.6325584454e-12
-70.1262412501,43.1288049458,2.63255794287e-12
-70.6267558603,43.1325475017,1.27897692437e-12
-68.8921723029,43.1101977968,5.54223333893e-12
-68.8728800897,43.109800926,3.8369307731e-12
-68.9184263578,43.1107326405,2.13162820728e-12
-72.8268599614,43.1229630957,1.0556143273e-12
-69.3006795892,43.1178352725,8.52651282912e-13
-69.8936136154,43.1263182942,0.0
-68.6231897453,43.1043699003,4.68958205602e-12
-72.3670027125,43.1284744584,4.26325641456e-13
-71.170924518,43.1341259513,1.0555473779e-12
-68.4530171316,43.100355113,0.0
-68.7061952714,43.1062360311,7.54501648152e-13
-70.0027217981,43.1275436435,2.13162820728e-12
-68.3584343235,43.0980138277,1.05576393939e-12
-73.536504587,43.1108162437,8.52651282912e-13
-70.0665109208,43.1282117108,4.26325641456e-13
-72.6790845066,43.1249364674,3.88707089842e-12
-69.1016124745,43.1142962725,1.05566630261e-12
-69.1354605692,43.1149225351,2.55795384874e-12
-68.5494803093,43.1026621021,4.26325641456e-12
-72.5549079032,43.1264465638,8.52651282912e-13
-72.2451997461,43.1296235458,3.8870632646e-12
-73.6621943402,43.1082038202,4.26325641456e-13
-68.9936728083,43.112232064,2.98427949019e-12
-73.4560868976,43.1124148975,4.68958205602e-12
-68.5302394932,43.102208461,5.57708889662e-12
-68.5777915817,43.1033236926,2.13162820728e-12
-73.5715526798,43.1101017347,8.52651282912e-13
-73.2818288119,43.115684149,5.96855898038e-12
-70.5463976803,43.132094545,1.27897692437e-12
-70.9018321415,43.1336696969,4.85189315579e-12
-71.846536927,43.1324748527,2.22059131242e-12
-73.647507803,43.1085162371,1.05570096373e-12
-71.3315824402,43.1340958515,3.8369307731e-12
-68.5085786005,43.1016938756,2.46863233091e-12
-71.6088342117,43.133511913,5.54223333893e-12
-72.5003595437,43.1270671586,8.52651282912e-13
-69.0797139366,43.1138857509,1.81534546876e-12
-72.1950439114,43.1300588987,4.26325641456e-13
-69.7022954675,43.1239178379,4.30843945826e-12
-69.287008956,43.1176033464,3.41060513165e-12
-71.251401,43.1341391465,7.5426748718e-13
-71.9975053276,43.1315590233,1.31550286496e-12
-72.3265853766,43.1288701784,1.31555462445e-12
-71.8719873346,43.1323344634,1.8152811301e-12
-68.3074281509,43.0967186516,4.26325641456e-13
-72.7200590741,43.1244084972,1.27897692437e-12
-72.4508578394,43.1276077484,3.46691158712e-12
-71.923905912,43.1320304639,1.27897692437e-12
-71.4920872311,43.1338399132,7.54269998789e-13
-69.3269775491,43.1182768178,3.41060513165e-12
-71.1746589955,43.1341278193,3.04845700456e-12
-70.7574420737,43.1331633145,4.30842587285e-12
-70.644307348,43.1326389061,0.0
-70.21286344,43.1296097259,2.11114892949e-12
-70.6690529298,43.1327631904,1.81527963489e-12
-69.8113428061,43.1253253578,4.30843739006e-12
-70.9040620532,43.1336760849,1.70530256582e-12
-70.2854612932,43.1302335687,8.52651282912e-13
-70.9569153334,43.1338147388,2.22058749239e-12
-68.2840203153,43.0961166248,1.81540743267e-12
-71.1874843916,43.134133304,8.52651282912e-13
-69.6279258691,43.1228981463,2.63257214761e-12
-69.7800619517,43.1249322618,4.26325641456e-13
-69.9546845248,43.1270170103,1.78460254609e-12
-71.1765072253,43.1341286985,1.70530256582e-12
-71.8092234971,43.1326704161,1.70530256582e-12
-70.6044771432,43.1324275914,4.26325641456e-13
-69.2554941817,43.1170624478,2.13162820728e-12
-69.4225761842,43.1198308541,1.27897692437e-12
-72.5475834667,43.1265314107,4.68958205602e-12
-73.2263294253,43.1166693835,8.52651282912e-13
-71.0884158976,43.1340535034,6.8212102633e-12
-72.6290164978,43.1255616137,3.41060513165e-12
-73.3319668704,43.1147708359,3.04849720341e-12
-70.5674391211,43.1322186176,4.26325641456e-13
-73.039383765,43.119789113,0.0
-68.7878045572,43.1080118573,5.11590769747e-12
-72.7397085616,43.1241500816,3.8369307731e-12
-72.1122270061,43.1307294687,1.70530256582e-12
-71.8632775739,43.1323831472,7.54282225987e-13
-68.6266991956,43.1044500234,1.70530256582e-12
-71.743996394,43.1329829632,5.57705396354e-12
-73.1541665404,43.1179099884,0.0
-72.0441711482,43.1312355041,1.27897692437e-12
-69.2360316306,43.1167240568,4.85198159857e-12
-69.8565470526,43.125878275,8.52651282912e-13
-72.4202761047,43.1279309796,2.63256004461e-12
-72.8861165787,43.1221179676,4.26325641456e-13
-72.1953511828,43.1300562988,4.26325641456e-13
-69.3406773495,43.1185044371,4.26325641456e-12
-70.5337828661,43.1320183007,0.0
-73.3904550261,43.1136775212,4.85199749853e-12
-71.6810732283,43.1332491303,1.50854991497e-12
-68.7489172289,43.1071729505,8.52651282912e-13
-72.1338616637,43.1305600955,8.52651282912e-13
-72.0047783958,43.1315098574,3.04846244145e-12
-72.8728506261,43.1223098459,3.04848154734e-12
-71.1878905779,43.1341334542,7.54267534959e-13
-72.7459193459,43.1240676973,3.46691805149e-12
-68.2136841036,43.0942787146,2.13162820728e-12
-68.2539242724,43.0953355185,2.98427949019e-12
-71.0603567658,43.134015273,2.13162820728e-12
-68.8811738462,43.1099719414,1.42241128255e-12
-72.7275110677,43.1243108928,1.42234746303e-12
-73.1197945775,43.1184848278,4.68958205602e-12
-68.6709099448,43.1054501308,3.2335801544e-12
-71.2441096651,43.134140289,0.0
-72.1519614574,43.1304152432,3.41060513165e-12
-70.0695452286,43.128242601,6.42509065128e-12
-69.3065226575,43.1179339021,3.04849063479e-12
-69.8274458087,43.1255243755,4.26325641456e-13
-70.4730927062,43.1316319973,0.0
-72.2354382818,43.1297100042,7.54304662082e-13
-71.6282478023,43.1334457868,7.54273306868e-13
-71.3359247095,43.1340918987,2.63254522851e-12
-70.5190321848,43.1319273787,2.6325504339e-12
-70.7246148958,43.1330227015,1.27897692437e-12
-72.4529189546,43.1275856685,8.12405572012e-12
-72.6336255415,43.1255049845,0.0
-69.4914311277,43.1209005222,2.98427949019e-12
-68.986557076,43.1120923955,4.26325641456e-12
-68.6076310607,43.1040133843,6.22532991522e-13
-71.2627843025,43.1341364313,2.46829951793e-12
-70.9761215725,43.1338590606,2.13162820728e-12
-69.2132608036,43.1163239303,3.8369307731e-12
-72.9299135786,43.1214735231,7.54373787062e-13
-73.1962283624,43.1171924309,3.46693060602e-12
-68.2858515098,43.0961638947,4.26325641456e-13
-68.7278572713,43.106713093,3.88710057781e-12
-73.3047250767,43.11526981,0.0
-71.4692393979,43.1338901277,1.05554879231e-12
-73.6403170912,43.1086685092,0.0
-70.920905715,43.1337229294,8.52651282912e-13
-70.9044497409,43.1336771911,2.13162820728e-12
-72.9597482001,43.1210248862,7.54377552044e-13
-71.4523275489,43.1339243497,7.54269290074e-13
-72.0782366646,43.130987283,1.05556620271e-12
-68.2534038301,43.0953219412,4.26325641456e-13
-73.6110095411,43.109284433,1.05569635718e-12
-72.3184759077,43.1289478514,2.55795384874e-12
-73.1273485922,43.1183593831,3.88708161032e-12
-72.8127431507,43.1231598874,6.2233825695e-13
-73.4910838349,43.1117261616,2.22065046488e-12
-69.3047358088,43.1179037723,4.26325641456e-13
-70.2826608753,43.1302103607,4.73068657759e-12
-71.3541135293,43.1340735455,3.04845711728e-12
-73.0831143741,43.1190868309,2.22062948084e-12
-68.6503830099,43.1049879157,3.88710338743e-12
-69.0698373302,43.1136992231,1.05566988301e-12
-71.2741464061,43.1341325889,3.8369307731e-12
-70.1460571162,43.1289948488,3.88706428856e-12
-71.5720447921,43.1336281633,0.0
-71.8989146606,43.1321797452,0.0
-73.0150713487,43.1201722924,8.52651282912e-13
-70.3559123154,43.1307948117,5.54223333893e-12
-73.1686269104,43.1176650524,2.22063353414e-12
-73.193584785,43.1172379867,2.63258575898e-12
-68.3685191356,43.0982672037,5.11590769747e-12
-73.0233435735,43.1200424991,1.42236646123e-12
-69.6788166095,43.1236011519,4.26325641456e-13
-68.8367045006,43.1090479398,2.55795384874e-12
-72.7214327568,43.1243905416,2.13162820728e-12
-73.090761856,43.1189622934,8.52651282912e-13
-73.5813915341,43.1098992147,1.42241160622e-12
-68.5128787522,43.1017963593,0.0
-70.5413729583,43.1320643425,1.05555974288e-12
-68.5729305705,43.1032105983,1.70530256582e-12
-72.8718013209,43.1223249571,8.52651282912e-13
-69.4998972329,43.1210291751,7.54377516052e-13
-71.3653465041,43.1340607628,3.88705603764e-12
-69.2499958999,43.116967187,2.63258641018e-12
-68.4774312267,43.1009467103,1.27897692437e-12
-68.2736446021,43.0958482336,4.26325641456e-13
-71.0620208439,43.1340177327,1.31545553345e-12
-68.313933813,43.096885117,2.55795384874e-12
-69.203248132,43.1161465498,2.84476760266e-12
-69.8543836856,43.1258522217,5.5770620581e-12
-70.74783007,43.1331231197,4.26325641456e-13
-70.287657601,43.1302517222,0.0
-68.4997388567,43.1014826922,2.6326236455e-12
-73.6297296627,43.1088918839,7.54479364198e-13
-69.2216062036,43.1164711024,1.70530256582e-12
-68.3480244056,43.0977513476,2.13162820728e-12
-72.2521027855,43.1295619004,0.0
-72.4389128833,43.1277349759,7.54321238277e-13
-70.0526274645,43.1280693442,8.52651282912e-13
-73.3738376186,43.1139912044,0.0
-70.2431691252,43.1298757618,2.46834323011e-12
-72.3781342314,43.1283629551,1.27897692437e-12
-73.2941338252,43.1154620453,6.22416558243e-13
-69.9837471111,43.1273380399,3.46691207963e-12
-73.650212974,43.1084588342,1.81536439382e-12
-73.4769930371,43.1120047607,2.63259834345e-12
-71.6640839391,43.1333150455,9.82521275241e-12
-71.1052075342,43.1340730823,1.05554769499e-12
-69.1734613568,43.1156136629,2.13162820728e-12
-70.6361664982,43.1325968459,0.0
-69.4193340064,43.1197794621,6.22372643511e-13
-72.3749955931,43.1283945046,0.0
-70.4458795603,43.1314483011,4.26325641456e-13
-70.3559043121,43.1307947504,4.26325641456e-13
-73.6598629601,43.1082535406,6.09702147484e-12
-73.6198105512,43.1091002649,2.22065795074e-12
-68.6779125275,43.1056069659,8.52651282912e-13
-72.4206258964,43.1279273289,2.13162820728e-12
-69.6903959305,43.1237579391,1.42234992419e-12
-69.4298970242,43.1199465583,2.13162820728e-12
-70.4643675033,43.1315738065,1.05556268495e-12
-73.4495165,43.1125430028,1.42239983968e-12
-72.5409914529,43.1266073708,4.26325641456e-13
-69.5965364316,43.1224532143,2.63257321758e-12
-72.5891377998,43.126043803,1.2446178386e-12
-70.6592980018,43.132714837,5.54223333893e-12
-73.5119242958,43.1113109128,0.0
-68.7469902115,43.1071310346,1.42242392621e-12
-71.4439966567,43.1339402863,2.98427949019e-12
-71.8735559462,43.1323256248,6.22245009795e-13
-72.3330704233,43.1288076492,2.98427949019e-12
-73.5302166569,43.1109432911,3.466942017e-12
-73.3879417234,43.1137251199,8.52651282912e-13
-71.3377815713,43.1340901579,4.26325641456e-13
-70.932048255,43.1337525522,3.41060513165e-12
-70.710073534,43.1329573969,7.77411566943e-12
-72.2930615353,43.1291875359,1.05557699686e-12
-70.5938368485,43.1323687879,1.70530256582e-12
-68.2509759166,43.0952585701,7.27423087755e-12
-72.8384456145,43.1228002824,3.46692036587e-12
-72.7065346972,43.1245843916,7.54347679877e-13
-70.1762277956,43.1292773785,3.41060513165e-12
-70.6775082607,43.1328044273,0.0
-71.8079182268,43.1326770362,4.26325641456e-13
-73.4951354678,43.1116457311,3.41060513165e-12
-68.2041983516,43.0940275261,3.8369307731e-12
-72.360995016,43.1285341853,1.27897692437e-12
-72.8730822126,43.1223065095,0.0
-68.5572043683,43.1028432989,1.81538397618e-12
-70.3644451836,43.1308598356,1.42231831347e-12
-71.0113478652,43.1339319507,1.05554854147e-12
-72.7933343396,43.123427596,2.13162820728e-12
-68.5788164836,43.1033475111,8.52651282912e-13
-73.2471245623,43.1163033931,3.46693222942e-12
-70.8777909536,43.1335980591,1.70530256582e-12
-71.7757429538,43.1328355024,4.68958205602e-12
-70.7912664497,43.1332983223,2.63254713696e-12
-71.6732070984,43.1332799639,4.68958205602e-12
-73.1393447013,43.1181591419,3.88708193644e-12
-71.7761734225,43.1328334422,4.26325641456e-13
-70.19490514,43.1294482832,1.05557543301e-12
-72.6555125997,43.1252335246,2.22061195722e-12
-72.955480104,43.1210895464,0.0
-73.5771591843,43.1099864363,8.52651282912e-13
-73.4464110511,43.1126034188,3.46693898561e-12
-72.0535314316,43.1311683134,1.4223169404e-12
-69.1205898022,43.114648631,1.27897692437e-12
-70.3295488652,43.1305898813,2.98427949019e-12
-73.1032968464,43.1187570535,4.26325641456e-12
-68.300293061,43.0965356534,1.05577280255e-12
-73.3280736816,43.1148425445,5.57707455561e-12
-70.6734793256,43.1327848562,1.81527955933e-12
-68.499750391,43.1014829682,6.84956121362e-12
-73.1942001372,43.117227388,8.52651282912e-13
-72.5962855001,43.1259584035,1.27897692437e-12
-69.8878371953,43.1262505139,5.57706160598e-12
-72.949703606,43.1211768037,0.0
-72.837754983,43.1228100209,8.12405944163e-12
-68.3210028992,43.0970655782,7.54578586794e-13
-73.0764183784,43.1191954522,6.22378583992e-13
-72.0319030592,43.1313224047,8.52651282912e-13
-71.9855450835,43.1316388661,0.0
-72.9523817398,43.1211363854,0.0
-70.0771059774,43.1283192206,2.55795384874e-12
-73.2070399251,43.1170054806,2.6325863181e-12
-71.070441524,43.1340298076,4.26325641456e-13
-69.8313165532,43.1255718755,4.68958205602e-12
-71.926343088,43.1320156129,4.30842755931e-12
-70.6706758492,43.132771154,2.55795384874e-12
-68.3665560679,43.0982179525,0.0
-72.8157817486,43.1231176763,2.13162820728e-12
-71.8219418637,43.1326051289,1.0555564994e-12
-70.9965904914,43.1339027382,6.8212102633e-12
-70.1511387916,43.1290429941,2.98427949019e-12
-73.2216742863,43.116750793,4.26325641456e-13
-72.8438538825,43.1227238767,5.57706560924e-12
-69.8378432237,43.1256516703,7.54338722757e-13
-72.8905124698,43.1220540449,2.63257417749e-12
-72.8821076966,43.1221761148,2.63257388394e-12
-73.0717662335,43.1192706868,4.26325641456e-13
-73.0084158095,43.1202762834,8.52651282912e-13
-69.0039318937,43.1124326492,8.52651282912e-13
-70.5465688378,43.1320955699,2.98427949019e-12
-72.2317797392,43.129742193,0.0
-73.669893128,43.1080392919,2.22066097532e-12
-70.3862881024,43.1310233806,1.27897692437e-12
-68.8945215831,43.1102459022,3.46694329042e-12
-73.2654884225,43.1159770356,1.50883982458e-12
-71.0567716054,43.1340098912,1.10844666779e-11
-73.0134891983,43.1201970483,1.0556309158e-12
-71.0770731959,43.1340388798,7.54268328768e-13
-72.1699710705,43.1302682614,2.55795384874e-12
-71.2868726461,43.134126942,3.46689968246e-12
-72.9037466613,43.1218605766,2.55795384874e-12
-69.2537105958,43.1170315752,4.26325641456e-12
-70.3680738545,43.1308872942,1.05556680241e-12
-71.9484640004,43.1318784364,2.98427949019e-12
-68.5290667229,43.1021807056,6.39488462184e-12
-69.7686823608,43.1247871311,1.70530256582e-12
-70.1507895654,43.1290396927,7.54310287982e-13
-69.490090872,43.1208800977,3.04848451649e-12
-70.8611967582,43.1335456577,7.54272468608e-13
-69.7927094048,43.1250922307,2.22061236004e-12
-72.2423288172,43.1296490606,1.42232370275e-12
-69.7332047161,43.1243273795,2.55795384874e-12
-72.3190875668,43.128942013,5.54223333893e-12
-71.5136475294,43.1337883329,4.26325641456e-13
-72.3483694069,43.1286586741,2.46835571656e-12
-73.2937527519,43.1154689435,2.63259001307e-12
-68.3041593649,43.0966348704,2.13162820728e-12
-71.5258999653,43.133757205,6.22230444251e-13
-73.4428376262,43.1126728344,2.2206477661e-12
-69.4124763678,43.1196704577,1.05563407381e-12
-68.1981808396,43.0938677694,6.22636152003e-13
-70.0822929267,43.1283714948,2.13162820728e-12
-69.6017118754,43.1225271686,7.54364944728e-13
-73.2506502316,43.1162409655,1.42238338111e-12
-72.1354662922,43.1305473698,4.68958205602e-12
-73.040608384,43.1197696749,3.8369307731e-12
-72.9534437202,43.1211203406,1.4223616639e-12
-72.3199484497,43.1289337901,3.8369307731e-12
-69.2426718987,43.1168398829,0.0
-71.2665676626,43.1341352775,8.52651282912e-13
-69.7267984268,43.1242431852,1.05560665025e-12
-70.3370428339,43.1306487535,7.54296783108e-13
-70.598126779,43.1323926155,5.54223333893e-12
-72.5481634278,43.1265247095,1.27897692437e-12
-73.6469889311,43.10852724,6.2248708842e-13
-70.2720284771,43.1301216207,8.52651282912e-13
-72.2846812986,43.1292653287,2.84465082153e-12
-73.2738748564,43.1158270092,2.46848735428e-12
-72.3712459559,43.1284320824,1.05558152771e-12
-71.127458322,43.1340952204,2.13162820728e-12
-70.4251699975,43.131304158,8.52651282912e-13
-69.0893616443,43.1140671301,0.0
-73.0564129862,43.1195176316,6.84954454534e-12
-70.6736432471,43.1327856552,1.27897692437e-12
-70.7950066686,43.1333126356,2.13162820728e-12
-69.2034771101,43.1161506161,5.57707307078e-12
-73.1783743945,43.1174989095,3.8369307731e-12
-72.6884476361,43.1248171189,2.22061314437e-12
-71.8318366399,43.1325533553,0.0
-72.3297580608,43.1288396333,6.39488462184e-12
-73.3116363777,43.1151438361,0.0
-68.9579691112,43.1115267923,3.46694095153e-12
-69.3452806979,43.1185805515,4.26325641456e-13
-68.8945217628,43.1102459059,3.41060513165e-12
-69.5836213451,43.122267641,0.0
-70.4734713595,43.1316345075,4.26325641456e-13
-71.7418400867,43.1329926588,3.8369307731e-12
-72.6377591154,43.1254540387,4.68958205602e-12
-69.0457253524,43.1132402557,4.30845514762e-12
-72.20322518,43.1299893909,2.13162820728e-12
-69.1499906561,43.1151882916,3.41060513165e-12
-72.9954067484,43.1204784239,1.27897692437e-12
-69.9851162638,43.1273529812,3.0484710742e-12
-73.292512108,43.1154913931,3.41060513165e-12
-72.1451667391,43.130469958,4.26325641456e-13
-72.8828784502,43.1221649463,1.70530256582e-12
-71.544216436,43.1337082176,1.70530256582e-12
-73.567695854,43.1101808904,3.04850673506e-12
-70.5239789721,43.1319580828,3.41060513165e-12
-70.5353216977,43.1320276761,8.52651282912e-13
-70.801592948,43.1333375424,4.30842561683e-12
-68.7622993862,43.1074631372,0.0
-71.5595108383,43.13366506,1.70530256582e-12
-71.4937549149,43.1338360689,0.0
-70.7020360719,43.132920506,1.81527908624e-12
-73.3961906044,43.113568689,1.70530256582e-12
-69.7684363566,43.1247839811,2.22061323884e-12
-70.5029266809,43.1318259286,7.54286902873e-13
-72.007017542,43.1314946274,0.0
-72.1620105193,43.1303335805,1.70530256582e-12
-72.7737616975,43.123694217,1.05560994257e-12
-71.8232584134,43.1325982896,1.05555654042e-12
-71.259099555,43.1341374345,1.70530256582e-12
-69.0538345062,43.113395181,3.04850006016e-12
-71.2948233313,43.1341226938,2.98427949019e-12
-70.1133074795,43.1286791408,8.52651282912e-13
-68.4985384309,43.1014539609,3.04852485736e-12
-73.2326931666,43.1165577861,0.0
-69.6377997789,43.1230363194,1.81531355739e-12
-72.5908738463,43.1260231022,4.26325641456e-13
-69.5113825149,43.1212027039,4.26325641456e-13
-68.6733765854,43.1055054246,8.52651282912e-13
-69.9045828637,43.126446202,1.27897692437e-12
-71.1194220635,43.1340877253,3.41060513165e-12
-70.2496892265,43.129931946,1.27897692437e-12
-69.5113565382,43.1212023128,4.26325641456e-13
-71.180639215,43.1341305561,2.55795384874e-12
-73.6855528658,43.1077030257,3.8870989656e-12
-73.2264596592,43.1166671033,4.03380542599e-12
-70.7810214164,43.1332584882,1.42230763673e-12
-68.7070906521,43.1062558316,2.22066605951e-12
-71.3185549298,43.1341067191,1.05554749325e-12
-69.8902941956,43.12627938,1.70530256582e-12
-68.2882410334,43.0962255329,7.54585634167e-13
-68.8484056948,43.109292753,6.42510932278e-12
-70.7678936715,43.1332061016,5.26509471748e-12
-73.4156883533,43.1131965599,1.42239693091e-12
-70.9583146699,43.1338180772,3.88705643291e-12
-72.8724623137,43.1223154392,0.0
-69.2101843938,43.1162695234,1.50883491578e-12
-72.2987566544,43.1291343173,1.42232599391e-12
-71.2661344202,43.134135416,1.42230373337e-12
-69.5833799609,43.1222641587,0.0
-69.2231248942,43.1164978191,0.0
-73.0228666617,43.1200499983,2.55795384874e-12
-70.6492134128,43.1326639731,5.15361001019e-12
-68.2779409578,43.0959594831,1.42247364411e-12
-69.4465956967,43.1202087192,0.0
-71.7235124426,43.1330734209,2.98427949019e-12
-68.6946694225,43.10598052,7.67386154621e-12
-70.7224872783,43.1330132622,4.26325641456e-13
-69.5668607628,43.1220246331,8.52651282912e-13
-69.9708001391,43.1271959399,0.0
-70.9484678553,43.1337942214,4.26325641456e-13
-73.6184867286,43.1091280105,0.0
-68.3204823246,43.0970523038,6.39488462184e-12
-69.7243288615,43.1242106331,7.5435081661e-13
-71.9689005417,43.1317478928,8.52651282912e-13
-69.9973488121,43.1274857437,0.0
-68.3262613542,43.0971995328,3.88711607142e-12
-72.3408564543,43.1287320886,6.00091081879e-12
-68.6195996543,43.1042878244,3.41060513165e-12
-73.2514011672,43.1162276549,0.0
-73.2097753756,43.1169580174,1.70530256582e-12
-71.9576088873,43.1318204738,1.81528292268e-12
-70.3055362068,43.1303979246,2.98427949019e-12
-73.3220062266,43.1149540357,4.26325641456e-13
-73.141457799,43.1181237389,2.22063222649e-12
-71.1077390979,43.1340758197,2.98427949019e-12
-68.1806936078,43.0934017034,7.54609323471e-13
-71.8760042978,43.1323117862,1.81528120919e-12
-68.6826648694,43.105713158,4.30846620747e-12
-72.5617421534,43.1263669708,0.0
-69.4131376858,43.1196809875,3.46692606184e-12
-73.3456499001,43.114517752,0.0
-71.5730442793,43.1336251618,7.54271801295e-13
-71.1689593272,43.1341249192,1.05554738409e-12
-71.4932632761,43.1338372047,0.0
-70.8843950025,43.1336182424,1.81527665282e-12
-72.0516446086,43.1311819193,1.05556503535e-12
-70.4664200599,43.1315875555,2.13162820728e-12
-72.0421648316,43.131249806,2.13162820728e-12
-70.5782313931,43.1322807501,8.52651282912e-13
-72.8477059903,43.1226692993,5.15362228794e-12
-72.5400618778,43.1266180516,2.13162820728e-12
-71.9304342516,43.131990566,7.5428552103e-13
-72.7403421964,43.1241416921,2.22061506996e-12
-69.6393718622,43.1230582399,4.26325641456e-12
-69.2325604313,43.1166633549,7.54414153048e-13
-71.7380215685,43.1330097282,7.24753590475e-12
-72.3018717169,43.129105088,1.8152923927e-12
-70.3064002924,43.1304049197,2.13162820728e-12
-73.2309154938,43.1165889959,0.0
-72.4046858266,43.1280926031,7.54318236784e-13
-70.3064073117,43.1304049765,4.26325641456e-13
-72.816672547,43.1231052863,1.05561347455e-12
-69.1022200108,43.1143076018,4.26325641456e-13
-71.6568898052,43.133342195,1.05555207868e-12
-69.8807754077,43.126167254,1.27897692437e-12
-71.7550984157,43.1329323995,1.27897692437e-12
-71.3462733924,43.134081812,5.11590769747e-12
-68.7915633186,43.1080922412,5.11590769747e-12
-70.8050326479,43.133350399,2.98427949019e-12
-73.5736045979,43.1100595688,3.048506987e-12
-72.2294007799,43.1297630608,2.13162820728e-12
-72.9561709218,43.1210790916,1.27897692437e-12
-69.3425140288,43.1185348281,3.88708132458e-12
-73.344567243,43.1145378369,2.98427949019e-12
-73.3717211801,43.1140309818,1.70530256582e-12
-72.7250821882,43.1243427592,2.22061449673e-12
-72.9934198506,43.1205091665,8.52651282912e-13
-73.4031209296,43.113436801,3.04849997373e-12
-73.6392162252,43.1086917812,1.70530256582e-12
-71.709329414,43.1331338987,6.42508583169e-12
-71.3476759492,43.1340803727,8.52651282912e-13
-70.0999635862,43.1285478103,2.98427949019e-12
-73.6227183747,43.1090392669,1.27897692437e-12
-68.588190999,43.1035649451,3.8369307731e-12
-72.9215265568,43.1215982358,5.54223333893e-12
-69.2024857623,43.116133008,7.54418603455e-13
-71.9748193769,43.131709401,3.46690409714e-12
-72.942271255,43.1212886428,1.81531965227e-12
-71.8472483569,43.1324710055,7.24753590475e-12
-72.8148975372,43.1231299678,2.2206179543e-12
-72.8287932051,43.1229360097,6.22340534359e-13
-70.3727392618,43.1309224283,6.22259286174e-13
-73.1056612986,43.1187181848,1.81532861645e-12
-71.5537587692,43.1336815317,1.8152764321e-12
-71.746439457,43.1329719291,2.22058989525e-12
-69.8674928306,43.1260094657,2.22060974507e-12
-69.6902599255,43.1237561044,0.0
-70.2549217708,43.1299767659,2.63255512483e-12
-69.6071392153,43.1226044701,1.81531506343e-12
-72.9775158837,43.1207539939,2.22062472796e-12
-69.4209139345,43.1198045172,1.02318153949e-11
-68.7531468651,43.1072648383,3.04851279057e-12
-70.1534108716,43.1290644473,1.05557773509e-12
-73.2003407715,43.1171214413,0.0
-68.2712371608,43.0957858246,5.54223333893e-12
-72.0979309693,43.1308391374,4.26325641456e-13
-69.1642694984,43.1154476496,5.96855898038e-12
-69.8972719426,43.1263610696,1.81530196246e-12
-69.6371289666,43.1230269593,0.0
-71.5558425382,43.1336755981,5.15360876747e-12
-72.9854465434,43.120632186,8.52651282912e-13
-71.4277798072,43.1339695638,4.73068154678e-12
-71.32025576,43.1341053847,2.22058666375e-12
-70.8302634961,43.1334415352,5.54223333893e-12
-68.4545041139,43.1003912948,2.55795384874e-12
-71.0419946448,43.1339865202,6.51484616974e-12
-71.3379905653,43.1340899601,2.13162820728e-12
-68.7965328253,43.1081983276,2.98427949019e-12
-69.7610048437,43.1246885741,8.52651282912e-13
-73.4602549862,43.1123334343,1.4224007724e-12
-71.2302153976,43.1341411764,6.09691395364e-12
-71.8766612869,43.1323080638,1.05555828111e-12
-69.9623675031,43.1271025973,0.0
-71.3722468548,43.1340523623,1.05554781927e-12
-69.1490174572,43.1151705495,4.30845231133e-12
-70.2255148937,43.1297217641,1.70530256582e-12
-68.5879938841,43.1035603812,2.63261864942e-12
-70.8066597969,43.1333564446,2.55795384874e-12
-71.2262036858,43.1341411179,5.11590769747e-12
-70.0114930259,43.1276376194,5.54223333893e-12
-71.6017719702,43.1335351489,4.26325641456e-13
-72.9891932904,43.1205744472,3.8369307731e-12
-71.0419571089,43.1339864584,1.70530256582e-12
-70.6091996334,43.1324533724,7.54281636565e-13
-69.4029959342,43.1195190842,3.41060513165e-12
-69.7095249525,43.1240143773,2.55795384874e-12
-68.8074451437,43.1084305181,0.0
-70.0039703585,43.1275570618,4.26325641456e-13
-69.7247516401,43.1242162096,0.0
-69.2200508382,43.1164437197,8.52651282912e-13
-70.9514584042,43.1338015564,1.70530256582e-12
-71.8767907083,43.1323073301,1.42231187049e-12
-72.1382132469,43.1305255322,7.54297817317e-13
-69.5685110206,43.1220486691,7.54368960375e-13
-68.7895632466,43.1080494836,1.70530256582e-12
-70.9367505806,43.133764727,3.04845775862e-12
-72.6170629435,43.1257076131,0.0
-70.2098070133,43.1295824486,3.04846644419e-12
-70.6583388194,43.1327100375,4.44118128381e-12
-69.5437450131,43.1216854437,2.13162820728e-12
-71.2961827068,43.134121912,1.81527489623e-12
-68.2453657158,43.09511194,2.13162820728e-12
-73.2767952568,43.1157746207,2.13162820728e-12
-71.8895244646,43.1322344209,1.81528147901e-12
-72.0865153198,43.1309254231,3.88706114422e-12
-68.4461560219,43.1001879147,0.0
-72.3450482054,43.128691189,2.63255821643e-12
-70.0164507671,43.127690439,7.54321612066e-13
-69.6475326883,43.1231716831,0.0
-69.557389646,43.1218862248,0.0
-68.5311425412,43.1022298248,2.98427949019e-12
-68.987334574,43.1121076779,2.13162820728e-12
-73.2096815926,43.1169596457,3.41060513165e-12
-69.3688950233,43.1189680837,3.04848848714e-12
-70.2956581511,43.130317493,6.22265440783e-13
-72.0572194803,43.1311416286,1.055565277e-12
-72.8835143952,43.1221557273,0.0
-72.0437686913,43.1312383758,2.55795384874e-12
-68.8689964254,43.1097206384,2.98427949019e-12
-72.3621155441,43.1285230693,1.42232871461e-12
-73.170259437,43.1176372847,8.10018718767e-12
-71.7899165575,43.1327668144,4.30842645547e-12
-70.6568574942,43.1327026095,0.0
-68.7050187059,43.1062100018,2.13162820728e-12
-70.2401186938,43.1298493481,5.57705752072e-12
-73.4021627905,43.1134550601,3.63069394142e-12
-69.050422336,43.1133300618,0.0
-73.295642086,43.1154347299,6.22416836071e-13
-72.4963747368,43.1271114706,4.68958205602e-12
-69.1227560907,43.1146886525,3.8369307731e-12
-73.2115704048,43.1169268358,0.0
-71.3117213828,43.134111825,1.31545372208e-12
-72.0288836607,43.1313435902,3.04846278674e-12
-71.6667463611,43.133304883,3.23336200998e-12
-69.3665973271,43.1189305912,3.88708068001e-12
-71.7365290401,43.1330163653,0.0
-72.6518329439,43.1252794563,3.8369307731e-12
-68.4241259182,43.0996482713,1.70530256582e-12
-70.2883615178,43.1302575315,4.30843014267e-12
-69.341543822,43.1185187781,4.73070222373e-12
-72.9977838674,43.1204415981,8.52651282912e-13
-73.1183088479,43.1185094414,1.0556410365e-12
-70.8130428491,43.1333799369,5.15360913067e-12
-68.9515024324,43.1113978573,0.0
-73.2321095983,43.1165680346,1.70530256582e-12
-72.6297854822,43.1255521785,8.52651282912e-13
-73.6663622745,43.1081148133,0.0
-68.5317552361,43.1022443156,5.57708885592e-12
-73.3708222509,43.1140478648,1.27897692437e-12
-69.7615486349,43.1246955718,0.0
-70.8222369514,43.1334131475,2.98427949019e-12
-69.9925334959,43.1274336385,5.11590769747e-12
-72.6212848731,43.1256561901,7.6990534697e-12
-72.5747330767,43.1262145465,2.63256417233e-12
-71.707777688,43.1331404084,0.0
-70.9136866548,43.1337031567,2.55795384874e-12
-70.70977236,43.1329560248,2.13162820728e-12
-71.668349351,43.1332987344,3.04845872638e-12
-70.8504923873,43.133510575,0.0
-69.7867412297,43.125016918,3.46691631816e-12
-71.1188367772,43.1340871573,1.70530256582e-12
-69.9447806907,43.1269059202,2.6325625097e-12
-73.3930244356,43.1136288026,2.13162820728e-12
-70.0062748273,43.1275817922,1.42233290428e-12
-69.3068278845,43.117939046,4.26325641456e-13
-72.116535668,43.1306960643,7.54296386023e-13
-73.1613318116,43.1177888494,3.04849093602e-12
-70.6185899947,43.1325040556,7.54281211165e-13
-69.5361646402,43.1215731933,0.0
-69.0699795728,43.1137019155,0.0
-71.3965949662,43.1340193868,0.0
-70.0696167074,43.1282433277,2.13162820728e-12
-73.4926690558,43.1116947099,0.0
-69.0465618474,43.1132562636,2.22064610286e-12
-69.9822741133,43.127321947,1.70530256582e-12
-70.8380109175,43.1334684002,8.52651282912e-13
-68.5653071664,43.1030328179,4.26325641456e-12
-70.7061990808,43.1329396844,1.81527901935e-12
-72.7399807341,43.1241464784,2.55795384874e-12
-73.6048145339,43.1094136604,2.13162820728e-12
-70.1219685844,43.1287635483,4.26325641456e-12
-71.0486436263,43.1339972729,1.7845034932e-12
-73.4427890161,43.1126737779,5.54223333893e-12
-68.7999148955,43.1082704024,1.05570243789e-12
-71.0321748395,43.1339699311,8.52651282912e-13
-68.2091534922,43.0941588398,1.42248165742e-12
-73.6473821655,43.1085189015,2.63260672587e-12
-69.4965399165,43.1209782317,1.27897692437e-12
-70.4940015727,43.1317687298,0.0
-68.469414798,43.1007530344,0.0
-69.5918439694,43.1223859587,0.0
-69.4611104076,43.1204346074,1.70530256582e-12
-68.3258086782,43.0971880108,1.31616431973e-12
-71.7966993561,43.1327333206,3.41060513165e-12
-71.2306997787,43.1341411739,1.81527482905e-12
-69.9306650418,43.1267461012,2.11118327867e-12
-70.2436693048,43.1298800851,1.81528968987e-12
-69.72210106,43.1241812218,3.46691784419e-12
-73.0477492602,43.1196560676,8.52651282912e-13
-72.0604915283,43.1311178539,6.22257297901e-13
-72.7068161428,43.1245807475,4.85194059351e-12
-71.5632694801,43.1336541401,4.30842515161e-12
-69.5828291218,43.1222562101,8.52651282912e-13
-68.6808405691,43.1056724171,3.04851609739e-12
-70.8368519179,43.1334644147,6.00090582624e-12
-70.010391069,43.1276258499,8.52651282912e-13
-72.0280155456,43.1313496665,4.26325641456e-13
-72.7690796012,43.1237574989,4.73069521312e-12
-73.009263336,43.1202630627,1.42236547953e-12
-70.0082271897,43.1276027076,0.0
-73.0892149743,43.1189875254,4.26325641456e-13
-69.2291173023,43.1166030395,6.2240495293e-13
-68.5293234699,43.1021867829,3.46695800611e-12
-69.7135823345,43.1240683572,6.22329015391e-13
-69.0841358796,43.1139689858,1.70530256582e-12
-73.2446246491,43.1163475919,1.70530256582e-12
-73.4576836703,43.1123837074,6.22447867488e-13
-69.8503055172,43.125802997,0.0
-69.7481854092,43.1245228584,4.26325641456e-13
-70.9140137618,43.1337040625,1.81527635352e-12
-69.6784685991,43.1235964216,1.70530256582e-12
-72.5354798475,43.1266705887,3.46691329844e-12
-71.7440141358,43.1329828833,0.0
-73.3400462277,43.1146215974,3.63068580528e-12
-72.5292728383,43.1267414638,1.27897692437e-12
-69.0741375028,43.1137805405,2.63259407321e-12
-72.0721773819,43.1310321783,1.42231754635e-12
-70.2610943631,43.1300293293,2.11114389629e-12
-71.1955052807,43.1341360015,3.04845698757e-12
-68.4492186157,43.100262598,0.0
-71.3257179139,43.1341009278,1.27897692437e-12
-72.7871250731,43.1235125435,1.81531189659e-12
-68.531120523,43.102229304,3.0485232473e-12
-73.6744458376,43.1079417524,0.0
-73.6426491631,43.1086191745,4.30846193758e-12
-70.7684096218,43.133208189,4.30842580691e-12
-68.8439077035,43.1091987878,1.81536181344e-12
-72.5512423269,43.1264890849,7.54331694678e-13
-71.2358562637,43.1341410201,2.22058656215e-12
-73.0340773576,43.119873188,1.05563285802e-12
-70.6659642609,43.1327479706,6.22240712698e-13
-69.4844275822,43.1207936199,8.10018718767e-12
-72.7169812768,43.1244486672,0.0
-70.8949849099,43.1336498094,2.98427949019e-12
-72.163278395,43.1303232144,0.0
-68.2377703051,43.0949129837,1.27897692437e-12
-73.2932005723,43.1154789369,2.55795384874e-12
-72.9833430357,43.1206645478,0.0
-72.2425674862,43.1296469423,4.26325641456e-13
-72.8501055173,43.1226352365,4.68958205602e-12
-68.2377358844,43.0949120809,1.42247830532e-12
-71.5692686589,43.1336364542,3.41060513165e-12
-72.1308203042,43.1305841536,7.54297325301e-13
-71.867459323,43.132359856,3.04846067621e-12
-68.2491687043,43.0952113663,4.26325641456e-13
-71.6369961405,43.1334149087,1.81527736197e-12
-72.316379909,43.1289678332,4.26325641456e-13
-69.3436656617,43.1185538688,1.05564077007e-12
-70.6760230969,43.1327972295,3.04845976789e-12
-73.2441240157,43.1163564365,0.0
-68.2001224765,43.0939193519,2.11157697938e-12
-68.4859037813,43.1011507932,4.26325641456e-13
-73.2075103206,43.1169973234,4.26325641456e-13
-73.311448002,43.1151472753,5.5770742097e-12
-72.9878312422,43.1205954511,2.22062517995e-12
-71.8138346505,43.1326469095,7.54280012146e-13
-73.3598721877,43.1142529513,7.54434379701e-13
-69.9382122569,43.1268317688,4.26325641456e-13
-70.5433839265,43.1320764566,4.30842746991e-12
-68.1904159643,43.0936611529,8.52651282912e-13
-71.0920502039,43.1340579505,0.0
-73.6216376993,43.1090619451,2.63260542002e-12
-71.8982177412,43.1321838296,1.05555902623e-12
-69.7761705598,43.1248827602,4.26325641456e-13
-72.2745043332,43.1293589722,3.88706369551e-12
-72.0348231062,43.1313018403,1.81528473144e-12
-69.4221238505,43.1198236897,5.11590769747e-12
-69.5353660406,43.1215613383,4.26325641456e-13
-73.2496553374,43.1162585927,2.22063754374e-12
-70.3619474628,43.130840868,1.70530256582e-12
-70.3718915193,43.1309160584,3.41060513165e-12
-71.0890637145,43.1340543046,8.52651282912e-13
-70.3991231029,43.1311175304,0.0
-70.0018646284,43.1275344235,8.52651282912e-13
-72.1707160327,43.1302621203,2.55795384874e-12
-71.0041128547,43.1339178673,4.68958205602e-12
-69.0409374799,43.1131485128,4.26325641456e-13
-72.5842393831,43.1261020696,7.54334942749e-13
-72.7020448418,43.1246424307,1.27897692437e-12
-71.2291266942,43.1341411745,5.11590769747e-12
-72.5161746633,43.1268899172,7.54328330629e-13
-72.0125075241,43.1314571002,8.52651282912e-13
-71.4168192261,43.1339880465,1.42230438934e-12
-70.9690105147,43.1338430274,5.11590769747e-12
-70.8286011761,43.1334357023,1.31546673803e-12
-70.5888880829,43.1323411006,5.57705469216e-12
-73.6307904287,43.1088695482,1.70530256582e-12
-68.4234421653,43.0996314541,4.26325641456e-12
-70.1564163118,43.1290927554,1.81529243571e-12
-68.2285606704,43.0946710649,8.52651282912e-13
-71.4665905128,43.1338956534,1.05554875917e-12
-68.4701279256,43.1007702864,7.54547506023e-13
-69.6722597155,43.1235118487,3.63062379802e-12
-68.1852538596,43.093523501,0.0
-70.0304030838,43.1278379304,4.26325641456e-12
-70.2310073149,43.1297699671,4.0337231689e-12
-69.65435215,43.1232660324,2.22061756639e-12
-73.47416415,43.1120604825,6.2245115485e-13
-71.6378388979,43.1334118986,4.26325641456e-13
-73.0807075292,43.1191259197,2.13162820728e-12
-70.3962450451,43.1310965443,4.30842890981e-12
-72.5469170083,43.1265391076,6.00091313235e-12
-71.5483025752,43.1336968881,8.52651282912e-13
-72.0365960726,43.1312893177,1.05556439122e-12
-73.0939521233,43.1189101889,4.73070169994e-12
-69.4076313152,43.1195931955,1.05563453716e-12
