-70.5282138865,43.131984198,6.42508696454e-12
-70.3371687606,43.1306497386,1.81528700568e-12
-72.2532034048,43.129552033,1.42232413462e-12
-71.8565502365,43.1324202949,7.54281914195e-13
-71.225207104,43.1341410815,2.98427949019e-12
-71.2769771026,43.1341314556,3.41060513165e-12
-69.7900724678,43.1250589936,2.13162820728e-12
-69.5851233161,43.1222892975,4.26325641456e-13
-72.075498883,43.131007608,1.70530256582e-12
-70.9193190713,43.1337186228,4.26325641456e-13
-69.6168280468,43.1227418262,1.81531458441e-12
-69.68871768,43.123735288,2.22061622859e-12
-71.0609662817,43.1340161767,2.98427949019e-12
-71.4473477063,43.133933949,1.27897692437e-12
-72.1928787676,43.1300771955,1.27897692437e-12
-71.0506003629,43.1340003635,0.0
-69.5954845764,43.1224381552,1.42235579845e-12
-71.3141020623,43.1341100926,6.22226853752e-13
-71.7908920764,43.132762022,2.63254842669e-12
-72.2008786863,43.1300093867,2.55795384874e-12
-70.273633953,43.1301350838,1.27897692437e-12
-70.6098921622,43.1324571366,1.70530256582e-12
-70.799370715,43.1333291812,2.13162820728e-12
-69.853923075,43.1258466693,2.55795384874e-12
-70.4284377675,43.1313271521,7.5429108921e-13
-71.2637419475,43.1341361511,5.96855898038e-12
-71.254388501,43.1341385438,8.52651282912e-13
-72.1626007757,43.1303287563,5.15361287887e-12
-71.3638603201,43.1340625175,2.22058678596e-12
-69.9264613582,43.1266981692,1.0555919268e-12
-70.9949051254,43.1338992805,2.55795384874e-12
-71.2191234899,43.1341406706,2.22058656315e-12
-70.1054095228,43.1286015976,4.26325641456e-13
-71.0294734276,43.1339652193,1.70530256582e-12
-69.8062385589,43.1252617999,2.22061187661e-12
-70.0653771964,43.1282001485,1.81529554869e-12
-70.2508204248,43.1299416557,2.13162820728e-12
-72.1100971565,43.1307459209,5.11590769747e-12
-69.950139363,43.1269661345,0.0
-69.5829729972,43.1222582865,3.46692135558e-12
-71.8757014515,43.1323135008,0.0
-70.8282299378,43.1334343964,4.26325641456e-13
-71.8799461968,43.1322893953,1.70530256582e-12
-70.5629349986,43.132192385,1.05555897492e-12
-70.7148551653,43.1329790755,2.22058987487e-12
-72.0781405033,43.130987998,7.54293935786e-13
-70.4339910482,43.1313660139,2.22059447372e-12
-70.9519874938,43.1338028459,4.26325641456e-13
-71.9174548946,43.1320695223,6.22247615457e-13
-70.5960722264,43.132381224,2.63254934246e-12
-70.5628704276,43.1321920077,6.22246369257e-13
-69.932543501,43.12676747,4.68958205602e-12
-71.3124864365,43.1341112737,2.22058664696e-12
-71.030490945,43.1339670015,1.42230448301e-12
-71.8032499966,43.1327005904,6.42508625865e-12
-71.2414124804,43.1341405936,4.73068131789e-12
-71.6545812443,43.1333508109,3.8369307731e-12
-70.0178892863,43.1277057246,4.30843389233e-12
-71.8929250279,43.1322147099,2.55795384874e-12
-71.3854549477,43.1340351188,3.8870560794e-12
-71.8448053187,43.1324841983,4.26325641456e-13
-70.8418629705,43.1334815619,5.15360900583e-12
-69.731916005,43.1243104716,3.46691760817e-12
-72.2876369822,43.1292379617,2.98427949019e-12
-71.7329308732,43.1330322856,3.46690168142e-12
-71.7094315445,43.1331334695,2.2205894347e-12
-71.6578214722,43.1333387046,7.69904715242e-12
-70.9310282312,43.1337498856,2.13162820728e-12
-71.487455142,43.1338504633,2.63254580913e-12
-71.5319777292,43.133741276,1.42230548776e-12
-70.3162074966,43.1304838544,3.0484645722e-12
-70.7274166501,43.1330350712,6.84953205157e-12
-69.7637279137,43.1247235895,2.22061341101e-12
-70.7166050326,43.1329869588,0.0
-72.1676166852,43.1302876378,1.70530256582e-12
-71.9998153687,43.1315434577,2.55795384874e-12
-70.662597523,43.1327312854,0.0
-69.9601299712,43.1270777249,1.27897692437e-12
-71.7094072045,43.1331335718,0.0
-70.6662938282,43.1327495986,4.68958205602e-12
-72.1507988567,43.1304246338,2.11113915453e-12
-71.1786873642,43.1341296973,8.52651282912e-13
-71.5896699186,43.1335739502,3.04845815482e-12
-70.7007082293,43.1329143569,5.11590769747e-12
-71.8322807257,43.1325510116,6.42508640604e-12
-72.0936768581,43.1308714258,2.13162820728e-12
-72.2965432445,43.1291550345,1.70530256582e-12
-71.5578185782,43.1336699361,2.13162820728e-12
-70.821261802,43.1334096602,6.93380198458e-12
-70.5884158736,43.1323384474,2.55795384874e-12
-69.8198852682,43.1254312175,1.4223424765e-12
-69.9215190377,43.1266416169,4.68958205602e-12
-70.7505555761,43.1331345993,2.22058943147e-12
-71.8490319683,43.1324613406,5.11590769747e-12
-70.7400120094,43.1330898297,3.04845916022e-12
-70.2518267186,43.1299502839,1.05557242223e-12
-71.9632391106,43.1317844233,2.22059328083e-12
-71.1356420423,43.1341022714,0.0
-70.6115587911,43.1324661783,1.91479429849e-12
-70.7197473081,43.1330010477,2.13162820728e-12
-71.508274848,43.1338015675,1.81527601346e-12
-69.8457292166,43.1257475862,4.73069254991e-12
-70.2899763559,43.1302708419,0.0
-72.0646300704,43.1310876489,4.26325641456e-12
-71.4239387546,43.1339761607,7.542688552e-13
-70.702613657,43.132923176,4.26325641456e-13
-70.7989112662,43.1333274472,0.0
-70.1070951407,43.1286181931,7.54313825586e-13
-72.0132414548,43.1314520633,4.26325641456e-13
-70.3616289273,43.1308384451,1.05556709539e-12
-71.5696315184,43.1336353744,3.46690058011e-12
-71.5469663272,43.1337006091,3.46690046099e-12
-71.1525415956,43.1341149747,1.27897692437e-12
-71.4351825662,43.1339564849,2.98427949019e-12
-71.5098169982,43.1337977946,2.13162820728e-12
-70.0956656071,43.1285051775,3.0484686814e-12
-71.8203570066,43.1326133418,2.22059091759e-12
-69.8554027572,43.1258644994,8.52651282912e-13
-72.1827588226,43.1301621702,1.70530256582e-12
-72.2633270525,43.1294607735,6.22274156922e-13
-69.7417302861,43.1244388684,3.04847712599e-12
-70.3105806205,43.1304386687,1.05556949309e-12
-71.2189402609,43.1341406531,2.2205865632e-12
-70.9572692304,43.1338155847,1.422305157e-12
-69.9480482134,43.1269426666,4.26325641456e-13
-69.7481158165,43.1245219549,0.0
-70.6985306144,43.1329042392,1.81527914297e-12
-70.496518331,43.1317849298,3.41060513165e-12
-71.7086166737,43.1331368914,2.22058942494e-12
-71.5735962328,43.1336235005,2.22058803761e-12
-71.8244179828,43.1325922533,8.52651282912e-13
-71.6131748377,43.1334974148,4.26325641456e-13
-71.3972126262,43.1340184827,0.0
-70.8707305543,43.1335760586,4.26325641456e-13
-71.6706825594,43.1332897446,3.46690121127e-12
-71.8055619091,43.1326889492,5.11590769747e-12
-71.5258855762,43.1337572423,1.42230541669e-12
-70.7075705446,43.1329459692,1.42230902781e-12
-71.1864118954,43.1341329006,5.15360820569e-12
-69.9568875794,43.1270416048,1.81529958911e-12
-71.6353921027,43.1334206205,6.22233868849e-13
-69.7075877106,43.1239885531,4.26325641456e-13
-70.664914379,43.1327427782,2.46831381619e-12
-71.7851261682,43.1327902265,2.13162820728e-12
-70.2537711529,43.1299669307,4.26325641456e-13
-69.8166597039,43.1253913209,1.42234265408e-12
-69.770373801,43.1248087749,1.27897692437e-12
-70.497990695,43.1317943814,1.27897692437e-12
-69.8631460665,43.1259574932,2.98427949019e-12
-71.8183399666,43.1326237624,1.31548236839e-12
-71.7308400988,43.1330414843,4.85189643465e-12
-71.8627833291,43.1323858898,1.27897692437e-12
-71.2442341783,43.1341402734,1.27897692437e-12
-70.7110544966,43.1329618607,1.42230895707e-12
-70.3911716543,43.1310593735,8.52651282912e-13
-70.5766513072,43.1322717171,1.05555849911e-12
-70.4899225112,43.1317423558,6.8495332464e-12
-69.7183917742,43.1241321556,8.52651282912e-13
-72.0072914877,43.1314927611,3.04846247695e-12
-70.8917220549,43.133640188,1.31546280152e-12
-71.7173482261,43.1330999224,1.05555353177e-12
-71.2664702795,43.1341353088,2.63254512412e-12
-70.1639914654,43.1291637543,3.41060513165e-12
-70.4852094799,43.1317117011,3.04846202227e-12
-71.2161162092,43.1341403476,3.04845697854e-12
-71.8317212927,43.1325539638,2.55795384874e-12
-70.2417919868,43.1298638472,0.0
-71.8058100397,43.132687697,1.31548113762e-12
-71.0733123324,43.1340337822,1.81527520359e-12
-71.6361483495,43.1334179304,3.8369307731e-12
-72.0075316581,43.1314911243,2.55795384874e-12
-70.2941987373,43.1303055373,0.0
-71.1967132435,43.1341363589,2.98427949019e-12
-71.8316575551,43.1325543,4.26325641456e-13
-70.4132805196,43.1312197066,4.73068522682e-12
-72.1410066167,43.1305032577,5.54223333893e-12
-71.5406762844,43.133717915,5.57705312924e-12
-70.9603980055,43.1338230156,4.26325641456e-13
-70.0247554751,43.1277784344,2.22060470183e-12
-70.5049964495,43.1318390936,4.73068439792e-12
-70.1434504533,43.1289700647,5.57705851886e-12
-69.7439128356,43.1244673073,4.26325641456e-12
-71.7644430241,43.1328890025,2.13162820728e-12
-70.563772183,43.1321972743,4.26325641456e-13
-70.2546742299,43.1299746509,4.26325641456e-12
-69.8414364588,43.1256954418,4.26325641456e-13
-71.0399746901,43.1339831768,1.70530256582e-12
-70.4030312747,43.1311459118,3.04846319727e-12
-70.8916645242,43.1336400175,8.52651282912e-13
-70.208670676,43.1295722863,4.26325641456e-13
-71.0054572636,43.1339205189,7.54269322228e-13
-69.8594429021,43.1259130854,3.41060513165e-12
-70.3858625289,43.1310202341,5.15361202943e-12
-71.208193528,43.1341391175,2.13162820728e-12
-69.6712708888,43.1234983484,8.52651282912e-13
-71.437275141,43.1339527008,6.22228455158e-13
-72.3062943467,43.1290634432,1.42232630937e-12
-71.255348394,43.1341383335,5.96855898038e-12
-71.6352242621,43.1334212169,0.0
-71.194045877,43.1341355527,1.78450153088e-12
-71.7769447789,43.1328297465,1.42230954513e-12
-71.5084521928,43.1338011346,2.22058753117e-12
-70.6993792799,43.1329081872,0.0
-71.7109334885,43.1331271472,4.26325641456e-13
-71.2641346171,43.1341360339,1.70530256582e-12
-71.2090366498,43.1341392745,2.55795384874e-12
-70.6576189276,43.1327064301,5.11590769747e-12
-69.8901054586,43.1262771645,3.8369307731e-12
-70.7163063914,43.1329856153,3.88705778875e-12
-69.6241333202,43.1228448472,8.52651282912e-13
-71.9948795661,43.1315766595,2.13162820728e-12
-70.9838744984,43.1338760361,4.30842482555e-12
-71.7763535566,43.1328325796,8.52651282912e-13
-71.4573603339,43.1339144276,1.70530256582e-12
-70.2272367942,43.1297369044,1.81529018922e-12
-69.7265695365,43.1242401704,3.41060513165e-12
-70.2324170082,43.1297822963,1.70530256582e-12
-70.3483724279,43.1307368239,5.57705651329e-12
-71.7987663895,43.1327230333,4.26325641456e-13
-70.5141237115,43.1318967006,2.55795384874e-12
-71.4246251933,43.1339749913,1.81527540863e-12
-70.1246716749,43.1287897569,1.27897692437e-12
-71.8435921327,43.1324907303,1.42231105415e-12
-70.6354550114,43.1325931424,0.0
-69.6950304805,43.1238203629,4.26325641456e-13
-71.6245230515,43.1334587301,2.98427949019e-12
-69.7788533355,43.1249169014,4.26325641456e-13
-70.5562672506,43.1321532248,4.26325641456e-12
-71.1289448602,43.1340965448,1.27897692437e-12
-70.0032650723,43.1275494837,1.81529781788e-12
-72.1274617678,43.1306106264,1.70530256582e-12
-71.4735074119,43.133881095,2.63254573547e-12
-71.7063469555,43.1331463918,2.22058939785e-12
-70.7475421452,43.1331219032,2.13162820728e-12
-70.5856996458,43.1323231483,5.54223333893e-12
-69.606568458,43.1225963529,1.05561652675e-12
-71.4810357015,43.1338647733,3.4669001612e-12
-71.4212724764,43.133980664,1.70530256582e-12
-70.4130722249,43.131218216,3.46690499409e-12
-70.1468013048,43.1290019136,4.26325641456e-12
-71.3137596203,43.1341103449,1.27897692437e-12
-70.8285552908,43.133435541,5.15360906236e-12
-71.0310147258,43.1339679155,4.73068154898e-12
-71.5546364002,43.1336790372,3.46690050038e-12
-71.1343989367,43.1341012382,2.13162820728e-12
-70.4928165405,43.1317610828,0.0
-70.2170946092,43.1296473522,3.23339065555e-12
-69.839506957,43.1256719514,1.70530256582e-12
-71.0668659104,43.1340247562,1.42230422594e-12
-69.77810205,43.1249073469,2.63256731589e-12
-71.599777846,43.1335416307,2.13162820728e-12
-71.3398840112,43.1340881504,1.70530256582e-12
-71.5422476153,43.1337136242,3.46690043722e-12
-70.0630979529,43.1281768694,0.0
-71.7768448321,43.1328302256,1.50855694702e-12
-71.7394219934,43.1330034829,7.542770193e-13
-70.8243637641,43.1334207244,6.22233867791e-13
-70.5471958045,43.132099322,1.05555953308e-12
-72.1574903049,43.1303704231,1.70530256582e-12
-69.6771718445,43.1235787861,4.85194582293e-12
-71.3055969392,43.1341160533,2.98427949019e-12
-72.2782890597,43.129324253,1.27897692437e-12
-72.1119514094,43.1307315998,1.70530256582e-12
-70.3046548503,43.1303907829,4.26325641456e-13
-70.1035795702,43.1285835529,1.27897692437e-12
-70.3896938175,43.1310485035,7.54293427954e-13
-71.6297321653,43.1334405948,8.52651282912e-13
-70.4351655119,43.1313741981,3.46690470925e-12
-70.762104201,43.1331825187,1.42230797488e-12
-72.134235571,43.1305571322,2.55795384874e-12
-71.9479599113,43.1318816102,1.05556083885e-12
-69.6916508243,43.1237748602,2.13162820728e-12
-69.5851720553,43.1222899999,1.81531616012e-12
-70.9876678016,43.1338841498,3.88705632529e-12
-71.7439448895,43.1329831953,2.6325478948e-12
-71.9164395489,43.1320756366,2.11111935027e-12
-70.8531227569,43.1335192889,2.84461295173e-12
-70.080086132,43.1283492835,4.26325641456e-13
-71.549396854,43.1336938291,3.88705663527e-12
-69.6869066007,43.1237108163,4.68958205602e-12
-69.5640127659,43.1219830959,4.73069758769e-12
-70.7596045761,43.1331722459,5.15360938581e-12
-70.3420927621,43.1306881479,2.63255341406e-12
-71.1591419063,43.1341192565,2.55795384874e-12
-71.7189628763,43.1330930128,7.35360409822e-12
-69.6922370784,43.1237827605,1.81531095422e-12
-70.093417913,43.1284828175,8.52651282912e-13
-71.9662878292,43.1317647863,1.42231428542e-12
-70.9401837432,43.1337734934,5.54223333893e-12
-70.0078049084,43.1275981866,6.84953707677e-12
-70.9079697499,43.1336871742,3.88705664611e-12
-72.2685310444,43.1294135125,2.13162820728e-12
-72.0631832767,43.1310982253,1.27897692437e-12
-71.2031018162,43.1341380365,4.30842444056e-12
-71.9071400293,43.1321312167,2.13162820728e-12
-70.8982223315,43.1336592635,0.0
-70.1218009086,43.1287619205,7.54312619299e-13
-71.9200086047,43.1320541042,1.81528210787e-12
-71.5762965996,43.1336153344,4.26325641456e-12
-72.1904674131,43.1300975246,2.55795384874e-12
-69.7299230205,43.1242842949,2.22061466341e-12
-70.7226470465,43.1330139724,2.55795384874e-12
-70.9021012919,43.1336704703,1.81527647067e-12
-72.1197372439,43.1306711377,4.73068596095e-12
-71.357147225,43.1340702022,1.05554771227e-12
-72.2117764172,43.1299161125,2.63255527069e-12
-70.0793916462,43.1283422847,3.4669102458e-12
-69.6496573811,43.1232011226,1.81531298265e-12
-71.2099440481,43.1341394366,6.00090511409e-12
-70.6772211333,43.1328030372,0.0
-71.7035111071,43.1331581985,2.22058936419e-12
-72.0083512833,43.1314855348,4.26325641456e-13
-70.3031919498,43.130378914,3.88706203432e-12
-70.0984281586,43.1285325986,5.11590769747e-12
-71.6742110326,43.1332760589,2.98427949019e-12
-70.8425850848,43.1334840148,1.27897692437e-12
-70.1980174154,43.1294764645,0.0
-69.8499501695,43.125798701,1.05559732128e-12
-70.6143210878,43.1324811105,2.98427949019e-12
-70.9629159806,43.1338289335,1.27897692437e-12
-70.515084854,43.1319027244,3.04846162556e-12
-70.6218540795,43.1325214921,0.0
-70.0034902021,43.1275519032,4.73069013528e-12
-70.643932749,43.1326369834,7.54280095459e-13
-72.119469098,43.1306732288,8.52651282912e-13
-70.4020042353,43.1311384663,4.30842884821e-12
-71.3788101795,43.1340439848,2.63254534374e-12
-71.6341440622,43.1334250491,2.13162820728e-12
-72.3117996502,43.1290113641,1.27897692437e-12
-69.8153829496,43.1253755037,1.27897692437e-12
-71.3757195672,43.1340479767,1.70530256582e-12
-72.01136119,43.1314649579,1.70530256582e-12
-70.74280434,43.1331017812,1.70530256582e-12
-70.8734876556,43.1335847018,2.22058814823e-12
-71.4562194421,43.1339166963,1.05554863296e-12
-70.390578489,43.1310550129,2.22059536038e-12
-71.0966853831,43.1340634543,2.22058678329e-12
-69.8615937639,43.1259388928,6.22309986564e-13
-70.1363408361,43.1289021639,2.63255770908e-12
-70.2524114787,43.1299552937,4.26325641456e-13
-70.5536245689,43.1321375963,1.27897692437e-12
-70.4220002338,43.1312817641,2.55795384874e-12
-71.7160859319,43.1331053082,0.0
-71.6089715318,43.1335114569,1.27897692437e-12
-69.6592276567,43.1233332367,4.26325641456e-13
-70.7716144257,43.1332211027,0.0
-71.7232143966,43.13307471,7.54276421464e-13
-72.3062926677,43.1290634591,0.0
-71.0910567745,43.1340567464,1.27897692437e-12
-72.2231907074,43.1298173005,2.55795384874e-12
-70.2083357111,43.1295692886,1.27897692437e-12
-70.1393345883,43.1289308099,0.0
-71.0918545689,43.134057714,4.26325641456e-13
-71.0973879056,43.1340642721,1.70530256582e-12
-71.1614479754,43.1341206625,2.13162820728e-12
-71.9388448967,43.1319386136,3.8369307731e-12
-69.7631820583,43.1247165757,2.13162820728e-12
-70.1219967642,43.1287638219,4.30843233755e-12
-71.4725685519,43.1338830957,0.0
-71.0091500007,43.1339277209,1.27897692437e-12
-70.8552594763,43.1335263228,0.0
-71.3861303826,43.1340341959,1.31545521652e-12
-71.0399382623,43.1339831162,3.4668999451e-12
-71.7725927726,43.1328505296,4.85189743131e-12
-69.914240391,43.1265579416,8.52651282912e-13
-71.7755415282,43.1328364659,5.1536097983e-12
-70.3007972984,43.130359445,0.0
-71.253359585,43.1341387602,7.27419704058e-12
-71.067236328,43.1340252847,2.55795384874e-12
-69.5678924583,43.1220396626,2.55795384874e-12
-72.2341437471,43.1297214072,8.52651282912e-13
-71.0656297012,43.1340229837,4.30842460962e-12
-69.6739805342,43.1235353223,5.1536212241e-12
-71.3336721746,43.1340939698,2.55795384874e-12
-70.2490264266,43.1299262516,3.41060513165e-12
-69.8981781172,43.126371647,1.70530256582e-12
-71.8293692842,43.1325663459,2.98427949019e-12
-71.257611035,43.134137806,1.70530256582e-12
-69.5804739979,43.1222221961,3.46692142148e-12
-70.7265916659,43.133031436,2.13162820728e-12
-70.3127186989,43.1304558709,1.70530256582e-12
-70.1315691974,43.1288563438,4.26325641456e-13
-70.3811547541,43.1309853213,2.22059555907e-12
-71.8039526878,43.1326970571,8.52651282912e-13
-69.884542434,43.1262117224,1.42233900248e-12
-71.4261887063,43.1339723121,1.27897692437e-12
-70.4294633831,43.1313343496,1.05556412113e-12
-72.1243757906,43.1306348636,0.0
-70.0276729714,43.1278092043,4.85192374347e-12
-69.9354440414,43.1268004051,7.54329081875e-13
-69.9629326749,43.1271088727,1.27897692437e-12
-71.5048597237,43.1338098485,4.26325641456e-13
-72.118197394,43.1306831378,3.46690597119e-12
-71.8346770546,43.1325383346,4.26325641456e-13
-72.1599171499,43.1303506651,1.81528804871e-12
-71.8297644092,43.1325642691,1.05555674447e-12
-70.471931342,43.1316242903,4.30842813433e-12
-71.4160365445,43.133989326,2.98427949019e-12
-69.8076560409,43.1252794732,1.27897692437e-12
-71.852634816,43.1324417328,1.70530256582e-12
-71.2867700242,43.1341269932,6.22226681795e-13
-70.3985083614,43.131113054,2.63255239223e-12
-70.965355535,43.1338346142,0.0
-70.752404583,43.13314235,8.52651282912e-13
-71.0821055882,43.1340455069,2.55795384874e-12
-70.5013115944,43.1318156297,0.0
-71.5510011851,43.1336893255,0.0
-69.5604993851,43.1219317564,2.98427949019e-12
-70.0335691301,43.1278711616,3.8369307731e-12
-70.9623634646,43.1338276397,7.54270101807e-13
-72.1318482929,43.130576031,3.41060513165e-12
-71.1202106762,43.1340884859,2.63254523672e-12
-70.3213178215,43.1305246516,1.42231980541e-12
-71.9244561208,43.1320271158,1.815282202e-12
-71.703410657,43.1331586154,1.70530256582e-12
-71.4059764853,43.1340052945,4.68958205602e-12
-71.1289850499,43.1340965803,0.0
-70.1784865413,43.1292982094,2.98427949019e-12
-71.423050474,43.1339776679,2.13162820728e-12
-71.3878006961,43.1340318965,2.63254537281e-12
-71.9599162372,43.1318057334,3.46690392123e-12
-71.0650777754,43.1340221881,0.0
-71.3363295835,43.1340915217,2.63254522942e-12
-70.868383362,43.1335686479,2.55795384874e-12
-70.112294802,43.1286692288,1.70530256582e-12
-71.991719466,43.1315978045,8.52651282912e-13
-69.9554792271,43.1270258871,2.98427949019e-12
-71.4977584435,43.1338267404,8.52651282912e-13
-69.6656902773,43.1234219968,1.27897692437e-12
-71.9507570332,43.1318639715,2.98427949019e-12
-70.5360588432,43.1320321599,7.54285171922e-13
-71.6314685714,43.1334344968,1.05555152508e-12
-70.8017684021,43.1333382007,5.15360918194e-12
-70.2921747576,43.1302889257,2.63255437413e-12
-70.1856293239,43.1293637881,2.55795384874e-12
-71.7708301902,43.1328588997,3.8369307731e-12
-69.7946653764,43.1251168453,1.70530256582e-12
-70.6534037357,43.1326852162,3.88705827802e-12
-69.9168301523,43.1265877667,2.13162820728e-12
-70.7212615123,43.133007806,0.0
-69.891651576,43.1262953045,2.1111886859e-12
-70.505723427,43.1318437087,1.05556106617e-12
-71.1880743006,43.1341335216,4.73068132736e-12
-70.6550196246,43.1326933669,3.6305597568e-12
-72.0194710906,43.13140912,8.52651282912e-13
-70.5161996851,43.1319097013,2.13162820728e-12
-69.8301848561,43.1255580014,4.26325641456e-13
-70.3938386192,43.1310789414,3.04846333635e-12
-70.6867397263,43.1328487342,5.11590769747e-12
-70.3052605548,43.1303956917,2.2205972401e-12
-69.9044621881,43.1264448006,2.22060850395e-12
-71.5478828885,43.1336980585,8.97443525549e-12
-72.1299413797,43.1305910911,0.0
-71.0708275867,43.1340303463,5.15360833168e-12
-69.751413854,43.1245647279,2.63256813982e-12
-69.6964458832,43.1238393898,1.05560907193e-12
-71.1908871515,43.1341345173,3.41060513165e-12
-72.0718876562,43.1310343169,1.31551296559e-12
-72.1300930086,43.1305898947,2.13162820728e-12
-69.7018137713,43.1239113892,3.8369307731e-12
-69.5880139938,43.1223309218,1.27897692437e-12
-71.1812646053,43.1341308242,2.98427949019e-12
-71.5452549395,43.133705352,8.52651282912e-13
-71.6722330568,43.1332837442,1.70530256582e-12
-71.0516601463,43.1340020234,2.4683008969e-12
-71.2186473957,43.1341406247,2.22058656328e-12
-69.8707943062,43.1260488294,1.70530256582e-12
-69.7833941506,43.1249745445,4.30843790554e-12
-71.956859519,43.131825251,4.03371026588e-12
-70.7571166624,43.133161967,8.52651282912e-13
-70.9940991573,43.1338976183,2.13162820728e-12
-72.2925488573,43.1291923127,3.0484672544e-12
-69.7514798058,43.1245655823,2.55795384874e-12
-70.4725540293,43.131628424,3.88705999923e-12
-70.8089297207,43.1333648398,4.26325641456e-13
-69.8135583087,43.1253528741,6.8212102633e-12
-71.6644999351,43.1333134618,4.26325641456e-12
-70.2445167524,43.1298874049,3.8369307731e-12
-70.3880833591,43.1310366363,1.42231752651e-12
-70.2268585777,43.1297335811,3.04846613032e-12
-71.7453169701,43.1329770053,4.26325641456e-13
-72.048649886,43.1312034503,2.98427949019e-12
-70.0936408348,43.1284850371,6.22284083754e-13
-72.1105498418,43.1307424274,4.68958205602e-12
-71.09702298,43.1340638478,1.42230405193e-12
-71.5424965355,43.1337129425,2.13162820728e-12
-70.9413230398,43.1337763798,7.27419735597e-12
-70.1910333992,43.1294131064,4.68958205602e-12
-72.0168725979,43.1314270738,3.04846261337e-12
-72.1529729722,43.1304070633,2.22059720768e-12
-71.4404006726,43.1339469772,2.63254557703e-12
-70.542846015,43.1320732197,2.13162820728e-12
-71.797177327,43.1327309452,0.0
-70.0271635636,43.1278038371,7.5432066034e-13
-69.686247542,43.1237019039,3.46691871945e-12
-70.244263427,43.1298852175,4.26325641456e-13
-71.3388554831,43.1340891373,1.70530256582e-12
-70.6204031217,43.1325137527,3.46690262831e-12
-72.0382564823,43.1312775652,0.0
-71.257216548,43.1341379012,2.22058657104e-12
-70.1776108238,43.1292901386,2.55795384874e-12
-71.10643998,43.134074422,1.70530256582e-12
-72.118942744,43.1306773318,1.81528690944e-12
-72.0162111149,43.1314316347,3.04846260389e-12
-69.9567133294,43.127039661,1.05558987873e-12
-70.8207845949,43.1334079506,3.8369307731e-12
-71.9862089661,43.1316344671,2.22059370836e-12
-69.7568697073,43.1246352769,2.63256797017e-12
-69.8120998053,43.1253347645,2.98427949019e-12
-71.7469263522,43.1329697238,4.26325641456e-13
-69.7046092006,43.1239487843,3.41060513165e-12
-72.2912310994,43.1292045802,3.41060513165e-12
-71.6435921417,43.1333911839,2.11110356972e-12
-69.9545709031,43.1270157407,1.81529967931e-12
-70.7369064499,43.1330764574,0.0
-69.6363922988,43.1230166757,1.4223532235e-12
-72.2786491071,43.1293209436,2.13162820728e-12
-72.2634078288,43.1294600418,2.98427949019e-12
-70.9105712854,43.1336944827,4.26325641456e-13
-72.123342638,43.1306429594,4.26325641456e-12
-71.8979596496,43.1321853411,0.0
-71.9452530727,43.1318986142,2.63255050307e-12
-71.5674695057,43.1336417913,8.52651282912e-13
-72.0999500798,43.1308237569,5.57705641461e-12
-72.1850937532,43.130142644,3.46690695819e-12
-69.7874576619,43.1250259752,3.46691630162e-12
-72.1147426589,43.130709985,2.55795384874e-12
-71.4826963818,43.133861106,1.70530256582e-12
-70.5604611426,43.1321779013,1.81528167612e-12
-70.805941635,43.1333537792,2.55795384874e-12
-71.2828897985,43.1341288619,1.05554736044e-12
-69.8147354807,43.125367477,3.63061085519e-12
-72.042662912,43.1312462588,2.98427949019e-12
-70.2097588907,43.1295820184,1.27897692437e-12
-70.5855556312,43.1323223353,8.52651282912e-13
-70.5078439456,43.131857144,3.04846172022e-12
-71.7197799849,43.1330895074,4.26325641456e-13
-71.2365197022,43.1341409834,5.15360819576e-12
-70.5310213901,43.1320014242,6.00090736968e-12
-70.2152971565,43.1296313872,2.13162820728e-12
-72.2222488972,43.1298254968,2.98427949019e-12
-71.2722413959,43.1341333121,6.84953103648e-12
-70.5617177962,43.1321852654,4.26325641456e-13
-72.2797997039,43.1293103601,3.8369307731e-12
-71.2250018163,43.1341410729,0.0
-70.8200223246,43.1334052156,0.0
-71.0061838491,43.1339219454,4.26325641456e-13
-71.8105395153,43.1326637263,2.13162820728e-12
-69.8934539624,43.1263164247,1.27897692437e-12
-71.2064570931,43.1341387744,1.70530256582e-12
-70.9121162173,43.1336987948,4.26325641456e-13
-71.7273198379,43.1330568856,2.22058965304e-12
-70.2243908869,43.129711867,4.26325641456e-12
-71.1592635524,43.1341193318,0.0
-72.0774864075,43.1309928593,1.42231772137e-12
-72.0431524949,43.1312427699,0.0
-71.6988682633,43.1331773762,1.70530256582e-12
-70.9504768215,43.1337991575,0.0
-71.6094273937,43.1335099415,4.26325641456e-13
-69.572961917,43.1221133774,2.13162820728e-12
-70.640778923,43.1326207475,4.26325641456e-13
-70.3436314601,43.1307001069,3.46690594021e-12
-71.4329181441,43.1339605366,4.73068155886e-12
-69.8411781424,43.1256922988,8.52651282912e-13
-72.1381647632,43.1305259182,4.3084297483e-12
-72.2557388318,43.1295292618,5.54223333893e-12
-71.58238527,43.1335966871,4.26325641456e-13
-70.0454514188,43.127995096,1.70530256582e-12
-70.1628624904,43.1291532048,3.04846733562e-12
-70.3350444259,43.1306331022,8.52651282912e-13
-71.0536725955,43.1340051484,0.0
-71.7808422365,43.1328109931,8.52651282912e-13
-70.9577109314,43.133816639,1.27897692437e-12
-69.8392566721,43.1256689019,4.68958205602e-12
-71.0511904395,43.1340012889,7.54268644286e-13
-72.2843301701,43.1292685747,8.52651282912e-13
-70.2131199041,43.129612011,2.22059947436e-12
-70.289579542,43.1302675733,1.70530256582e-12
-71.985877259,43.1316366655,1.81528356372e-12
-72.3026878362,43.1290974161,5.15361439149e-12
-70.903212567,43.1336736566,5.11590769747e-12
-71.6227328473,43.1334649076,4.26325641456e-13
-70.4552842616,43.1315125191,2.98427949019e-12
-70.2555462467,43.1299820988,6.22268853051e-13
-70.0101663651,43.1276234486,0.0
-70.0957503312,43.1285060194,7.54314767046e-13
-71.3819053349,43.1340399032,3.88705607161e-12
-72.2079821948,43.1299487056,4.30843059647e-12
-71.3868172122,43.1340332534,1.81527520544e-12
-69.7173805195,43.1241187579,0.0
-70.6910522866,43.1328691766,3.04845961847e-12
-69.6447461963,43.1231330139,1.81531322017e-12
-70.2128304917,43.1296094323,1.81529063378e-12
-69.7562992827,43.124627913,1.27897692437e-12
-71.6468030078,43.1333794969,1.05555185495e-12
-69.7443987819,43.1244736335,1.05560526818e-12
-70.8684607196,43.1335688929,2.55795384874e-12
-70.8506710922,43.133511169,0.0
-71.1916020054,43.1341347592,1.42230373629e-12
-69.6378267226,43.1230366953,0.0
-70.0468026117,43.1280091108,6.8212102633e-12
-70.6999646907,43.1329109069,2.55795384874e-12
-69.7307292165,43.124294888,0.0
-71.8752994106,43.1323157758,6.22245110003e-13
-70.4685161589,43.1316015582,1.0555625185e-12
-70.5934424023,43.1323665889,3.88705879697e-12
-70.3187794299,43.1305044155,4.68958205602e-12
-71.8482283187,43.1324656988,1.42231116556e-12
-71.1609002598,43.1341203328,7.54267645093e-13
-70.4453620944,43.1314447452,2.98427949019e-12
-71.9796537603,43.1316777337,2.22059358501e-12
-71.3432245831,43.1340848811,8.52651282912e-13
-71.1652947661,43.1341229043,3.88705593643e-12
-71.2848611584,43.134127929,3.04845700433e-12
-71.6855624102,43.1332312905,2.22058915581e-12
-71.6309294559,43.1334363929,3.46690094347e-12
-70.9260212067,43.1337366642,0.0
-70.8696844007,43.1335727616,0.0
-72.1587173789,43.1303604394,2.55795384874e-12
-70.6002596865,43.1324044023,2.22059151327e-12
-70.1842918473,43.1293515426,2.22060021695e-12
-72.3090845488,43.1290370817,2.63255738462e-12
-70.4166887243,43.1312440418,1.81528493302e-12
-71.7853123363,43.1327893204,4.26325641456e-13
-70.5586852088,43.1321674707,3.46690326066e-12
-70.1477073223,43.1290105082,1.81529272255e-12
-72.058259424,43.1311340825,7.54292709676e-13
-70.5941586327,43.1323705808,6.22244552399e-13
-70.9602804134,43.1338227379,4.26325641456e-13
-70.1651790692,43.1291748397,4.26325641456e-13
-70.3564885175,43.1307992227,5.57705644246e-12
-71.9800178683,43.1316753404,2.98427949019e-12
-69.9320573278,43.1267619424,3.46691313162e-12
-71.0463869602,43.1339936668,1.27897692437e-12
-70.0554096074,43.1280980087,3.04846952698e-12
-72.1190884447,43.1306761963,1.31551985939e-12
-71.5822974604,43.1335969584,3.63055345411e-12
-70.3744897665,43.1309355618,4.68958205602e-12
-71.7136654597,43.1331155965,3.41060513165e-12
-70.5042793903,43.1318345369,1.05556112118e-12
-70.541376217,43.1320643622,3.88705928922e-12
-71.7839279903,43.132796051,2.13162820728e-12
-72.2765207436,43.1293404903,2.55795384874e-12
-71.2718073027,43.1341334724,1.05554733279e-12
-71.4189496493,43.1339845364,2.22058700829e-12
-70.1233100141,43.1287765626,2.63255801113e-12
-70.8328357831,43.1334505132,1.81527723779e-12
-70.6716747292,43.132776044,0.0
-69.9261447492,43.1266945528,6.84953791197e-12
-69.9674043293,43.1271584259,4.26325641456e-13
-72.132504702,43.1305708395,2.13162820728e-12
-70.1721188157,43.1292393697,2.63255689815e-12
-72.1419932762,43.1304953737,2.4683368733e-12
-70.4671944721,43.1315927334,1.05556257143e-12
-70.351362851,43.1307598823,2.98427949019e-12
-70.7619516874,43.1331818935,4.30842584555e-12
-71.9565517889,43.1318272114,1.27897692437e-12
-70.6337629246,43.1325843167,7.54280537508e-13
-70.8408908661,43.1334782527,8.52651282912e-13
-69.6741768889,43.1235379991,0.0
-70.124924177,43.1287922019,2.55795384874e-12
-69.8032122612,43.1252240087,1.42234339878e-12
-70.9848256356,43.1338780824,4.26325641456e-13
-69.9307620582,43.1267472056,8.52651282912e-13
-71.6912297501,43.1332085166,4.26325641456e-13
-70.3561145863,43.1307963605,8.52651282912e-13
-69.9258562829,43.1266912571,0.0
-70.0372045541,43.1279092111,4.30843359333e-12
-69.8161175208,43.1253846057,1.42234268397e-12
-69.778992205,43.124918667,4.7306936592e-12
-69.8962975748,43.1263496881,1.27897692437e-12
-71.5037021441,43.1338126322,4.26325641456e-13
-72.2285492421,43.1297705182,4.26325641456e-13
-71.8598829284,43.1324019417,6.22244233323e-13
-70.6972153609,43.1328981081,8.10018718767e-12
-71.3214421424,43.1341044389,0.0
-72.0907672757,43.130893418,0.0
-69.6333806527,43.1229745848,3.04848016688e-12
-69.9810947018,43.1273090479,2.22060604003e-12
-71.2029653764,43.1341380044,3.23335548495e-12
-71.3103417229,43.1341128062,1.27897692437e-12
-69.9078224161,43.1264837754,0.0
-69.9141880411,43.1265573381,1.70530256582e-12
-72.2852197889,43.1292603484,2.55795384874e-12
-71.8971121854,43.1321903003,2.55795384874e-12
-70.6737036426,43.1327859496,5.57705418718e-12
-72.0712644632,43.1310389146,1.27897692437e-12
-71.5594494496,43.1336652373,1.27897692437e-12
-72.2210885148,43.1298355847,8.52651282912e-13
-70.6327680058,43.1325791156,1.81528027686e-12
-69.7152235769,43.1240901515,0.0
-70.5849738221,43.1323190491,5.15361043391e-12
-72.2575366327,43.1295130812,4.26325641456e-13
-71.4584633527,43.1339122233,2.63254566061e-12
-71.4916199781,43.133840986,1.81527587599e-12
-70.070255406,43.1282498191,7.54316917297e-13
-72.0581411223,43.1311349414,1.70530256582e-12
-70.8801444027,43.1336052956,8.52651282912e-13
-71.8704802643,43.1323429348,0.0
-72.2933016516,43.1291852979,4.26325641456e-12
-71.5510487751,43.1336891915,2.13162820728e-12
-69.8916685324,43.1262955033,0.0
-72.0972495394,43.13084432,3.46690567686e-12
-70.7013462302,43.1329173134,6.22238989735e-13
-71.3504850817,43.1340774382,3.63055010267e-12
-71.6064707687,43.1335197378,5.57705335421e-12
-70.0445252581,43.1279854804,4.26325641456e-13
-71.078361995,43.1340405981,1.70530256582e-12
-70.7223216028,43.1330125255,7.54276943402e-13
-71.3626721368,43.1340639064,1.70530256582e-12
-71.5916635473,43.1335676466,8.52651282912e-13
-71.9334891517,43.1319717677,7.5428567881e-13
-71.8519091458,43.1324456913,6.42508650982e-12
-70.4458919968,43.1314483865,2.13162820728e-12
-69.9569224104,43.1270419933,1.27897692437e-12
-71.1229616642,43.1340910963,3.23335585233e-12
-71.12506508,43.1340930475,2.98427949019e-12
-70.8227541308,43.1334149936,2.13162820728e-12
-71.9155594115,43.1320809294,1.42231287823e-12
-71.6991894342,43.1331760556,4.26325641456e-13
-69.9816707007,43.127315349,3.04847115235e-12
-70.3450190574,43.1307108737,1.27897692437e-12
-70.6947540439,43.1328865938,4.30842627947e-12
-71.0861360019,43.1340506546,1.70530256582e-12
-71.2761106985,43.1341318099,4.30842444971e-12
-71.3282182964,43.1340988003,5.11590769747e-12
-71.1566931555,43.1341177125,0.0
-70.0416537153,43.1279556198,8.52651282912e-13
-71.4913092762,43.1338416982,1.70530256582e-12
-70.1540015238,43.1290700169,1.3155507777e-12
-72.1674906274,43.1302886739,7.54299805287e-13
-71.5763796859,43.1336150821,7.54271885899e-13
-71.0138592824,43.1339367321,1.70530256582e-12
-69.7302699053,43.1242888536,0.0
-70.6620266292,43.1327284463,6.22240911346e-13
-72.2062182745,43.129963815,4.26325641456e-13
-72.3011537897,43.129111832,2.11115490179e-12
-70.4440825277,43.1314359422,3.8369307731e-12
-70.8146241473,43.1333857015,8.52651282912e-13
-71.8347753829,43.1325378133,5.15361016517e-12
-71.7942213304,43.132745604,0.0
-71.2156172025,43.1341402864,5.96855898038e-12
-70.7025338489,43.1329228072,7.5427769644e-13
-71.4653777944,43.1338981627,5.96855898038e-12
-69.9169968419,43.1265896843,5.96855898038e-12
-71.5596919955,43.1336645365,4.26325641456e-13
-71.0420557569,43.1339866208,7.54268767404e-13
-72.2634805673,43.1294593828,8.52651282912e-13
-72.2876246293,43.1292380762,1.70530256582e-12
-70.0986636776,43.1285349333,2.98427949019e-12
-69.7784984615,43.1249123889,1.8153070147e-12
-71.59423923,43.133559451,3.04845818493e-12
-71.1897552246,43.1341341249,1.70530256582e-12
-71.8328827312,43.1325478316,2.55795384874e-12
-70.5771873072,43.1322747837,6.42508667822e-12
-71.9206235069,43.1320503832,5.54223333893e-12
-71.7702709786,43.1328615495,8.52651282912e-13
-70.6124147092,43.1324708123,1.27897692437e-12
-69.9358253856,43.1268047297,3.8870678556e-12
-70.1814602168,43.1293255654,5.5770581153e-12
-71.9474511085,43.1318848113,2.11112163929e-12
-72.230269537,43.129755446,6.51486261619e-12
-71.2825035201,43.1341290407,1.27897692437e-12
-69.8229060926,43.125468499,2.22061128733e-12
-70.1045044882,43.128592677,2.98427949019e-12
-71.6663921074,43.1333062388,4.68958205602e-12
-71.2213435473,43.1341408581,1.42230370915e-12
-70.0996677808,43.1285448814,4.68958205602e-12
-70.684824504,43.1328396033,4.26325641456e-13
-71.5182203505,43.1337768693,8.52651282912e-13
-71.8846071612,43.1322627442,3.88705896611e-12
-70.3534155506,43.1307756647,2.13162820728e-12
-71.8380671155,43.1325203146,4.30842681769e-12
-72.1053775722,43.1307822361,3.23338176726e-12
-70.1046414932,43.1285940279,2.13162820728e-12
-71.6678415879,43.1333006845,1.70530256582e-12
-70.7454926204,43.1331132228,4.26325641456e-13
-69.8392919052,43.1256693312,3.8369307731e-12
-70.7090878435,43.1329529032,3.41060513165e-12
-71.0104132437,43.1339301572,5.11590769747e-12
-71.3374642235,43.1340904575,3.23335585734e-12
-70.4440167989,43.1314354897,0.0
-70.6293006188,43.1325609215,3.41060513165e-12
-69.7449506734,43.1244808157,2.63256834162e-12
-72.0255268412,43.1313670493,1.05556392501e-12
-71.5693126555,43.1336363234,1.05555031457e-12
-71.7242854594,43.133070074,4.26325641456e-12
-70.3439046971,43.1307022284,1.81528682262e-12
-70.9362712827,43.1337634949,0.0
-70.8768014258,43.133595002,0.0
-69.7004364558,43.1238929394,4.26325641456e-13
-70.8824962536,43.1336124786,5.11590769747e-12
-70.3794847077,43.1309728896,1.70530256582e-12
-71.4279281859,43.1339693063,0.0
-71.107952886,43.1340760484,1.0555476772e-12
-71.6496572769,43.133369032,1.27897692437e-12
-69.6779054771,43.1235887651,0.0
-70.137924412,43.1289173263,3.46690919572e-12
-70.9070048439,43.1336844485,1.05555002593e-12
-71.3656078348,43.1340604523,2.22058679185e-12
-70.8714560576,43.1335783394,2.22058816636e-12
-69.6328100462,43.1229666011,2.13162820728e-12
-71.1531183984,43.1341153641,0.0
-69.6472138939,43.1231672625,1.27897692437e-12
-71.3089346059,43.1341137897,5.26509035174e-12
-70.0034469839,43.1275514387,4.26325641456e-13
-71.9237739972,43.1320312663,8.52651282912e-13
-70.242679539,43.129871528,6.22269977984e-13
-71.6793089863,43.1332560929,0.0
-70.0453507806,43.1279940515,1.0555841548e-12
-70.4624964373,43.1315612409,7.54289124456e-13
-72.1991932054,43.1300237198,1.81528918894e-12
-69.7871806676,43.125022474,3.88707075834e-12
-72.2746532344,43.1293576086,1.81529151202e-12
-72.2286858042,43.1297693227,0.0
-71.0826348896,43.1340461911,0.0
-72.2344993455,43.1297182764,0.0
-70.6186943328,43.1325046144,7.54281206475e-13
-70.2809848934,43.1301964384,0.0
-70.5367216503,43.1320361874,2.63255017223e-12
-71.4850231388,43.1338559271,0.0
-70.8300819178,43.1334408992,7.54273347891e-13
-71.8082714335,43.1326752462,4.30842659003e-12
-71.1201944134,43.1340884702,3.04845708628e-12
-72.1634401538,43.1303218908,3.41060513165e-12
-71.1543084174,43.1341161583,5.68023019833e-12
-69.615102689,43.1227174264,7.54363348045e-13
-71.4700649687,43.133888393,1.27897692437e-12
-70.7115641843,43.1329641766,6.22238512928e-13
-70.9134381843,43.133702468,2.13162820728e-12
-71.836154219,43.132530495,4.30842680273e-12
-70.8063982041,43.1333554743,5.96855898038e-12
-70.0659228008,43.1282057143,1.70530256582e-12
-69.6490971461,43.1231933639,4.3084405228e-12
-70.2998877512,43.130352037,1.70530256582e-12
-71.0808307478,43.1340438491,0.0
-70.8323720032,43.1334488987,3.46690092064e-12
-71.3871295577,43.1340328234,0.0
-71.9087008757,43.132121941,3.41060513165e-12
-70.1015426139,43.1285634325,1.70530256582e-12
-71.8267770512,43.1325799364,7.54280574273e-13
-70.0356361055,43.1278928094,0.0
-71.5183433829,43.1337765583,2.46830321008e-12
-70.4820857521,43.1316912763,3.04846206468e-12
-71.1380631943,43.1341042449,4.26325641456e-13
-71.5843132394,43.1335907148,6.22232138217e-13
-69.6691242051,43.1234690107,5.5770647634e-12
-71.3897961149,43.1340291175,3.88705608918e-12
-71.1827236449,43.1341314363,7.54267551895e-13
-71.4787006742,43.1338698889,1.70530256582e-12
-71.0154758355,43.1339397805,4.26325641456e-13
-71.3117563664,43.1341117999,3.04845703783e-12
-71.4330623978,43.1339602798,1.42230451293e-12
-71.9853747606,43.1316399941,0.0
-71.022430999,43.1339526352,0.0
-70.8351353644,43.1334584903,3.46690090312e-12
-71.115996556,43.1340843585,2.63254524665e-12
-72.2414221042,43.1296571039,7.54305106074e-13
-70.5377103668,43.1320421881,1.42231305067e-12
-71.0259561617,43.1339589886,2.98427949019e-12
-70.4773136654,43.1316599086,1.05556216854e-12
-70.2140409538,43.1296202128,8.52651282912e-13
-71.7909965917,43.1327615081,0.0
-71.2487148158,43.1341396216,0.0
-71.4321361396,43.1339619254,3.41060513165e-12
-71.6866156166,43.1332270796,4.26325641456e-13
-70.179127608,43.1293041134,4.68958205602e-12
-71.8936966841,43.132210223,3.46690318259e-12
-71.2042471915,43.1341382995,2.11109460767e-12
-70.3069184595,43.1304091113,2.63255408511e-12
-69.8753910337,43.1261034775,1.81530286081e-12
-71.8996344284,43.1321755223,2.22059216581e-12
-71.4423167737,43.1339434261,1.42230458795e-12
-70.5186414613,43.1319249444,1.05556057894e-12
-71.1733122707,43.1341271597,2.63254514371e-12
-71.9577476049,43.1318195889,4.03371030142e-12
-70.868292961,43.1335683615,1.81527682679e-12
-69.8148063984,43.1253683563,2.98427949019e-12
-70.3703332073,43.1309043327,4.26325641456e-13
-71.2302845896,43.1341411762,0.0
-70.2442784278,43.129885347,6.2226983739e-13
-70.6674451779,43.1327552784,2.1111111977e-12
-69.7443512354,43.1244730146,4.68958205602e-12
-71.8231608022,43.1325987972,0.0
-70.6962170104,43.1328934441,3.46690193496e-12
-70.5213891868,43.1319420351,4.03370953271e-12
-71.1247252672,43.1340927349,4.26325641456e-13
-69.7839144544,43.1249811379,0.0
-70.6191582895,43.1325070981,2.22059122049e-12
-71.3865041193,43.1340336836,1.15107923193e-11
-71.911622513,43.1321045211,8.52651282912e-13
-71.7153572652,43.1331084108,4.30842595352e-12
-72.0668488558,43.1310713933,1.4223173718e-12
-69.8013497146,43.1252007101,1.24463499225e-12
-70.314104444,43.1304669986,5.57705681959e-12
-72.0221115378,43.1313908158,7.54290554869e-13
-70.5732068464,43.1322519501,4.26325641456e-13
-70.5800510469,43.1322911255,2.55795384874e-12
-71.6409249822,43.1334008232,1.05555172704e-12
-70.0730716613,43.1282783997,8.52651282912e-13
-71.0637081769,43.1340202021,7.54268485539e-13
-71.2556454059,43.1341382669,5.54223333893e-12
-72.2630945546,43.1294628795,1.27897692437e-12
-71.935450053,43.1319596582,3.46690364014e-12
-70.2704451377,43.1301083211,8.52651282912e-13
-71.0499247038,43.1339993001,1.42230433925e-12
-70.3053063005,43.1303960623,0.0
-72.1170247512,43.1306922623,1.42231905936e-12
-71.4322922586,43.1339616485,1.70530256582e-12
-70.6395756679,43.1326145302,0.0
-69.8566903647,43.1258799995,4.26325641456e-13
-71.1734932155,43.1341272493,0.0
-71.5243879325,43.1337611176,1.05554956609e-12
-70.2619649294,43.1300367159,4.26325641456e-13
-69.6102821749,43.1226491172,0.0
-69.6049537585,43.1225733737,1.4223551966e-12
-71.6144585155,43.1334930955,3.41060513165e-12
-70.692732233,43.1328770958,0.0
-71.4220364537,43.13397938,1.055548257e-12
-71.7155183666,43.1331077252,1.70530256582e-12
-69.6884185227,43.1237312477,0.0
-71.8571299681,43.1324171093,1.70530256582e-12
-71.5212097686,43.1337692761,8.52651282912e-13
-71.7979116953,43.1327272915,1.70530256582e-12
-71.7433630004,43.1329858154,4.26325641456e-13
-71.3110640148,43.1341122946,2.98427949019e-12
-71.0084300484,43.1339263261,1.27897692437e-12
-70.1379639778,43.1289177048,3.46690919503e-12
-70.6286990781,43.1325577544,4.68958205602e-12
-71.9917058996,43.1315978951,3.04846225861e-12
-69.9673557324,43.1271578883,6.22297585453e-13
-71.5142457425,43.1337868436,5.54223333893e-12
-72.0246427324,43.1313732115,8.97443689552e-12
-72.2451056424,43.1296243832,1.27897692437e-12
-71.5044864853,43.1338107473,3.04845766305e-12
-72.1725025704,43.1302473731,5.11590769747e-12
-71.5566159031,43.1336733862,3.4669005107e-12
-70.0549119899,43.1280928867,1.70530256582e-12
-70.2538961552,43.1299679998,4.26325641456e-13
-70.5331650519,43.1320145308,0.0
-70.6579860022,43.1327082701,2.46831417023e-12
-70.8534576414,43.1335203939,2.13162820728e-12
-71.1112788159,43.1340795532,2.55795384874e-12
-70.8132619794,43.133380737,1.05555184752e-12
-72.1412258827,43.1305015064,1.50859603793e-12
-69.7851988165,43.1249974035,0.0
-71.201099591,43.1341375492,4.26325641456e-13
-69.7709988376,43.1248167665,4.26325641456e-13
-69.8375534662,43.1256481357,3.88706973933e-12
-69.8782790554,43.1261377169,1.27897692437e-12
-71.3438520118,43.1340842561,4.30842451959e-12
-71.2919057364,43.1341243171,2.13162820728e-12
-69.892798255,43.1263087445,1.81530214495e-12
-70.9850369083,43.1338785358,4.68958205602e-12
-71.5030225088,43.1338142611,2.13162820728e-12
-70.4131894282,43.1312190548,1.42231671454e-12
-71.6532724253,43.1333556749,6.22234529638e-13
-72.1734860033,43.1302392433,5.57705707813e-12
-72.0368509609,43.1312875152,2.63255197268e-12
-69.6907308027,43.1237624559,0.0
-71.0803263102,43.1340431891,2.98427949019e-12
-69.760519969,43.1246823324,3.04847662039e-12
-70.7486770349,43.133126694,0.0
-71.7154126671,43.1331081751,1.4223083058e-12
-70.2078111285,43.1295645919,2.22059960955e-12
-69.7094865976,43.1240138663,3.88707240104e-12
-71.3904807282,43.134028156,4.68958205602e-12
-70.3289935881,43.1305854995,2.13162820728e-12
-72.0411212707,43.1312572311,2.55795384874e-12
-70.6399496316,43.1326164639,4.26325641456e-13
-69.8599842662,43.1259195848,2.55795384874e-12
-71.8509047648,43.1324511625,1.42231123027e-12
-71.2710684006,43.1341337416,6.22226613133e-13
-71.9328796763,43.1319755246,1.81528238193e-12
-71.9584845233,43.1318148853,1.05556123904e-12
-71.5426589241,43.1337124975,0.0
-70.3705058398,43.1309056327,2.63255289105e-12
-71.1046929476,43.134072519,2.22058675745e-12
-70.7094300253,43.1329544642,8.52651282912e-13
-69.789430434,43.1250508919,2.55795384874e-12
-71.1569150546,43.1341178546,1.27897692437e-12
-70.8710841593,43.1335771708,2.13162820728e-12
-71.4556527993,43.1339178189,4.26325641456e-12
-71.1046749414,43.1340724992,2.22058675751e-12
-70.8932575265,43.1336447273,1.42230591751e-12
-70.8505181717,43.1335106607,4.26325641456e-13
-71.4196231034,43.1339834185,3.46689994455e-12
-70.4128198007,43.1312164091,3.41060513165e-12
-72.2546916842,43.1295386733,2.98427949019e-12
-71.5972728936,43.1335497236,6.8212102633e-12
-71.9743895573,43.1317122065,1.70530256582e-12
-70.2864087358,43.130241405,8.52651282912e-13
-70.0458058294,43.1279987735,0.0
-69.825784213,43.1255039449,2.63256588119e-12
-69.770832978,43.1248146462,1.02507234003e-11
-71.6631112028,43.133318743,4.26325641456e-13
-71.7573743035,43.1329219007,1.05555459949e-12
-71.1416356201,43.1341070631,1.05554749118e-12
-70.4796721333,43.1316754362,1.8152834285e-12
-69.957469866,43.1270480982,4.26325641456e-13
