-70.8482453129,41.9544393535,1.11769567648e-11
-71.1142220078,42.0399336487,2.5740336713e-11
-71.0016412014,41.9996274715,1.44146336387e-11
-71.0566007382,42.0178443096,3.59722472239e-12
-71.1572640294,42.0481731148,6.99968014593e-12
-70.9307909812,41.977903266,3.8270005948e-12
-71.0343388968,42.0070127283,3.59769968565e-12
-71.1274817145,42.0375784271,3.59635917478e-12
-71.0744389946,42.0210686937,3.59708331788e-12
-70.8378683299,41.9490708264,1.08476523057e-11
-70.9383070556,41.9781720087,3.41764050786e-12
-70.9939921556,41.9960333235,1.45845469762e-11
-71.0849289561,42.0288440715,7.28572376471e-12
-70.9332192376,41.9839862526,7.19741824466e-12
-71.0788782807,42.0261615384,3.59685995782e-12
-71.0341358199,42.016128189,2.5407240964e-11
-71.0785073836,42.0271345248,1.79919970206e-11
-71.1257533267,42.0403199678,7.28452096161e-12
-71.1565609166,42.0475089358,1.84061997852e-11
-70.9738016056,41.990436482,2.19992054148e-11
-71.1363157108,42.0405247506,1.44067362258e-11
-71.1678738515,42.0538811399,4.26325641456e-13
-71.003933655,42.0052554693,3.59777673351e-12
-71.0862040089,42.0277373159,0.0
-70.9407604397,41.9845700072,0.0
-70.8731804268,41.9589569079,3.59980594268e-12
-71.1654882133,42.0531137801,7.41916411072e-12
-70.8967537684,41.9654184027,3.89831571551e-12
-71.0580787251,42.0160534257,1.1000416146e-11
-70.899216497,41.9697131509,1.06249721478e-12
-71.0730050404,42.0274311819,1.0835978295e-11
-71.1268239723,42.0369687906,1.11650236231e-11
-70.8950497903,41.969769477,1.45895566181e-11
-71.0160708237,42.0016936381,1.09979495179e-11
-71.0947533788,42.0282620357,7.00147498718e-12
-70.9636220564,41.9925961493,3.41697473336e-12
-71.1133962285,42.0359814226,1.79898993452e-11
-71.1050392342,42.0313616211,1.12939136583e-11
-70.9658945051,41.9899030622,7.00493111103e-12
-70.9866948641,41.998733166,3.59806268827e-12
-71.0695353268,42.0237163988,0.0
-71.0484191155,42.0151999612,4.01036388866e-12
-71.0767854131,42.0198319037,3.27488167195e-11
-70.9095458881,41.968919783,1.10027616983e-11
-71.1286128643,42.0400193914,4.26325641456e-13
-71.2445831073,42.0774372597,3.59461012377e-12
-70.8883000355,41.9666297113,0.0
-70.96095466,41.9869654416,2.9172553719e-11
-71.1550859339,42.0460797024,6.99986887981e-12
-71.1164839369,42.0342619686,2.19863297094e-11
-71.0046087905,41.9996394347,3.8185797322e-12
-71.0633573347,42.0175361317,7.00244160623e-12
-71.1890057406,42.0581709749,1.06197175139e-12
-71.105803322,42.0332439882,1.44081425701e-11
-71.0924480056,42.0256542705,7.00171001487e-12
-71.0943779132,42.0266111844,0.0
-71.1193745192,42.0358716192,1.84091081744e-11
-70.919302181,41.9735925292,2.54216977569e-11
-71.1257535481,42.0362901775,1.11651218122e-11
-70.868568304,41.9604649531,0.0
-71.039249255,42.0130624702,4.01048496061e-12
-71.0977271478,42.0294217918,2.19877522002e-11
-70.8993777062,41.9718334048,3.81972813344e-12
-71.1619571435,42.0508621762,3.59577639114e-12
-71.1003544232,42.0284621001,7.19351810949e-12
-70.9758274227,41.9956550753,3.89655361312e-12
-71.0270244378,42.0103794678,1.10011484151e-11
-70.8699824657,41.9613766726,0.0
-70.7902556084,41.9338779879,0.0
-70.9102006661,41.9758230084,1.11738664188e-11
-70.98453964,41.9947340799,3.59823800399e-12
-71.0814826209,42.0226339021,1.81689770704e-11
-70.9149292015,41.9738867188,1.45887714293e-11
-71.0125277685,42.0046178597,1.48483068287e-11
-70.9445021682,41.9811947153,4.01228947107e-12
-71.0823984673,42.0245839168,3.59692915048e-12
-71.1178297515,42.0360125528,3.59642786463e-12
-71.0450664234,42.0090692372,1.42543073802e-11
-71.2348277547,42.0731460699,1.8157112984e-11
-71.0481446323,42.0132980292,0.0
-70.9643659242,41.989934091,1.11718264961e-11
-70.8426355775,41.9523756314,1.84299583448e-11
-71.0890891142,42.0264094959,0.0
-70.9329345534,41.9823657059,2.5586199063e-11
-70.9228066723,41.9780525072,7.19793837328e-12
-70.9585053584,41.9892148728,7.42573720128e-12
-70.8656410883,41.958817339,7.00773031092e-12
-70.9891728435,41.9943707246,3.81879736779e-12
-70.9148423843,41.9759936811,3.82711392464e-12
-71.0118354564,41.999866913,1.47634186206e-11
-70.8868651138,41.9673700074,7.29216270277e-12
-71.0263283626,42.0053340714,0.0
-70.9741758018,41.9907129724,1.80006295962e-11
-70.9410279177,41.9851394768,7.4261561757e-12
-70.8359550369,41.9496747581,1.100558619e-11
-71.196121,42.0600475852,7.57602815809e-12
-71.0356040313,42.0121495363,0.0
-71.1069289788,42.0320151206,7.28539142792e-12
-70.9139363123,41.9740636415,7.00635759543e-12
-70.8548854568,41.956005543,1.07998057404e-11
-71.060981524,42.0163145719,7.2870367133e-12
-70.9877030251,41.9968306088,1.7999179974e-11
-71.0174710099,42.0054967027,3.59776615664e-12
-70.9729341523,41.994861137,1.07946973024e-11
-70.915028209,41.9715964289,1.08442981072e-11
-70.9497943577,41.9889311251,1.06238309139e-12
-70.986470831,41.9967595618,4.26325641456e-13
-71.1441077026,42.0424348992,7.1922922524e-12
-70.8943209736,41.9669969149,0.0
-71.0594156551,42.0145507686,3.59736915231e-12
-71.0545573573,42.0154617846,7.42303814916e-12
-71.1946187735,42.0603939172,0.0
-70.8745064302,41.9616396078,3.41840339011e-12
-71.0689881221,42.0224681378,7.40567875608e-12
-70.9242557947,41.9790072639,7.42678654644e-12
-70.9496836044,41.9836664252,3.8192394811e-12
-71.0629029295,42.0202671937,0.0
-71.1021904564,42.0337121462,1.08350418765e-11
-70.9612683891,41.9857087036,1.07959008784e-11
-71.0136082602,42.0002084869,1.84180174508e-11
-70.9735204131,41.995166005,1.09989081836e-11
-70.956374131,41.9828901259,7.42638740923e-12
-70.8997812051,41.97119022,1.11745360384e-11
-71.0161980777,42.0084708626,7.4237571688e-12
-70.8240475505,41.944822104,7.43029942284e-12
-71.105415373,42.0326341846,3.59657605695e-12
-70.9966075082,42.0002176887,3.59799760553e-12
-70.9633307396,41.9902113804,1.81220892832e-11
-71.1557662449,42.0470445472,3.59967935937e-12
-71.1351580664,42.0399282995,0.0
-71.0225325684,42.0054301484,0.0
-70.9419176091,41.9842265779,3.81921634715e-12
-71.2236768403,42.0699471848,2.55566116448e-11
-71.0409760962,42.0119507156,3.59748316574e-12
-70.8780593488,41.961326013,1.1003876307e-11
-70.979988679,41.9897402057,7.42568319183e-12
-71.0104549028,42.0010463925,1.44143597321e-11
-71.1076384397,42.033905113,2.18246401448e-11
-71.1500009885,42.047608417,7.41973072037e-12
-71.116344317,42.0354012597,7.42098688133e-12
-71.0507444704,42.0178719065,1.48455804932e-11
-71.0320648997,42.0114753614,3.59750400971e-12
-70.947643656,41.9828266613,0.0
-70.9359152328,41.9808122425,2.20020316815e-11
-70.8443312081,41.951457608,1.11773875965e-11
-71.010155374,42.0030847422,3.59787190712e-12
-70.9433260515,41.9829711178,2.54185111133e-11
-71.0106187095,41.9994820752,7.42468154048e-12
-71.0142717192,42.005867898,1.85490708631e-11
-71.0391468523,42.0136001814,1.81710978275e-11
-70.9180389258,41.9759832339,1.83639475047e-11
-71.1121134814,42.0330995237,0.0
-71.1274883027,42.039859096,7.28456927096e-12
-71.1351380485,42.0425072188,1.08337304618e-11
-70.9080957376,41.9707656196,1.47689022039e-11
-70.8561378283,41.9557421478,1.82756132483e-11
-70.9437872916,41.981436438,0.0
-71.0225237523,42.0038373894,0.0
-71.1101246866,42.0318694449,3.5966096012e-12
-71.0490152977,42.0125232147,1.06224296508e-12
-70.9674793797,41.9895450494,2.57572413915e-11
-70.9909045954,42.0009943733,1.07938906632e-11
-70.8586898314,41.9558787885,7.00799484629e-12
-71.1346483263,42.0425344216,1.81643041032e-11
-70.9296250082,41.9798072031,1.11732905052e-11
-70.9072066395,41.9727997072,1.44198111859e-11
-70.9456141853,41.9858585022,1.11724157195e-11
-70.8505279295,41.9505733402,7.4297085717e-12
-70.8964208855,41.9697058531,3.81981598318e-12
-70.8212961166,41.9449873919,2.57721780235e-11
-70.8931140497,41.9671037012,1.80062225986e-11
-70.9799005646,41.9930028206,7.00465190575e-12
-70.8804993525,41.9630953562,1.06253650896e-12
-70.8564677741,41.9538297923,1.47720922287e-11
-71.0239126388,42.0043008296,3.81838716924e-12
-71.0757057659,42.0191410548,1.4252341046e-11
-70.9211468395,41.9723381404,1.81807804703e-11
-70.9518081582,41.9861014852,0.0
-71.0300737557,42.0098185192,7.00313701197e-12
-70.8892421502,41.963981691,1.10034865247e-11
-70.9564036559,41.9885539467,7.42580515036e-12
-71.004780003,42.0048720759,1.81731465368e-11
-70.9784612262,41.996846011,3.89648418863e-12
-71.1238567762,42.0379890004,3.59634116397e-12
-71.0302868411,42.0063589902,2.55780978183e-11
-70.9917590953,42.0004073367,1.84179677898e-11
-70.8941148501,41.967221055,7.42799793853e-12
-70.9546632146,41.9883217336,1.10039945324e-11
-71.0021351434,41.9974688204,4.26325641456e-13
-71.0762535797,42.0245836383,0.0
-70.932945394,41.9807379538,3.59885149187e-12
-70.9425164188,41.9837602668,1.07961570819e-11
-70.8967289202,41.9684222226,0.0
-70.7903142001,41.934294068,3.60088627567e-12
-70.9566702384,41.987327907,1.800143165e-11
-70.960717863,41.9886840338,1.08417527804e-11
-70.8759890525,41.9582976141,4.26325641456e-13
-70.8966410176,41.9695892483,4.01294637606e-12
-70.8480468464,41.9504400728,1.08005371881e-11
-70.9260983088,41.9788745091,7.42680019244e-12
-71.0372147601,42.0150945224,1.1168188073e-11
-71.230460352,42.0732290957,1.11597754829e-11
-71.0913372703,42.0254478475,4.26325641456e-13
-71.2007651893,42.0617712498,4.26325641456e-13
-71.0367937534,42.0099439439,0.0
-70.9767867596,41.9931870014,3.59830582331e-12
-71.0921818303,42.027467225,0.0
-71.2234328953,42.0692641646,7.57509909178e-12
-71.0525216049,42.0161852006,1.09958208676e-11
-70.9582899761,41.9858594218,7.00529531328e-12
-70.9959595329,41.9975934142,1.44150262788e-11
-71.0218970247,42.0010054457,3.81852330342e-12
-71.0212419189,42.0012899174,7.17551841113e-12
-71.0724260623,42.0215776748,0.0
-71.0796714605,42.0264022905,2.15795831196e-11
-70.8495865619,41.953040364,2.55960962012e-11
-70.9290278403,41.9801912178,1.82694594348e-11
-70.9971443372,41.9992276753,1.11704827379e-11
-71.1357986787,42.0400157392,4.26325641456e-13
-71.1009943855,42.0322073147,7.42131550565e-12
-70.9337121683,41.9821258635,4.01223675935e-12
-70.9267817238,41.9744354942,4.26325641456e-13
-70.841012208,41.9512356405,1.10087775838e-11
-71.0909053049,42.0297731723,7.42156594172e-12
-70.9661064744,41.9909040771,0.0
-71.1295877317,42.0396315312,3.59626910915e-12
-71.1346422796,42.0417001421,1.46991624309e-11
-71.0198875027,42.0022189576,3.81847317331e-12
-71.1698613618,42.0547552186,3.59560557268e-12
-70.9781264511,41.9991386608,3.81860041847e-12
-70.9613065413,41.9900076902,3.59844518961e-12
-71.0062169665,42.0030002406,0.0
-70.9492498803,41.9835033566,3.59873028762e-12
-70.9368320187,41.9835199926,4.26325641456e-13
-71.0647944372,42.0186047298,3.59719137502e-12
-70.9785550807,41.9952592348,0.0
-70.8647046623,41.95847717,7.41112859123e-12
-71.0768250913,42.0232173912,1.11670131089e-11
-71.1620590838,42.0511305216,1.47537525927e-11
-70.9957360908,42.0013417167,1.82641337479e-11
-71.0444671173,42.0167680252,3.81787208355e-12
-70.9170401834,41.9747089185,3.41780032899e-12
-70.94061177,41.9802417906,1.83629584407e-11
-71.0118871081,42.0087856745,7.19524389559e-12
-71.0295834237,42.0085673176,7.0032497448e-12
-71.0009014004,42.0016751546,7.19586741498e-12
-71.0504480376,42.015305642,1.11681575367e-11
-71.114989826,42.0325177078,0.0
-70.8948144394,41.9678949109,3.81989075752e-12
-70.9492573348,41.9867354072,0.0
-70.93516373,41.9762565533,3.59904789492e-12
-70.9523211672,41.9864168972,3.41725996908e-12
-71.1562786172,42.0466198485,7.41983245764e-12
-70.9299869488,41.9760778182,7.42708765963e-12
-70.9386591294,41.9795307236,1.10012039895e-11
-71.1403005531,42.0445701344,2.55651891977e-11
-70.9511985844,41.9870963453,1.45862518888e-11
-71.0893617224,42.0251302155,3.59690519064e-12
-71.0131744065,42.0030949378,7.42431002533e-12
-70.9554944739,41.9839525469,7.42627819337e-12
-71.0283941612,42.0060111558,4.26325641456e-13
-71.1001217086,42.0287134683,1.81675496522e-11
-71.146316377,42.0492166394,1.09909669535e-11
-71.1395615552,42.0434690378,3.59610075746e-12
-71.0437520575,42.0134487129,7.00280991958e-12
-70.9019968277,41.9729521644,3.81968193712e-12
-71.0685487034,42.0201290902,3.59712452469e-12
-70.9960644386,41.9997167065,1.06231903373e-12
-71.1205044824,42.0361875639,4.00917486276e-12
-70.9321586477,41.9775712409,0.0
-70.8953302538,41.9708500894,3.4179784022e-12
-71.0744450759,42.0276401714,1.79918771359e-11
-71.1100051338,42.0334651821,3.59653960593e-12
-70.9916672042,41.9969184029,4.26325641456e-13
-70.932387904,41.9754165973,7.29132029029e-12
-71.0674762689,42.0190276234,0.0
-71.0772937004,42.0245749244,3.89486732203e-12
-71.065122569,42.0214624159,4.01000914367e-12
-71.1324509595,42.0402903384,4.0089423735e-12
-70.9030240219,41.9684713624,1.06250458828e-12
-71.1173015267,42.0358022495,3.89421242184e-12
-71.0153544481,42.0066188544,3.81829140643e-12
-70.8273035231,41.9447456711,7.43030727475e-12
-71.0116427827,42.0036421804,3.41646477052e-12
-71.121205571,42.0368514544,1.1293027139e-11
-70.9808919374,41.9898250289,3.81898512434e-12
-70.9243735112,41.9780499752,7.0059986249e-12
-71.0994944567,42.0324848227,4.00938466906e-12
-70.9722797653,41.9881617404,1.06238766067e-12
-70.9537122792,41.9839735067,1.1172688227e-11
-70.9084631285,41.9709906934,1.0624896289e-12
-71.1036210201,42.0316842297,3.59661772535e-12
-70.9579315174,41.9900909569,7.00491418714e-12
-71.0814512069,42.022369158,0.0
-71.0734119844,42.0249965589,7.19382210528e-12
-70.990268963,41.998675844,0.0
-71.0397324855,42.0136905545,7.00278812816e-12
-71.1125997065,42.0378224221,1.11649001089e-11
-70.9996800941,42.0006272058,1.81741428092e-11
-71.0681936297,42.0212221593,3.59707658751e-12
-70.940657953,41.9834607832,1.10006269769e-11
-70.8575418191,41.9549915394,2.55954378428e-11
-71.0611554638,42.0207995399,4.01004669502e-12
-71.1180786905,42.0387381063,1.46997778943e-11
-71.1037486443,42.0288160753,4.00959253557e-12
-71.1115682641,42.0366460399,1.83498518761e-11
-71.0528596329,42.0132387359,7.00282883973e-12
-71.0579803719,42.0215311036,4.01000525255e-12
-71.0878853653,42.0295189025,4.00955271533e-12
-71.1030820284,42.0305737216,7.19333287078e-12
-70.9022404179,41.966199807,0.0
-71.0447252584,42.0144104977,0.0
-71.072226113,42.0237871407,4.26325641456e-13
-71.1085605415,42.0331881167,1.09933226581e-11
-70.9265556371,41.9750430758,1.44193783242e-11
-71.1433232295,42.043017383,3.59612057212e-12
-70.8793628929,41.963704417,7.0072903359e-12
-71.0234845072,42.0140126939,1.84145695664e-11
-70.9379402935,41.9829914204,0.0
-70.9056141401,41.9716389938,1.84251506642e-11
-70.8512847415,41.9514556192,0.0
-70.9774825876,41.9943502317,7.4252092139e-12
-71.2448378859,42.0775470686,2.55540421388e-11
-71.0463092775,42.0117650461,1.44122904035e-11
-71.1084880221,42.0344784899,1.07894854721e-11
-70.8862998757,41.9666012253,7.00702952454e-12
-70.7784355067,41.9298618745,1.08505115932e-11
-71.1863292289,42.0569103914,4.26325641456e-13
-70.8274650356,41.9439883363,3.41921766267e-12
-70.9756618052,41.9933853411,7.0046174499e-12
-71.0641323888,42.0209871999,0.0
-71.0607497586,42.0202812435,1.07913535559e-11
-71.0815238411,42.0250698475,7.42204981177e-12
-71.0448439289,42.0147950907,0.0
-71.1769335973,42.0548816838,1.09901342112e-11
-71.1401407128,42.0412122282,7.42038894494e-12
-71.0272000674,42.0086076979,0.0
-71.1596933058,42.0499103007,7.40334000519e-12
-71.0412676606,42.0115414551,7.28753680348e-12
-70.9385512958,41.9827598201,0.0
-70.8733994025,41.9610768229,3.59971306199e-12
-70.9397328243,41.9798501989,2.55870482248e-11
-70.9633398444,41.9926575359,1.44159790094e-11
-71.1514394369,42.0457793327,2.93969034702e-11
-71.1152056262,42.034183962,4.26325641456e-13
-71.0842943041,42.026884931,3.89473258841e-12
-70.9443232028,41.9832318656,7.42635227894e-12
-70.928148239,41.9802779461,3.59887165293e-12
-70.8682726846,41.9614393582,3.41841262923e-12
-71.1447161062,42.0455510412,1.08332765572e-11
-71.108887085,42.031367363,1.44085050288e-11
-71.0015042859,41.9986611554,0.0
-71.011257759,42.0056216444,7.28815697558e-12
-70.8978384279,41.9690485908,3.59936376369e-12
-70.9137060695,41.975794282,4.26325641456e-13
-71.0899775635,42.0246941351,1.08363863248e-11
-70.9858451612,41.9945014514,3.59824820184e-12
-71.1335370256,42.0398043289,7.0004346039e-12
-70.8742854977,41.9626727356,3.89847567553e-12
-71.0217073292,42.0053335091,3.81834450733e-12
-70.9851447246,41.9971762392,4.26325641456e-13
-71.0092688637,41.9976200294,7.00423599227e-12
-70.8720434003,41.9602065247,3.59975119309e-12
-70.9105356043,41.9714038805,1.10023970527e-11
-71.1100440132,42.0318422158,7.00115230305e-12
-71.0324251075,42.0114807863,1.83557009759e-11
-70.9512850468,41.9887561206,7.19700010141e-12
-70.9800417977,41.9929388667,2.19984704854e-11
-71.1302528362,42.0376768611,4.00909047168e-12
-70.8592482091,41.9567907305,0.0
-71.0219166306,42.004189675,1.45829907614e-11
-70.8402867795,41.9498744882,7.00853532778e-12
-70.9997367381,42.0018003049,2.91668933405e-11
-70.8249173727,41.94614467,4.26325641456e-13
-70.887730851,41.9655447919,3.81998779169e-12
-70.9419146243,41.9810773614,7.17766861086e-12
-70.87894853,41.964764289,1.45905110718e-11
-71.0803070206,42.0218450296,3.89502653863e-12
-71.0868364369,42.0267917859,3.89473802131e-12
-70.9660687376,41.9913289406,2.21676656968e-11
-71.1561365548,42.0490558801,1.09909905834e-11
-71.0172889255,42.0022531863,7.28850983295e-12
-71.1776286629,42.0568640318,1.48375562104e-11
-70.897389842,41.971290123,0.0
-71.0559351385,42.0208312638,2.54056418645e-11
-70.962206935,41.990362691,3.60126877917e-12
-70.9702215156,41.9951288054,1.10031163166e-11
-71.0234000697,42.0050241351,2.54110159616e-11
-71.0872969082,42.0257420214,2.55715508144e-11
-70.9851028859,41.9942299721,3.59826010276e-12
-71.0388227037,42.008532951,0.0
-70.96015708,41.9918724138,0.0
-70.9290673619,41.978506994,3.81945255351e-12
-71.047687188,42.0149519049,3.59735156189e-12
-70.8669604609,41.9590803042,3.82025468714e-12
-70.8793458227,41.9634358627,7.42838692923e-12
-70.9758841092,41.9925895322,7.0046891328e-12
-71.0314871273,42.0094037576,7.42366122519e-12
-70.9852845803,41.9992007423,1.81744775849e-11
-70.9371733752,41.9848250826,4.01208395329e-12
-71.0033201623,42.001099148,3.8962362434e-12
-70.9783931799,41.9917818242,3.59836742064e-12
-70.9358180838,41.9824381584,7.00560344032e-12
-70.9589358883,41.9887197818,3.81903077387e-12
-71.0401915953,42.0144879179,1.42532495267e-11
-70.9075408645,41.9700585567,1.44203400727e-11
-70.939635613,41.9810235388,4.26325641456e-13
-70.9996773408,41.9998750262,7.42464113399e-12
-70.987568513,41.9999203299,3.59801064212e-12
-70.9468235349,41.9821491254,4.26325641456e-13
-71.1267167676,42.0378055489,0.0
-71.0279160807,42.0074114409,4.01080502454e-12
-71.0052090024,42.0059305926,7.42401841496e-12
-70.886454157,41.9635623665,3.82006964157e-12
-70.9766775114,41.9960722233,7.42503215821e-12
-71.1051894309,42.0332130349,0.0
-71.0729847515,42.0228419375,2.18279154343e-11
-70.9323159784,41.9801474604,1.11732413194e-11
-70.9113094194,41.9726623163,1.07976162204e-11
-71.0815347713,42.0303497451,3.81731084521e-12
-71.0513318894,42.0170334994,4.01026002956e-12
-70.8710880617,41.9615926725,1.08457878898e-11
-71.1751637779,42.0529633065,3.59568419929e-12
-71.0894860819,42.0289739957,7.28571014857e-12
-70.931968108,41.9767263791,0.0
-70.8731831055,41.9601475033,3.89862278599e-12
-71.0468187415,42.0162255872,7.42295958637e-12
-70.8526966218,41.9548934737,7.42926470512e-12
-71.1393614847,42.0460168267,1.09914372798e-11
-71.1324959552,42.0392802244,3.5962845205e-12
-70.9214549829,41.9754061099,1.10018095251e-11
-70.8493415453,41.9545086521,1.11769467516e-11
-70.9832688615,41.9957885424,4.26325641456e-13
-71.0227462728,42.0113719601,1.10010203307e-11
-71.1415041226,42.0468902516,1.81632810778e-11
-71.0089472373,41.9978135066,1.09985193773e-11
-71.0684969508,42.0262103871,1.09991051503e-11
-70.888049785,41.9677983067,0.0
-70.9608667194,41.990878817,3.81894159951e-12
-71.0625123012,42.0166942166,4.01027924818e-12
-70.9834062347,41.9958063359,1.11709774531e-11
-71.0966739703,42.0315824831,3.59662218828e-12
-71.1363068519,42.0407262163,0.0
-71.0438329221,42.0153826248,7.00263565975e-12
-70.9655592601,41.9898767843,1.45857214902e-11
-71.0961215128,42.0273962225,1.45785618379e-11
-71.0308494268,42.011847544,1.44122744752e-11
-70.9806677051,41.9988650227,4.26325641456e-13
-71.0501960381,42.0195519769,3.81775705111e-12
-71.0058203471,42.0026398607,1.79978032877e-11
-71.0967404193,42.0309181817,1.08354584366e-11
-70.9340139713,41.9832006878,1.84222643708e-11
-71.0427157365,42.0163607881,3.89534637347e-12
-71.2569195173,42.0805122279,2.2105609672e-11
-70.9462101748,41.9824872631,1.0699243468e-11
-70.9329734395,41.9797353065,7.17781134939e-12
-71.1006184403,42.0293550303,7.00137647684e-12
-70.8834038691,41.9637058402,1.81828053066e-11
-70.9686016003,41.9926521946,3.59832926725e-12
-71.2037907475,42.0640924838,3.81591601481e-12
-70.9372148769,41.97974774,3.59889489045e-12
-70.9363551559,41.9792794912,4.26325641456e-13
-70.9664419143,41.9862147205,0.0
-71.0865434596,42.0279659426,7.42175187114e-12
-70.8551092647,41.9552980202,1.45923160026e-11
-71.1599855299,42.0487194233,4.26325641456e-13
-70.9163674873,41.9730836821,3.81967650638e-12
-71.0812305707,42.0243815609,4.26325641456e-13
-71.0182513223,42.0028862384,2.21642969428e-11
-71.1546148824,42.0459720434,7.41989912473e-12
-71.075070552,42.0238595898,0.0
-70.9420686249,41.9848455631,7.29033299853e-12
-71.0449114368,42.0115776242,7.42343764776e-12
-71.0004454596,42.0033088727,1.79976447355e-11
-70.9547815084,41.9839303208,1.12253155705e-11
-71.0034153766,42.0050507041,1.11696406811e-11
-70.9700053329,41.9864055314,0.0
-71.036513594,42.0107182964,7.00305594091e-12
-70.840590323,41.9473144934,1.10059325299e-11
-71.1098215199,42.0387997281,4.26325641456e-13
-71.0593435314,42.0202184676,1.81695441491e-11
-70.9373878537,41.9830964041,3.59874812419e-12
-70.9764329191,41.9928785804,2.54151442159e-11
-70.9953725577,42.0002466653,7.4246029187e-12
-71.0337362623,42.0064553324,1.07931723755e-11
-71.0667567251,42.0171791296,2.15821747512e-11
-70.9178593133,41.9753096245,3.81958458937e-12
-71.0586113589,42.0187018761,2.21596858945e-11
-70.9980168255,42.0032000212,2.19954565427e-11
-70.9553821973,41.988399191,1.11720484071e-11
-70.9478877907,41.9890301761,7.28989478062e-12
-71.0323457081,42.0115470476,4.01057079452e-12
-70.9045684905,41.9728021795,3.41788832067e-12
-71.0256409489,42.0058842106,7.42402318487e-12
-70.9129095784,41.975496638,3.81957686679e-12
-71.1714112188,42.0540364654,3.59563711084e-12
-70.8727534875,41.95853366,0.0
-70.8977261591,41.9708725506,3.81976780886e-12
-71.0796096044,42.0219275405,7.42237306477e-12
-71.0735108027,42.0224150433,3.59702427194e-12
-70.8451841886,41.9518318099,3.41885586517e-12
-71.073719749,42.027355534,1.06215485218e-12
-71.0263325478,42.0109362652,7.28760020752e-12
-70.8753235465,41.9630014611,1.44217015788e-11
-71.142602362,42.0438294831,3.59608494417e-12
-70.955224547,41.9872389182,1.11722161519e-11
-71.0728917944,42.0259177189,3.59687065157e-12
-70.9227200843,41.9773569931,3.89762008903e-12
-71.0558290871,42.014613151,4.01039712727e-12
-70.8891387594,41.9671261251,1.10030249833e-11
-70.9069564665,41.974669814,3.59911743243e-12
-70.9627826181,41.9886058269,4.01186990843e-12
-70.9775216555,41.9896175475,1.84206621998e-11
-71.0536413879,42.0131526305,0.0
-71.0771339391,42.0209001559,1.09951281796e-11
-70.9848626852,41.9963524689,0.0
-71.0769405118,42.0215491212,3.81767452656e-12
-71.2574877801,42.0813422279,1.09862435401e-11
-71.1368916719,42.0401760147,3.59624522325e-12
-70.9365200159,41.9811604425,7.42656521469e-12
-71.0070726947,42.0048149359,4.01095207504e-12
-70.9125457415,41.9747312804,3.59911473875e-12
-70.8951238068,41.9657409472,3.5995086998e-12
-70.9796803113,41.9935955086,2.91700241299e-11
-70.9913223261,41.9966404549,3.89649617144e-12
-71.1548168232,42.047015799,0.0
-71.1709661617,42.0525047284,7.19140864141e-12
-71.0654917439,42.0180769041,7.42276916027e-12
-70.81474823,41.941368782,3.82098580377e-12
-70.9396173381,41.9849065988,3.59866878318e-12
-70.8663988762,41.9582314081,7.19967545715e-12
-71.0671642777,42.0231221974,1.07909797748e-11
-71.0642383225,42.0157055521,1.0837726176e-11
-70.90922596,41.9722258887,2.21732324724e-11
-71.1174692437,42.0366716975,0.0
-70.9578448124,41.9877555651,0.0
-70.9004601106,41.9689459997,1.8425822868e-11
-70.9193827071,41.9781574406,0.0
-71.0447924788,42.0099877947,7.42360115909e-12
-70.8980428808,41.9704977958,3.41799465889e-12
-70.9507806708,41.9865678729,3.59859596738e-12
-70.9445597906,41.9844043707,0.0
-70.9346468932,41.978460835,3.59895129123e-12
-71.1171727716,42.0347873252,4.26325641456e-13
-70.9889694116,42.0003116363,3.89628215447e-12
-70.9929281093,41.9978729852,3.59810039863e-12
-71.1220180864,42.0392762471,1.44069773978e-11
-71.179147817,42.0549269594,7.41897748714e-12
-71.1124841492,42.0321973913,7.42131652664e-12
-71.0733368557,42.0237531671,1.47589157514e-11
-71.1093203563,42.0315523295,1.0993563033e-11
-70.9935050508,42.0036810882,3.81841277161e-12
-71.1118186447,42.0337557683,7.17206303051e-12
-70.9754354898,41.9960697816,1.44153203812e-11
-70.9156966243,41.9754042277,3.59908524759e-12
-71.1411430685,42.0424206002,1.85696762318e-11
-71.0677478781,42.0180335597,1.12960655619e-11
-70.7944180785,41.9349497881,7.43131351245e-12
-70.8905670805,41.9687274443,1.08447253896e-11
-70.9744388039,41.99781318,7.42485314711e-12
-70.9879230731,41.9936444378,0.0
-70.9833996545,41.9950074979,1.8265728908e-11
-71.0599916914,42.017797778,2.55742343991e-11
-71.1704183312,42.0545222086,1.09901870552e-11
-70.9976590076,42.0002720379,3.59799522279e-12
-70.9172118871,41.977404505,7.00605675129e-12
-70.9215245448,41.9742223282,7.29144532828e-12
-70.9936105932,41.999917866,1.10024983998e-11
-71.0569871754,42.0210432125,4.26325641456e-13
-71.0326315029,42.0081268091,7.28789453723e-12
-71.1044560855,42.0300701347,4.26325641456e-13
-71.0111564214,41.998070592,7.00419540435e-12
-70.985118977,41.997415731,1.1170744743e-11
-71.0019037814,42.0047126415,4.01095786825e-12
-71.1380623674,42.0421356628,2.15751612539e-11
-71.0714526872,42.0220924276,3.59703842079e-12
-71.0686140476,42.0167922299,1.79944488719e-11
-70.9982948689,41.9968042303,4.01140571066e-12
-71.0287032593,42.011549699,3.59750075007e-12
-71.0638604417,42.0184901907,0.0
-71.0531888287,42.0158145641,3.25752439338e-11
-71.0196636729,42.0095856484,3.59758687086e-12
-71.1897141224,42.0584840793,0.0
-70.9229696884,41.9794344024,7.00587395128e-12
-71.0538580947,42.0192126129,7.00229053294e-12
-71.0486132614,42.0106845303,7.0030589833e-12
-71.0974187351,42.0308416837,1.09936674585e-11
-71.0507660347,42.0176722862,7.00242933705e-12
-70.949722965,41.9863599288,3.59860508194e-12
-71.1093287722,42.035138873,3.59646618941e-12
-71.1042065804,42.0305610063,1.44086607681e-11
-70.869027826,41.959309525,1.47710601661e-11
-71.0912733641,42.0283647721,1.09940314173e-11
-70.9193567295,41.9722377,3.41791436956e-12
-71.2260277044,42.0712325694,4.00718844477e-12
-70.8983002018,41.9704349388,7.19860602736e-12
-70.9858317756,41.9911585918,2.19567788815e-11
-70.9136778338,41.9731690486,1.45889082983e-11
-70.9068229707,41.9721815398,0.0
-70.9896651026,41.9987595472,1.07941845951e-11
-70.9773680366,41.9922792067,1.44160520317e-11
-71.0402219398,42.013186559,4.26325641456e-13
-71.0285283032,42.0106424412,7.00306277561e-12
-71.0745213407,42.0204444112,3.89510822423e-12
-71.125586166,42.0371920132,2.54000780244e-11
-70.8896613701,41.9658460859,3.89829079835e-12
-70.8965651943,41.9696211153,1.45895849108e-11
-71.1360198973,42.0400399286,3.59625119321e-12
-70.9531388004,41.989283404,7.28986826121e-12
-71.0530837602,42.0204687284,4.01006543504e-12
-71.0671029812,42.0210611318,1.79934368936e-11
-70.9125501241,41.9741375864,3.41782669497e-12
-71.0026520494,41.9989987383,3.81860619845e-12
-70.974918548,41.9975401093,2.21658553291e-11
-70.9824242251,41.9973511501,1.45842955521e-11
-70.9313348416,41.9765004115,3.81953541636e-12
-70.9734410435,41.9966717777,4.26325641456e-13
-70.9623051203,41.9910335985,2.21677517754e-11
-71.1250626654,42.0386621881,4.26325641456e-13
-70.8765757586,41.9641999559,3.8983867021e-12
-71.0649401305,42.0186132022,1.10000857657e-11
-70.9083048259,41.969120297,1.80057449568e-11
-71.0185032524,42.0061091381,1.11694876143e-11
-71.0402917807,42.0149146064,7.42309442987e-12
-71.1204798713,42.0360008342,3.59642837869e-12
-71.0723826039,42.0207857293,4.01004747738e-12
-70.9240911973,41.9795626605,0.0
-71.0688651136,42.0223279404,1.48446637523e-11
-71.0884025341,42.0269980607,1.79920293749e-11
-70.9313531676,41.9799728558,3.81939201848e-12
-71.1129717455,42.0337409493,1.11654906523e-11
-71.0702525263,42.0219966247,0.0
-71.0322682775,42.0125361306,0.0
-71.0635717467,42.0224600783,1.11671226601e-11
-70.9716118131,41.995232514,1.83594762476e-11
-71.0655451362,42.0232217259,1.8352972356e-11
-70.9431505755,41.9824243724,2.18398758879e-11
-71.0224450589,42.0045696293,7.42415837422e-12
-71.0646855451,42.0199537684,7.28665539758e-12
-71.0405182328,42.0109840916,0.0
-70.939113964,41.9854092016,7.17720785997e-12
-71.0881570312,42.0262734227,0.0
-71.1302578995,42.0399116624,3.59625682012e-12
-70.8890463611,41.9644170213,3.41827524243e-12
-71.1882354913,42.0590927945,0.0
-70.8088273727,41.9398292177,1.11790675754e-11
-70.9130092038,41.9723903788,2.55895662302e-11
-70.9594222656,41.9902529316,7.42563047802e-12
-70.903532951,41.9729290788,4.26325641456e-13
-71.0556235996,42.0153432535,4.26325641456e-13
-70.8514749117,41.9526961258,0.0
-70.9857057027,41.9947317912,1.11711328231e-11
-70.9954297364,41.9993510635,1.12990811083e-11
-71.0371711679,42.0149198324,1.81707880459e-11
-71.0201726931,42.0040746317,2.57523683755e-11
-70.9011024623,41.9698100155,3.59933039809e-12
-71.0719763436,42.0181292723,3.81781583761e-12
-70.8828824472,41.9650064415,3.59954088374e-12
-71.0878348239,42.0260572757,7.42194823014e-12
-71.0439025229,42.0145857757,3.5973676172e-12
-71.0546934554,42.0172247917,1.79943463329e-11
-71.1500939273,42.0448980986,4.00868124835e-12
-70.8766139273,41.9634819018,7.42838219812e-12
-71.0957664534,42.0272992364,7.42182046099e-12
-70.9070409217,41.9718181199,1.11744452853e-11
-71.09495358,42.0328762854,3.59656543745e-12
-70.851831531,41.9520403698,3.60010895801e-12
-71.0021234006,41.9992735437,0.0
-70.9765280609,41.9903006141,7.42562557571e-12
-70.8607208125,41.9579212455,3.65981305477e-11
-71.0626838265,42.0180771545,1.07916435339e-11
-70.8820274757,41.9662417021,1.11752512363e-11
-70.9350700841,41.9825784693,7.00559080394e-12
-71.0444498049,42.0123232125,4.01052683264e-12
-71.0053733565,42.0062353515,1.11694693616e-11
-71.0444578475,42.0150127713,3.81794460798e-12
-70.9083417405,41.9726545282,7.00648448083e-12
-71.023675089,42.0089123873,3.81819665227e-12
-71.1000276688,42.0302526487,3.89453615226e-12
-71.0616622455,42.0197285461,0.0
-71.0872613614,42.0280947827,3.5967751656e-12
-70.984894416,41.9973987618,1.07943635651e-11
-71.013289899,42.0022215949,1.42732542969e-12
-70.9242818788,41.978998929,1.84233133761e-11
-71.0031792318,41.9988082095,2.57541347954e-11
-71.0323163056,42.0110419047,1.1297194205e-11
-70.9806893333,41.9947509924,1.81755218425e-11
-71.1894504212,42.0578814051,1.81606993296e-11
-71.0084228264,42.0018883838,1.11700979882e-11
-70.9902205137,42.0005672361,1.45836819414e-11
-71.1863375748,42.0602964442,7.16923673367e-12
-71.0011543865,42.0062867198,4.01086872285e-12
-71.0351967904,42.010936499,3.59752763829e-12
-71.0042974918,41.998305534,3.81863483346e-12
-71.1709607634,42.0519564327,0.0
-71.1096887173,42.0309594079,1.11658930873e-11
-70.9957957334,42.0023867016,1.09978477265e-11
-70.9184439891,41.9735139184,1.11742001794e-11
-70.8412398693,41.950823344,3.41890238562e-12
-70.9020065606,41.9698598594,4.26325641456e-13
-70.9856025679,41.9928502385,1.08411320781e-11
-70.9408907581,41.9837103529,1.10005903337e-11
-70.9785115424,41.9942295534,1.84195105579e-11
-71.007324648,42.003176974,0.0
-71.0138882686,42.0043397056,3.59781688476e-12
-71.1261267985,42.0376546161,7.00062838676e-12
-70.9963148644,41.9940727399,1.07948009861e-11
-71.2400010836,42.075221168,0.0
-71.2227055114,42.0706145593,0.0
-71.0264135729,42.0083130976,1.79964587045e-11
-70.9242454262,41.9802905169,3.59887110199e-12
-71.128321094,42.0372980696,1.79895871302e-11
-71.1245957567,42.0421419462,1.08337849308e-11
-71.0663746926,42.0180136447,3.59721729643e-12
-71.2308359565,42.0718422207,0.0
-71.1249296744,42.0387019593,3.596309888e-12
-70.7794751153,41.9302066429,3.90036649854e-12
-70.8585646258,41.9541239977,1.10049332808e-11
-70.9222951453,41.9742619452,3.41782095605e-12
-71.2258905513,42.0702144261,1.0784781455e-11
-71.1622485584,42.0509837149,0.0
-71.0066635157,42.0017937416,7.40744008402e-12
-70.987031784,41.996191249,1.09987576205e-11
-71.0702336033,42.0214993581,1.44104107829e-11
-71.0356816614,42.0103071825,3.59755523294e-12
-71.0771797226,42.0237148194,1.11669411513e-11
-70.863365243,41.9591197725,0.0
-70.911306822,41.9696619842,7.00675393845e-12
-71.1815391247,42.0551094427,3.59559002955e-12
-71.0250026346,42.0066936149,2.57514898799e-11
-71.0531961762,42.0202717362,7.00219508967e-12
-71.1572469111,42.0498840869,1.46974617705e-11
-71.0397188385,42.0121643824,3.59747379653e-12
-71.0902874799,42.0250555573,1.81684085085e-11
-71.1141443598,42.0366041698,4.00915125599e-12
-71.1798845451,42.0559301205,3.5955540184e-12
-70.9587565615,41.9915913482,7.00477904341e-12
-70.9731670714,41.9935151942,1.07948743094e-11
-70.8360045193,41.9500187799,7.29397881838e-12
-71.0135317896,42.0111265273,1.06225126163e-12
-70.987875167,42.0004853269,3.81854478922e-12
-71.0807432281,42.0221765609,1.0791104193e-11
-70.8786837171,41.9619836312,7.29272654412e-12
-70.9189746386,41.976335438,3.59904443782e-12
-71.1126888199,42.0328805636,1.11656151354e-11
-71.0244969037,42.00613757,0.0
-70.8647366759,41.9592876318,1.80080737237e-11
-70.9521832222,41.9831339503,1.83622866877e-11
-71.0145284254,42.0037391759,3.81841037193e-12
-71.1398380728,42.0420556852,1.11642875609e-11
-71.0346874824,42.0080193458,7.40690975995e-12
-71.1473277515,42.0437500854,1.45754397026e-11
-70.896045766,41.9660826577,2.20063562932e-11
-71.0230304206,42.0031698672,3.59786817495e-12
-71.0430813681,42.0127630083,7.42331573001e-12
-71.0764507249,42.0202169931,7.42254902343e-12
-71.0874512349,42.02467068,7.42209087561e-12
-71.0248023271,42.0028391113,4.01106396937e-12
-70.9549699781,41.9882253456,3.82638792921e-12
-71.0883659108,42.0255227057,7.00172187202e-12
-70.969874842,41.9880901046,7.42585283699e-12
-70.9021268527,41.9695255415,3.59934286378e-12
-71.0869214533,42.0233439463,1.45793353307e-11
-71.0680180564,42.0209025271,3.59709060525e-12
-70.9720385076,41.9945646742,7.42518716515e-12
-71.049945769,42.0134568088,4.26325641456e-13
-70.96511231,41.9922406062,7.28955855793e-12
-70.8277952823,41.9451211221,0.0
-71.1253620143,42.0361252571,3.89419357849e-12
-71.0489906205,42.014126049,1.09961233662e-11
-70.9504937929,41.9866572322,1.45863356521e-11
-71.1699812224,42.0513924891,2.22580238134e-11
-70.9527537946,41.9888035442,1.45859262252e-11
-70.9396117093,41.9815177905,1.08428203384e-11
-71.1780333117,42.0552458263,1.09900806807e-11
-71.0099082461,42.000213938,4.26325641456e-13
-70.8952077277,41.970859202,3.31749524431e-11
-71.1082650312,42.033566644,1.09981555239e-11
-71.1245850756,42.0358428744,4.00919439429e-12
-70.9749506373,41.995565042,1.07946047292e-11
-71.0966429264,42.0303622401,1.82568231919e-11
-70.977542314,41.9936028834,0.0
-71.0096823639,42.0053449262,1.44135299085e-11
-71.10248561,42.0293456058,3.59672030304e-12
-71.0144952722,42.0010904436,3.89623675086e-12
-70.9433046271,41.9841595024,4.01212163327e-12
-71.0485517165,42.0120974214,3.59747673275e-12
-70.9152562444,41.973727081,1.06247338027e-12
-71.1357910348,42.0434651321,7.19220185762e-12
-70.9866882344,41.9906265084,1.82668320788e-11
-71.01245207,42.0042341567,3.64088465395e-11
-71.0520362499,42.0142027719,3.81797807531e-12
-71.1949593757,42.0625255971,1.44024855063e-11
-70.9829726298,41.9975398012,3.59811500529e-12
-71.1259394491,42.0375361927,1.09926836868e-11
-70.9156268958,41.9745332062,1.45886481344e-11
-70.9974205824,41.9963240691,2.55814864718e-11
-70.8775929495,41.9641823493,3.89838772785e-12
-71.0002799752,42.0008516129,0.0
-70.868283712,41.960011184,1.07992792549e-11
-70.8599111187,41.9580441193,1.11764358845e-11
-70.9036968426,41.9708980931,0.0
-70.9869869509,41.9926358159,3.81886902835e-12
-71.0910718401,42.0268857852,1.07904845778e-11
-71.1951534226,42.0612612369,3.59532007891e-12
-70.847938278,41.9534126566,1.11771051144e-11
-70.8909148284,41.9671022098,3.41815134412e-12
-71.0393043352,42.0161850632,1.44114369709e-11
-71.0107535993,42.0048795323,1.44136197549e-11
-70.7850061746,41.931073092,0.0
-70.9678979508,41.9928681622,3.59831980006e-12
-71.0178306179,42.0081000796,7.28789733744e-12
-71.0901659621,42.0260895332,0.0
-70.9794645927,41.9929755773,7.17640298305e-12
-71.1303611066,42.0389921259,1.84083283569e-11
-71.1183036761,42.0376438411,1.48415122633e-11
-70.8526712563,41.951797289,7.29379269185e-12
-70.9195789231,41.9770703037,0.0
-71.1163849872,42.0361994997,1.11651349324e-11
-70.968591337,41.9907569626,1.44163458394e-11
-70.8888795336,41.9669838265,1.11751439826e-11
-71.0068484445,42.0026106549,1.84174175189e-11
-70.9818492279,41.9952150797,4.26325641456e-13
-70.8847774862,41.964578493,7.42826950792e-12
-71.1412456947,42.0415440031,2.1755692637e-11
-71.0689341939,42.0193001141,1.11675797585e-11
-71.0273602447,42.0079620998,7.42380949185e-12
-70.8991518868,41.9704273528,0.0
-70.9493700109,41.9877965834,1.47656933624e-11
-71.1591287463,42.0500262657,1.8162544497e-11
-71.059194163,42.0181890987,1.82598901769e-11
-70.8472997144,41.9537488257,3.41876743116e-12
-70.9975674806,41.9973342356,0.0
-70.9683169892,41.9914382438,3.81891849312e-12
-71.0036415764,42.0016563581,3.59793453158e-12
-71.0490135404,42.0173752582,1.1167858183e-11
-70.8840367388,41.9653550712,7.29237363103e-12
-70.9605148947,41.9898336441,4.26325641456e-13
-70.8625043632,41.9594463068,0.0
-71.0378516038,42.0148969279,4.26325641456e-13
-70.9271641303,41.980264238,7.00579921965e-12
-70.9729733259,41.9935742059,1.1171300197e-11
-70.819051062,41.9428067875,4.26325641456e-13
-71.0190925508,42.008911597,7.00321872558e-12
-71.0235795379,42.0059005708,0.0
-71.1036653867,42.0298212178,3.89456131795e-12
-71.2067987704,42.0638620768,3.59520594197e-12
-70.7777055747,41.9299402572,0.0
-71.1133265896,42.0348193005,1.12933553091e-11
-70.9176488037,41.9763164812,1.83638701094e-11
-70.9202310571,41.9785189954,7.42683673588e-12
-71.0846693736,42.0231814613,2.54048427224e-11
-70.9117747213,41.9711156516,1.11745468161e-11
-70.9221707274,41.9742244359,1.07974108513e-11
-70.9009155659,41.9706593727,2.17754404822e-11
-71.0082969764,42.0073818597,1.42730261762e-12
-71.2588731856,42.0816621176,3.82083648132e-12
-70.9484694898,41.9881114333,2.18381934638e-11
-70.8326439997,41.9479811527,7.42997488651e-12
-70.9586089959,41.9866979141,1.45863278918e-11
-71.2465667361,42.0775189943,0.0
-71.1155891419,42.0347648456,1.47006034232e-11
-70.949907259,41.9883599822,4.01188382724e-12
-71.0004746425,42.0064012712,7.19545299104e-12
-71.1533384236,42.0485347277,0.0
-70.9817834744,41.9967263405,1.44151936485e-11
-70.9232857076,41.977625327,1.84236562912e-11
-71.1291797902,42.0415004555,1.48407185708e-11
-70.956920579,41.9871843513,3.81909418986e-12
-71.0131566616,42.008144139,3.89582549817e-12
-70.9640948618,41.9921245561,4.26325641456e-13
-70.9140527523,41.9736612504,1.11741788841e-11
-70.99463407,42.0050549723,1.07933565728e-11
-71.0052938839,42.0017960941,1.81738684777e-11
-71.1334076019,42.0421524857,7.19231703169e-12
-70.9544557779,41.9887099291,1.08417489226e-11
-71.0927627559,42.0304625387,7.28555414619e-12
-71.0451955921,42.0144966679,1.09960689214e-11
-71.0981975511,42.032516419,1.44082830971e-11
-71.0281273955,42.0070137707,1.45824518803e-11
-71.2000634959,42.0637700769,3.81592934542e-12
-70.8317861059,41.947061857,1.80109687355e-11
-71.0439998276,42.0128363577,1.79953865791e-11
-70.8933990117,41.9660566918,1.10031819579e-11
-71.141296458,42.042847925,1.116417292e-11
-71.1510508606,42.0491177929,1.11632655868e-11
-71.0165767001,42.0075816173,3.59767474198e-12
-71.1562254373,42.0501863376,3.89337318484e-12
-70.8253038437,41.9456326376,0.0
-71.0607259544,42.018972156,1.79939321116e-11
-71.1015039358,42.0284991999,1.11662490161e-11
-71.2110209001,42.0656041268,1.8535327773e-11
-71.0012556706,42.0006126895,3.89626460348e-12
-71.1263805395,42.0384640426,1.06208885306e-12
-70.997476157,41.9990084434,2.18349693007e-11
-70.833537354,41.9473525829,1.81329631384e-11
-71.0371293622,42.0145135512,7.28722541534e-12
-70.9905540544,41.9948033829,0.0
-70.9532556131,41.9853092207,0.0
-70.9038733365,41.968276936,3.41809713883e-12
-70.9408692308,41.9861078037,3.81913865234e-12
-70.9586889824,41.9842389,4.26325641456e-13
-70.8221628953,41.9446898941,1.8371213375e-11
-70.9614919645,41.9896075059,4.01181319649e-12
-70.9882163143,42.0026751749,1.4414045306e-11
-71.1616959351,42.0507348641,0.0
-70.8620749103,41.9572185538,7.007874239e-12
-71.1416886286,42.0470219167,7.19188976659e-12
-71.1093956042,42.0321773357,3.59659609605e-12
-71.0999757349,42.0302266311,1.07900449788e-11
-71.0040107194,42.0033137418,7.00372306473e-12
-71.0326777949,42.0124409981,7.19492333399e-12
-71.1584934137,42.0491708999,0.0
-70.9269542193,41.9805199257,1.07965831427e-11
-71.010931284,42.0042235545,1.08394373943e-11
-70.9005834591,41.9721589163,1.81808225129e-11
-71.0094717798,41.9996537862,0.0
-70.9200617511,41.9775867063,1.08434058968e-11
-70.876148815,41.9619667106,1.84275648376e-11
-71.0804378645,42.0270430473,7.17277764373e-12
-71.077413662,42.0215745573,7.00207768319e-12
-71.0982257477,42.0301873804,1.08355673905e-11
-70.8580917637,41.9572801129,3.59987940656e-12
-71.0480900357,42.0120839835,3.597477322e-12
-70.9819992616,41.9919258753,7.00474891132e-12
-70.9987628814,42.0033766269,2.19954046648e-11
-71.1360848918,42.0407225567,0.0
-71.1193228695,42.0359660057,7.42092877283e-12
-70.9945743785,42.0007272548,0.0
-71.1095504098,42.0377958804,3.59634963567e-12
-71.0223507645,42.0089327992,1.08387355939e-11
-71.0211348194,42.0082536639,4.26325641456e-13
-71.1029329351,42.0334927623,7.28523655954e-12
-71.0580008787,42.0179461467,3.59722025646e-12
-71.0198930085,42.0084999774,3.59763447482e-12
-71.0633727206,42.0173080975,7.42284824032e-12
-70.9075582521,41.9700583487,0.0
-70.9740592729,41.9908794678,3.59840697561e-12
-70.9508879575,41.9888629209,3.59849536928e-12
-70.9414474117,41.9854989754,7.42611921835e-12
-71.1555920603,42.0475823899,7.41973339894e-12
-71.0017539369,41.9998812255,3.5980123565e-12
-70.9791572546,41.999473579,1.79985536552e-11
-70.9832865845,41.9994967322,1.11704438319e-11
-70.9204471872,41.9767691061,1.80039331471e-11
-71.0032662405,42.0055185978,0.0
-70.9994255086,42.0022921166,3.4165271042e-12
-71.0146968415,42.0111733819,3.59751725124e-12
-70.8850855651,41.9659138538,1.81822874113e-11
-70.8338740964,41.9484730746,3.41901080022e-12
-70.9939298568,42.0026191757,1.06230179431e-12
-70.9055086577,41.9701748198,1.07979432367e-11
-70.8708292909,41.9578445944,1.0799564027e-11
-71.1414491087,42.0419266929,7.2843525389e-12
-70.9440555866,41.9843495332,3.81921126915e-12
-71.0854147678,42.0237820486,7.17312476647e-12
-70.9070499844,41.9715290109,1.10023786842e-11
-70.9684784928,41.9866719493,3.81911535265e-12
-70.8984584968,41.9695898179,7.42775449607e-12
-71.0298692968,42.0069123796,3.81827928001e-12
-71.0721476586,42.0201430163,3.59712391396e-12
-70.9291433997,41.9767685997,3.89765437661e-12
-71.1298815732,42.0436406606,3.82309668582e-12
-70.9845940188,41.9929099399,1.08411231831e-11
-70.93005738,41.9792584839,4.26325641456e-13
-71.147940389,42.0470398932,4.26325641456e-13
-71.1022402577,42.0365429274,1.09928296562e-11
-70.9682869637,41.9926719629,1.09992744371e-11
-71.2254681127,42.0713341315,1.85625114579e-11
-71.2169115262,42.0680159125,3.59502364264e-12
-70.924559392,41.980990746,2.91748330216e-11
-71.0667260837,42.0225209222,4.26325641456e-13
-70.9893676401,41.9963553833,2.18357543331e-11
-70.9425750123,41.9857925881,2.19582606396e-11
-70.8625205663,41.9568482446,4.26325641456e-13
-71.1685941274,42.0518607289,2.55627253201e-11
-71.0116643098,42.0047552574,3.59779866515e-12
-71.0550994095,42.0186232842,7.00234363978e-12
-71.1081965075,42.0314374639,4.26325641456e-13
-71.0452020232,42.0144828114,3.28252757614e-11
-70.9827241631,41.9944167612,3.59825191444e-12
-70.9991125109,41.9983430202,0.0
-70.8967349302,41.9711007457,7.42759920974e-12
-70.9091215781,41.9741792095,1.45887156471e-11
-71.06220857,42.0201879413,7.00220264093e-12
-70.9749446057,41.9923409199,0.0
-71.0268923978,42.0086153336,7.42374231078e-12
-70.8313421745,41.9481710008,0.0
-70.8322425799,41.9474222266,1.11779706337e-11
-70.8920302086,41.9681814391,3.81987892682e-12
-70.8880815888,41.9644247645,7.00722548127e-12
-71.0528090852,42.0162246716,0.0
-71.1603377904,42.0486530747,1.82522136495e-11
-70.9822883111,41.9944498713,2.5253187937e-11
-70.9139320965,41.975769883,0.0
-71.0355929096,42.0063648274,0.0
-71.0309068896,42.0108267826,3.82504600011e-12
-71.0512477337,42.018408514,0.0
-71.015805197,41.9989804236,3.29950440024e-11
-70.8874471835,41.9655765785,1.10032524295e-11
