-78.0206733391,43.8822934561,3.46553216936e-12
-78.0355725304,43.9886564078,1.05040533995e-12
-78.0436504282,44.0266953583,2.13162820728e-12
-78.0406425258,44.0018253366,3.41060513165e-12
-78.0361669985,43.9758522102,1.05048262502e-12
-78.0879802443,44.2328703419,0.0
-78.0790546817,44.2070015253,4.30684609302e-12
-78.0176469477,43.8564571484,3.88587843179e-12
-78.0121636238,43.9566183121,1.70530256582e-12
-78.0168355644,43.8701808266,5.2615462828e-12
-78.0285569928,43.9452776607,1.70530256582e-12
-78.0586412238,44.0917179389,0.0
-78.0140665966,43.8433714338,1.70530256582e-12
-78.0662135409,44.1439298628,1.04946757665e-12
-78.0481511582,44.0530947783,3.41060513165e-12
-78.0809215098,44.2197244435,7.45090724403e-13
-78.0617239148,44.1305488742,2.98427949019e-12
-78.0120354898,43.8968823432,4.26325641456e-13
-78.0242861046,44.034420036,1.70530256582e-12
-78.0321771596,43.9641874941,4.43643382225e-12
-78.014288055,43.8300387704,0.0
-78.0461807606,44.0404698114,1.41826023019e-12
-78.0537578914,44.0653064008,3.04652083678e-12
-78.0747380669,44.1941563693,6.11335373326e-13
-78.0686537727,44.1731476518,1.04929100632e-12
-78.0207667627,43.8955112565,5.96855898038e-12
-78.0202317504,43.908714141,7.47732845326e-13
-78.0622861668,44.1174020372,4.84675124193e-12
-78.0746829511,44.1844968365,3.88534312706e-12
-78.0254316275,43.9080871867,6.14295372711e-13
-78.0399912774,44.0138920066,7.46840482181e-13
-78.0583864439,44.1040111525,4.26325641456e-13
