341.308124897
12.99817536
0.0639173816433
2.11325318157e-05
5.04195812529e-08
1.17590561396e-10
5.24112868363e-13
1.81102728469e-12
1.73233876226e-12
1.81102728469e-12
1.73233876226e-12
341.149911458
13.1659272345
0.0655412104592
2.26808668115e-05
5.41557142782e-08
1.31348979877e-10
2.57606506102e-12
9.05537142568e-13
1.27897692437e-12
1.31482518967e-12
1.31482518967e-12
341.179364203
13.3627294623
0.0674640518501
2.4300154742e-05
5.80432476825e-08
1.33654124286e-10
2.57607347557e-12
1.31484167578e-12
1.41699986247e-12
1.31484167578e-12
1.31484167578e-12
