2876.34135452,1175.37398826,62.62,-0.54
1976.28342792,1219.97682858,62.62,-0.54
1760.30290116,1020.59491218,62.62,-0.54
2895.45931922,1208.7281411,62.62,-0.54
1995.62473406,1256.08087217,62.62,-0.54
1779.07732561,1057.45104011,62.62,-0.54
2902.52017545,1220.84353109,62.62,-0.54
2002.6942023,1269.18803584,62.62,-0.54
1785.93853095,1070.80158741,62.62,-0.54
2897.85876693,1212.66179055,62.62,-0.54
1998.03294877,1260.36193753,62.62,-0.54
1781.42008706,1061.82270551,62.62,-0.54
2893.08605719,1204.63825613,62.62,-0.54
1993.22720848,1251.65676671,62.62,-0.54
1776.7482753,1052.94582862,62.62,-0.54
2940.30366408,1283.51515801,62.62,-0.54
2040.32681262,1337.27592275,62.62,-0.54
1822.4484203,1140.23985922,62.62,-0.54
2935.65577692,1275.99912441,62.62,-0.54
2035.71287287,1329.0733724,62.62,-0.54
1817.95737621,1131.8670258,62.62,-0.54
2871.52996261,1167.17789678,62.62,-0.54
1971.55171726,1211.10305835,62.62,-0.54
1755.73948919,1011.55184686,62.62,-0.54
2914.96375637,1241.15777794,62.62,-0.54
2012.50730428,1286.89718532,62.62,-0.54
1794.51402473,1087.30733719,62.62,-0.54
2873.99493846,1171.29554819,62.62,-0.54
1973.96283536,1215.58780866,62.62,-0.54
1758.06045996,1016.12758742,62.62,-0.54
2887.66994304,1195.60582526,62.62,-0.54
1987.85248489,1241.80710215,62.62,-0.54
1771.54545824,1042.8934813,62.62,-0.54
2914.42714322,1240.24242965,62.62,-0.54
2014.55300725,1290.30689716,62.62,-0.54
1797.44465918,1092.35498708,62.62,-0.54
2869.24440066,1163.07310231,62.62,-0.54
1969.28121517,1206.65232567,62.62,-0.54
1753.53830947,1007.01708362,62.62,-0.54
2923.89296286,1256.40216783,62.62,-0.54
2023.95851015,1307.8275447,62.62,-0.54
1806.57185906,1110.22166223,62.62,-0.54
2907.28822481,1228.40204262,62.62,-0.54
2007.42412023,1277.45039914,62.62,-0.54
1790.52085776,1079.24831115,62.62,-0.54
2937.98772419,1279.81050903,62.62,-0.54
2038.03285082,1333.21559578,62.62,-0.54
1820.21408247,1136.09803581,62.62,-0.54
2921.46705529,1252.41669943,62.62,-0.54
2021.54148592,1303.49168193,62.62,-0.54
1804.22046146,1105.79301778,62.62,-0.54
2888.2943719,1192.97303596,62.62,-0.54
1985.71671263,1237.75888906,62.62,-0.54
1768.206635,1038.20081863,62.62,-0.54
2929.2335827,1265.31186515,62.62,-0.54
2026.69922427,1313.09496465,62.62,-0.54
1808.26654,1114.03732426,62.62,-0.54
2890.67584082,1200.58205263,62.62,-0.54
1990.83978827,1247.3041398,62.62,-0.54
1774.44255939,1048.52193907,62.62,-0.54
2866.93574927,1159.01544262,62.62,-0.54
1966.97033876,1202.23364521,62.62,-0.54
1751.30908319,1002.5192724,62.62,-0.54
2904.96998621,1224.59069944,62.62,-0.54
2005.10245736,1273.30660517,62.62,-0.54
1788.27777973,1075.01977703,62.62,-0.54
2909.70582107,1232.27638114,62.62,-0.54
2009.8158993,1281.64337762,62.62,-0.54
1792.84388675,1083.51884331,62.62,-0.54
2933.27688643,1271.99794035,62.62,-0.54
2033.32655058,1324.73742483,62.62,-0.54
1815.65511566,1127.44925845,62.62,-0.54
2928.55170841,1264.15347126,62.62,-0.54
2028.54883615,1316.39382094,62.62,-0.54
1811.00949773,1118.95957678,62.62,-0.54
2878.57092284,1179.39661952,62.62,-0.54
1978.53228703,1224.34895059,62.62,-0.54
1762.48634088,1025.05617093,62.62,-0.54
2880.84699642,1183.48619017,62.62,-0.54
1980.81137676,1228.78269136,62.62,-0.54
1764.69998306,1029.58269821,62.62,-0.54
2919.07033317,1248.34111373,62.62,-0.54
2019.15117838,1299.07457055,62.62,-0.54
1801.89417966,1101.2877041,62.62,-0.54
2930.89767042,1267.97943114,62.62,-0.54
2030.85427332,1320.50310136,62.62,-0.54
1813.24188538,1123.14729813,62.62,-0.54
2882.99574035,1187.48626414,62.62,-0.54
1983.2136804,1232.51690953,62.62,-0.54
1767.06247626,1033.48037357,62.62,-0.54
2900.23672487,1216.75903388,62.62,-0.54
2000.3918725,1264.76500933,62.62,-0.54
1783.71470653,1066.30436128,62.62,-0.54
2916.68339278,1244.29178253,62.62,-0.54
2016.79835859,1294.6664261,62.62,-0.54
1799.62337377,1096.80037607,62.62,-0.54
