-70.5852916213,39.9417539699,5.54223333893e-12
-70.2965695721,44.6727597659,2.21618999909e-12
-70.7121789987,47.0390458564,4.4188209881e-12
-70.9110272861,37.7984786792,0.0
-70.1280804125,41.48650984,1.70530256582e-12
-70.9197640275,47.9040878609,2.62103962413e-12
-71.8431710313,40.3686313467,2.55795384874e-12
-70.8954049266,41.2380039365,0.0
-70.8667896124,38.4804823152,8.52651282912e-13
-70.3879457259,41.4567957625,4.26325641456e-13
-71.0200084495,45.7393001322,0.0
-72.0202117861,46.2309448228,1.70530256582e-12
-71.2555079825,37.7866073912,7.97386848357e-13
-71.603846208,43.4742630945,7.5140619148e-13
-70.5397360241,46.4468773586,4.26325641456e-13
-70.4121897505,43.9078291153,5.15265695018e-12
-70.1952987594,41.3644280362,5.11590769747e-12
-71.5249750043,45.7332693683,4.26325641456e-13
-71.4223897252,38.4803536479,4.31519136864e-12
-70.6933799412,41.5940943366,2.22496314815e-12
-72.0491230714,41.4094808213,2.55795384874e-12
-71.9017614016,48.1326130235,2.20628103653e-12
-71.253011068,40.0914374031,3.47242190586e-12
-71.1590752578,37.1753350878,3.8966139828e-12
-71.6271031594,44.0743234587,2.63028110102e-12
-71.8967082648,42.774596643,0.0
-71.5763683198,37.724354256,0.0
-71.333198352,46.4119279022,4.26325641456e-13
-71.679559778,41.6948279012,1.42868286933e-12
-72.2088583662,50.7930179996,1.78845113966e-12
-71.1349646091,45.5955666958,1.27897692437e-12
-71.6828368941,47.1958263502,0.0
-71.3340409743,41.2395943985,1.27897692437e-12
-71.5354254779,40.5840230765,3.05372607677e-12
-71.7830116232,43.2749947217,4.30821742367e-12
-71.5028621225,36.5476188103,3.06188379968e-12
-71.6783464551,40.0971626771,2.55795384874e-12
-70.7268878679,41.9546956523,3.4690492889e-12
-70.2161865616,43.4632535245,0.0
-71.1943973987,40.4415656442,0.0
-72.2380453946,48.9011246105,5.60499234956e-13
-69.9098607177,44.4047660573,1.04789005695e-12
-71.7675454878,39.0115147432,4.26325641456e-13
-72.1174837603,48.7935908157,1.39688709359e-12
-70.2590903119,42.1281315449,0.0
-71.575738161,45.5387728743,0.0
-71.8598004337,37.0970938879,2.55795384874e-12
-72.3119719279,49.1284824966,5.78947972288e-12
-70.7661095072,40.1996668539,3.41060513165e-12
-70.4324914982,39.7582751725,1.70530256582e-12
-71.3725225857,43.0088338187,3.4671284407e-12
-70.444376037,42.7322207686,0.0
-70.4889068802,43.6816350155,2.98427949019e-12
-71.2900903313,37.1414809493,1.27897692437e-12
-70.6735778491,41.6388415881,3.46962328325e-12
-71.2412315234,44.5540735478,0.0
-70.9638638634,40.285465177,3.8369307731e-12
-70.9608375085,37.8353473204,1.08650235332e-12
-71.2523902137,39.1356859122,7.8686283806e-13
-70.5421690375,41.724059634,1.82017612824e-12
-71.2998767992,43.9630678032,0.0
-71.0617442278,44.7936769419,1.41488764425e-12
-70.7537673583,41.8176398157,1.27897692437e-12
-71.8736162043,49.0206625029,4.72279969263e-12
-71.4839218417,36.243668148,1.45212754096e-12
-70.6415970514,39.2646949135,0.0
-70.6554461225,40.0886265639,4.26325641456e-12
-70.5460445112,42.8496283729,8.52651282912e-13
-72.1111147674,48.1088497741,4.99093300893e-12
-70.4812990171,43.8686569337,6.14702164097e-13
-70.769239832,42.915709201,3.88741156405e-12
-71.8921062317,47.0405838265,3.41060513165e-12
-71.8309551203,44.7657180693,1.27897692437e-12
-70.4436981628,40.631685838,1.70530256582e-12
-72.0064683839,48.9491501448,2.13162820728e-12
-70.7727265731,40.488267089,6.39488462184e-12
-71.2396181047,45.5634153389,3.46245373545e-12
-70.6779579021,42.8283011329,6.00122764582e-12
-71.1027021997,44.6422850216,1.41556629343e-12
-70.9330812769,40.2489710381,7.77990689076e-13
-70.4117730108,41.0099626427,6.39488462184e-12
-70.6822337482,42.5822396861,4.73141934482e-12
-70.5342586038,43.2219197018,2.55795384874e-12
-71.3595569321,44.729417951,7.40738797345e-13
-71.1656196406,39.0260391562,3.0569078071e-12
-71.7775973779,48.3468790523,0.0
-70.5631755448,44.7669740478,0.0
-72.152405976,47.4404728041,1.40298249035e-12
-70.8864474406,38.6470128841,4.31495249034e-12
-70.3357009855,44.8100713667,0.0
-71.5230477995,41.949007364,4.31016271507e-12
-70.5413178084,42.0033925141,8.55002234839e-12
-71.2909310746,42.2325705136,3.05032652797e-12
-71.6869241172,38.7996876629,3.41060513165e-12
-70.2064843392,41.7071410502,4.73258675821e-12
-71.3038899957,48.2022313528,1.02468211164e-12
-70.4206482457,40.6746550517,0.0
-70.8337674263,45.3088981156,7.35758920979e-13
-71.345304316,43.2485740762,1.70530256582e-12
-70.6903191404,43.3380605834,1.70530256582e-12
-70.7093698979,39.9700827588,6.00422347734e-12
-71.9401510852,47.5545618228,2.2079344547e-12
-70.6506511987,39.7887783133,6.00441199825e-12
-71.5057997323,48.9650030772,8.52651282912e-13
-71.6624226437,46.6662071663,0.0
-71.3129633929,44.3127361152,2.55795384874e-12
-71.5579202427,48.3801465407,8.52651282912e-13
-70.6284942146,40.9047637162,4.26325641456e-13
-71.3868431863,46.5003102463,7.25418661523e-13
-70.2979126799,39.8484260319,4.31322128888e-12
-70.8369614515,44.0724642759,1.29724746244e-12
-72.1829779258,50.6842195577,4.26325641456e-13
-70.8402796076,40.9534176378,1.70530256582e-12
-71.1790863095,39.2876136794,1.27897692437e-12
-71.1482699878,44.162763479,1.81168042263e-12
-70.7964870858,41.2497501265,5.11590769747e-12
-72.0953200734,48.5415452794,2.205112778e-12
-70.3648161875,44.9802711773,3.41060513165e-12
-70.5617511469,45.4052981094,5.11590769747e-12
-71.7013991524,42.4208565133,2.13162820728e-12
-70.7478426407,39.1806601264,0.0
-71.751988408,44.5384231325,0.0
-71.3924310819,42.1181795706,2.22347725376e-12
-71.699165279,47.5378503638,1.70530256582e-12
-71.873426527,44.4085879343,4.26325641456e-13
-71.8964718419,49.8543044346,4.26325641456e-13
-71.8628956456,50.142910663,1.68231415648e-12
-70.3131115583,40.3632101232,1.27897692437e-12
-71.3854009828,44.5381993088,1.41603266812e-12
-70.4370799515,41.7055339999,7.35850854276e-12
-71.0134297834,39.8156106602,2.64046589702e-12
-71.3260952016,45.9332111951,2.55795384874e-12
-70.5654755684,40.3310183252,0.0
-71.3222188096,37.0659086837,8.52651282912e-13
-70.0809890537,41.2236429067,4.26325641456e-13
-71.2795211338,38.761720221,1.08122775399e-12
-71.1958646007,44.3439706426,1.70530256582e-12
-71.3010850651,47.6845638359,1.40188267684e-12
-71.2249275164,37.212257024,8.52651282912e-13
-71.3584509712,43.9926146771,7.47021101456e-13
-71.323507618,44.3988630453,1.04792578803e-12
-70.4775346177,40.8522308536,4.26325641456e-12
-71.5865508072,45.5159064554,8.52651282912e-13
-71.4914623164,46.9210291321,3.41060513165e-12
-71.8842631392,47.6264351789,3.8797248923e-12
-70.6938416171,44.4066160737,4.72897618432e-12
-70.6643722067,43.3204642154,6.39488462184e-12
-71.5258135103,38.2304397409,2.13162820728e-12
-70.7732363194,39.553664207,3.41060513165e-12
-71.7642228531,45.3246876004,2.62726382236e-12
-71.923747026,45.7867434836,1.27897692437e-12
-70.3802501203,41.453179297,0.0
-71.1231377314,43.406395014,4.26325641456e-13
-71.5785273267,46.4075288565,2.43443147598e-12
-71.4408800409,44.4540583036,1.41640954507e-12
-70.9091015776,44.1550313904,6.42407787219e-12
-72.1657332543,35.1251577831,3.89979205937e-12
-71.2486942975,38.815759239,2.13162820728e-12
-71.2282298734,43.6669185666,1.27897692437e-12
-70.9782382218,43.8898285706,5.15267909758e-12
-71.352125141,44.779924538,4.26325641456e-13
-71.6734995919,46.938379955,2.62336769457e-12
-71.8269816736,42.8285311227,0.0
-70.7573555176,43.8459177398,1.81278898246e-12
-71.0643929913,45.9208429401,1.70530256582e-12
-69.9859261846,43.2672448111,0.0
-70.8471277075,43.1942763956,8.52651282912e-13
-70.9495668793,38.6758474382,5.15903230754e-12
-71.0171987898,46.322387434,1.03621801513e-12
-70.5099351936,40.1700076946,1.0730881339e-12
-70.9192017493,42.8737752384,1.70530256582e-12
-71.3923715498,43.1303583024,2.22059734669e-12
-71.109026708,44.963399522,4.26325641456e-13
-70.4618390254,40.8909884594,1.06886908465e-12
-70.8082770186,42.1377158105,2.13162820728e-12
-70.928967738,39.7100725177,7.27715780972e-12
-70.5039206106,44.3971762057,0.0
-71.0218704764,43.6670560509,3.04734942644e-12
-71.3821392912,42.7254354788,6.84990859229e-12
-71.6062152494,48.5719897459,1.02240619614e-12
-70.9889968477,43.9801811683,5.57609137515e-12
-71.5764644555,45.2224878316,8.52651282912e-13
-71.3048191579,37.3550041699,1.44746245508e-12
-71.633170679,45.3408043144,1.04220776356e-12
-71.631358802,45.8205368174,4.26325641456e-13
-71.3032438909,41.0256078084,2.98427949019e-12
-71.2052568534,44.6190424519,0.0
-71.2366441914,46.2182319755,2.62510604815e-12
-71.4944012475,39.8472534306,1.43677390098e-12
-72.0842655541,49.1008658655,2.40633273128e-12
-70.4255609561,44.3783870357,2.55795384874e-12
-71.6011480131,46.5835835486,4.26325641456e-13
-70.8049410543,41.4458311746,8.12536288953e-12
-69.8238272544,43.3256569651,2.13162820728e-12
-71.575391727,48.4288578981,4.26325641456e-13
-71.0813673205,41.0242055408,1.27897692437e-12
-70.7840724089,45.5885058402,2.98427949019e-12
-70.480773916,40.3262523994,4.26325641456e-13
-70.4305541464,41.2479244784,2.22594232358e-12
-71.2509272246,44.9976160966,5.57493387738e-12
-71.1689072609,41.324606412,5.15582458451e-12
-71.1759934053,40.0731482244,1.07365236239e-12
-71.1214202072,39.4281221394,1.27897692437e-12
-69.7035276135,42.7161768002,4.26325641456e-13
-71.5482656145,46.579188866,4.26325641456e-13
-69.8361934801,43.3720059409,3.8369307731e-12
-71.0547148705,43.9842847147,0.0
-70.6498086495,44.2960817593,7.27318463735e-12
-71.8466660596,48.1667015763,1.7976273552e-12
-71.4613128128,46.5457072616,4.26325641456e-13
-71.3922666975,49.2001465784,1.79400665756e-12
-70.8993452944,43.8381120997,5.11590769747e-12
-71.4372479532,36.5828990918,1.27897692437e-12
-71.5309294631,40.5959219939,0.0
-70.6160436553,39.7159732244,1.07572752391e-12
-70.9981060679,47.2220490903,5.79085701643e-13
-71.2701514792,45.5632137752,1.80677001974e-12
-70.5201165997,44.3266969805,0.0
-71.7224386409,43.2034332008,0.0
-71.6898092052,48.4433939198,3.45718774322e-12
-71.3838751577,38.7109131159,5.5820264207e-12
-71.2513236613,42.8912589366,4.26325641456e-13
-70.4083618673,44.4210894351,3.04578008995e-12
-70.5857056308,43.6400829433,2.98427949019e-12
-71.1830925755,42.8498967122,8.52651282912e-13
-71.8594831719,44.2271964758,4.30681635493e-12
-71.3152690409,45.7677144235,0.0
-72.2370834548,48.8572506899,1.79520690851e-12
-70.8497967912,46.1971996691,0.0
-70.3950224436,40.9114838649,6.44367523362e-13
-71.1677352421,48.0427083937,3.59612469208e-12
-71.4822654198,40.0452496075,4.26325641456e-13
-71.2404699049,46.6277930493,0.0
-70.236754467,44.9699004964,1.80885208693e-12
-71.2407139489,37.7189525846,1.44592024017e-12
-70.6334947634,40.4819667116,3.41060513165e-12
-70.9607710828,41.4862468579,3.41060513165e-12
-71.4601336914,43.9317313713,3.41060513165e-12
-70.7337273375,44.0876248679,4.26325641456e-12
-71.615035982,45.7251572204,0.0
-72.1959109314,43.7615059717,2.21879607383e-12
-71.3772186191,45.9022418826,2.55795384874e-12
-71.328612871,44.7764991082,8.52651282912e-13
-70.4392068864,40.9300933802,2.86409338937e-12
-70.4187072586,44.9385660861,5.57500107711e-12
-71.8432387603,47.3488805991,2.55795384874e-12
-70.9399133594,44.8008063927,4.84317233886e-12
-71.1586747768,40.0553680662,3.0548095733e-12
-71.2481065173,41.9603068901,0.0
-71.6491232567,41.0469022113,0.0
-71.561552447,45.2944224075,1.27897692437e-12
-71.3647647677,41.9252177011,7.64330468514e-13
-70.1810624876,41.2904358557,4.73314117936e-12
-70.3447607333,42.0281524835,3.88885412679e-12
-70.5799012042,40.7483200775,3.05338861493e-12
-71.6122561079,45.7315821639,5.57409863597e-12
-71.0695380664,38.6776403406,0.0
-71.6453467803,46.097070194,8.52651282912e-13
-70.4700342492,42.3272376873,1.27897692437e-12
-70.6194659888,41.0859273314,2.98427949019e-12
-71.3166141241,44.395771028,4.26325641456e-13
-71.4936651863,41.9576760573,3.88896846964e-12
-70.7791347134,40.5461074273,2.63873494669e-12
-71.0880405433,42.5415765185,4.68958205602e-12
-72.11258431,46.3134461437,8.52651282912e-13
-70.8358408356,38.2892189874,0.0
-71.1348068676,44.0290617953,0.0
-70.7592578671,38.7387165694,6.65074594195e-13
-70.2632353188,42.3610269619,2.47621069408e-12
-69.7700572081,43.9584555371,3.88571201868e-12
-70.460351235,38.8799147555,8.52651282912e-13
-70.4509111237,44.9452077598,1.04461311607e-12
-71.2136304299,42.614437781,3.41060513165e-12
-71.6682126326,44.0521378365,2.13162820728e-12
-70.1531936978,43.318294963,0.0
-69.9772023522,41.2568349635,0.0
-71.7322387862,44.3364256685,2.98427949019e-12
-71.4234869036,43.8309973955,6.15090415686e-13
-70.4767300768,42.3474257022,1.06025053886e-12
-71.9188249206,49.6413088699,1.01581790262e-12
-71.1521200218,38.4156702098,0.0
-72.084383125,45.1365561136,1.80826746379e-12
-70.8261482339,39.1352268914,4.31425086573e-12
-70.1335880783,43.7082745631,1.81327020265e-12
-71.4624702473,45.2726534331,6.84755116599e-12
-71.1382133213,44.0636843454,0.0
-70.8385983073,39.2563178442,4.46306577217e-12
-70.4721108648,42.7278734998,3.8369307731e-12
-69.7861467779,42.2296222254,3.41060513165e-12
-71.2891617732,46.4681910552,2.98427949019e-12
-70.5279527211,42.8921524343,5.57732726321e-12
-71.3359518687,45.5763536149,7.33449330269e-13
-69.7441573397,43.4546893651,8.52651282912e-13
-71.596326402,47.109745873,0.0
-70.9389031697,47.9584869494,2.98427949019e-12
-70.0788189002,42.6347340173,1.05853653537e-12
-70.8403765642,41.9879713028,4.31010568208e-12
-71.9030443406,46.4200099997,3.04161475981e-12
-70.4624224971,42.8254153635,8.52651282912e-13
-71.5051640388,40.2269134005,4.31267286527e-12
-72.095374784,44.0182971288,2.13162820728e-12
-71.7196343319,48.323119557,7.09358009327e-13
-71.8246067235,45.2866702581,2.21443186409e-12
-71.8833259509,47.8173745383,1.79885309727e-12
-71.2241960203,43.4586763475,3.8369307731e-12
-71.2511528556,43.8851801275,7.77166314501e-12
-69.9443579662,42.0214298816,3.05076344207e-12
-71.6234770674,46.4412369129,0.0
-70.8164867686,44.0689336756,8.52651282912e-13
-70.753265535,41.4878465849,1.42959522562e-12
-71.0704243282,45.3164639519,2.2143465076e-12
-70.9141833982,44.6201575818,4.26325641456e-12
-71.0050304596,43.6728130089,2.21904941251e-12
-71.2582078472,47.8425335335,1.40117090917e-12
-71.6121336463,43.7113166026,7.49404415992e-13
-70.4659757648,40.7703048285,3.89088933364e-12
-71.0460790893,43.5687329314,4.30778549336e-12
-70.7259187622,38.0578630123,1.44447804578e-12
-71.3117582855,41.4914082785,2.63648318287e-12
-71.6452208103,47.8170528694,1.79885422628e-12
-71.9672190931,49.871838117,6.95514522596e-13
-71.2249877328,41.1126726523,7.70996053707e-13
-70.3882341396,41.7217377087,4.26325641456e-13
-71.2361404603,39.1404719902,1.82904263256e-12
-70.9825707783,47.8397727223,2.20711839667e-12
-71.2375055149,38.8846414877,8.52651282912e-13
-70.9988783625,45.3307291109,0.0
-71.3831248082,44.6353013354,3.46415385477e-12
-70.7285505491,42.5666114993,2.55795384874e-12
-71.1015260691,45.2102693861,1.70530256582e-12
-71.2235912243,41.3961210021,4.26325641456e-13
-71.4033090862,47.0701169786,8.52651282912e-13
-70.7743000226,47.3757996384,1.80040341667e-12
-71.5317704244,38.0465966372,4.26325641456e-13
-70.8667545277,45.1444222355,1.27897692437e-12
-71.1445541748,46.0462851623,8.52651282912e-13
-70.7313535478,42.1395163582,1.79854207368e-12
-70.481239296,44.430568995,1.81074262714e-12
-71.6214646796,48.1341145802,1.39985721846e-12
-71.5545783573,46.4293223643,4.26325641456e-13
-71.1716896963,47.1273657506,1.03128677717e-12
-70.1995196063,44.014606954,4.26325641456e-13
-70.7195846461,41.1974819972,2.22608484257e-12
-71.4367651111,40.398501987,3.05410672567e-12
-70.4160293786,42.663228127,1.27897692437e-12
-72.041881198,44.4506108793,2.62937362393e-12
-72.0432844642,48.7130232242,0.0
-70.902010477,39.5491993986,3.47339631796e-12
-71.0376198537,37.9481271972,1.83306922436e-12
-71.1771273551,43.4993294717,7.51194812392e-13
-70.6031642282,43.5064462108,3.04768338081e-12
-71.5059445119,41.5880161225,0.0
-70.5067663973,44.3857358345,1.04800524244e-12
-70.8286538057,43.6948533063,3.04729161503e-12
-72.0472306401,46.2726739533,3.04192172766e-12
-70.3986543524,40.6549700189,3.8369307731e-12
-69.8603783571,41.6541845497,4.26325641456e-13
-71.6929638285,46.4113564842,8.52651282912e-13
-70.038914498,41.5879070292,2.22498066618e-12
-71.6632567893,43.9735760034,5.15257605166e-12
-71.4850980161,44.7236988279,3.04514975894e-12
-70.8503952833,42.7216214143,7.57720306129e-13
-71.070701761,38.382385625,6.00586614531e-12
-70.6916006503,39.603717876,2.98427949019e-12
-70.8797388249,45.2146453036,1.4129987665e-12
-71.9121042122,49.3146479247,3.58721229857e-12
-70.4690919193,41.7110455462,3.88936834263e-12
-71.6558665153,46.1825636878,1.45637854213e-12
-70.2546169973,41.6247395064,8.52651282912e-13
-70.6472095815,43.5450838583,3.46614882284e-12
-71.3715446934,40.1926034133,1.07295641902e-12
-70.7804186372,39.1144780114,1.07920213467e-12
-71.2442416024,48.2194934209,3.03787189242e-12
-71.1422494112,44.0822492098,2.02567681724e-12
-70.7221504917,41.6615363831,3.8369307731e-12
-71.3834205002,47.7742387295,3.5980090063e-12
-71.1137285198,46.1934181985,1.70530256582e-12
-71.0776675041,38.0929217631,1.83258281446e-12
-71.4876929982,38.4849204149,8.52651282912e-13
-71.6457393643,44.1715619481,0.0
-71.6203785016,42.0136969599,1.27897692437e-12
-71.5448372787,39.800785484,1.82679340236e-12
-72.149668831,43.002522589,3.46713996145e-12
-71.5173689602,38.2677181637,3.8948922045e-12
-70.4374965872,41.4341522175,7.24753590475e-12
-71.8282567031,46.2861467896,2.21156771368e-12
-71.5897397772,44.108018184,3.41060513165e-12
-71.3689198566,41.0588313021,1.70530256582e-12
-71.5710684036,43.8808345762,4.30732627119e-12
-71.2787478312,42.0696547785,1.70530256582e-12
-70.5137650381,44.6931893118,1.70530256582e-12
-71.0397341999,41.9644073762,1.81934326313e-12
-71.4212272555,46.5068329801,4.26325641456e-13
-70.3015385037,43.8697576837,0.0
-70.7756844203,40.0799964545,3.89200042741e-12
-71.4473877482,39.6449898589,1.07613889229e-12
-71.3184908765,45.2822465422,5.99863501955e-12
-71.3339155043,46.5183428224,1.80341537889e-12
-70.8460801036,44.0413019924,1.70530256582e-12
-71.4354267024,39.2619169751,1.43930974993e-12
-72.0298662202,47.188678293,3.20140184904e-12
-70.5811370909,44.1920955599,3.04625690858e-12
-71.5854601544,40.9629447466,3.47084866399e-12
-71.551778887,46.5716573945,0.0
-70.5222581288,40.0240794292,1.07393796024e-12
-69.7807147657,42.547449746,4.26325641456e-13
-71.1831535929,47.7878326744,4.26325641456e-13
-71.34394146,40.4305773349,0.0
-71.8954277085,45.0565555497,1.80854812626e-12
-70.1034321489,43.9930648485,3.46532951231e-12
-70.6185086909,42.1797046649,1.27897692437e-12
-71.0629959603,47.4294088854,8.52651282912e-13
-71.590709795,43.4219859104,4.26325641456e-13
-71.0013829806,38.5387278177,2.55795384874e-12
-72.1360416661,50.5450887455,0.0
-71.6002895258,40.7614121501,0.0
-71.3715227333,43.1738560748,0.0
-70.3114683856,42.6124539431,8.52651282912e-13
-72.2301210593,50.9115162775,2.13162820728e-12
-71.0021949085,44.208774543,2.13162820728e-12
-70.697796592,43.0541392729,1.27897692437e-12
-70.9700869714,45.9332858556,1.46071281573e-12
-71.96901617,47.6361781584,3.03908348889e-12
-72.2158678841,47.042646054,1.70530256582e-12
-71.416937956,43.8303017943,3.41060513165e-12
-71.169285331,46.9329449766,0.0
-71.7480037632,42.9918638603,8.52651282912e-13
-71.1367210514,46.2307110756,4.42345316952e-12
-71.6195555529,47.4496344629,2.2082347887e-12
-71.5158303514,46.9296896531,6.21892739821e-12
-71.5371327167,48.1124979894,7.11227440039e-13
-71.3776574771,48.3281280561,8.52651282912e-13
-71.3050934113,44.490667708,0.0
-71.073482025,40.8240856554,4.26325641456e-13
-71.344297197,43.5272848882,0.0
-71.4697970791,44.8512086122,3.8369307731e-12
-70.5676651907,45.0635159772,2.44839610219e-12
-71.653261392,45.0561051562,2.62791230661e-12
-70.7698157621,45.5128483396,3.46254637384e-12
-71.6586676618,43.6719610962,4.26325641456e-13
-71.7910813248,44.1588744706,3.04632606823e-12
-71.2560284412,45.0379716639,1.41379180356e-12
-70.8834554353,42.71807578,0.0
-71.2278903399,48.2467682665,1.79734652114e-12
-70.5195026289,39.0544390146,4.3143671531e-12
-71.9664501623,36.1359666765,2.55795384874e-12
-70.5281415697,40.2229570533,1.27897692437e-12
-69.891352616,42.0748715945,2.13162820728e-12
-71.0457790158,41.689826631,4.26325641456e-13
-70.7674378395,42.176701089,4.26325641456e-13
-71.5258579653,46.2789524965,2.13162820728e-12
-71.3878415681,44.5059099842,8.52651282912e-13
-71.9707722813,46.2515926647,4.83556653276e-12
-70.7370565657,42.1124062677,0.0
-71.1309923372,42.4699576581,4.26325641456e-12
-71.1202569167,45.1969415653,4.0207052186e-12
-70.5279852664,41.6355515833,3.8369307731e-12
-71.5118169758,48.1932514486,2.13162820728e-12
-70.9267490878,42.4043160515,4.30949572547e-12
-71.5939407041,48.7946481825,1.0210350093e-12
-71.7489384749,44.6380559769,2.98427949019e-12
-71.6037720864,42.0044642915,3.24217743283e-12
-71.392248965,37.5608891138,1.27897692437e-12
-71.5639954021,41.8814606379,8.52651282912e-13
-70.645788139,42.3678007097,8.52651282912e-13
-71.0440200397,45.4990178768,1.41172145429e-12
-71.0459313057,41.2706854946,7.70057433527e-12
-71.0479440497,37.788526927,2.13162820728e-12
-70.3485290492,39.4231480554,1.27897692437e-12
-71.7331792253,48.2239823125,0.0
-70.0677829532,42.0457685678,1.81906106839e-12
-71.5084799902,48.1583397718,1.79765668677e-12
-70.2043019788,44.0164720596,2.13162820728e-12
-70.5713702414,40.7471796762,1.06971326985e-12
-70.9290955681,39.1000102887,3.47420064319e-12
-70.0481981625,42.1968679003,7.62084173673e-13
-71.5876826083,47.9397030396,4.82672403146e-12
-71.3935315611,44.1273667067,2.55795384874e-12
-71.0231451824,45.9718092335,3.46170561271e-12
-71.5242120726,46.338615033,1.03611876168e-12
-70.7784011491,47.2968518466,2.13162820728e-12
-72.2703631995,50.2516629532,2.13162820728e-12
-71.8363673776,43.5235673269,3.88642132523e-12
-70.3176663186,42.1562265988,1.27897692437e-12
-72.0598785075,47.6008009407,3.45872501959e-12
-70.2364559436,41.1049176645,1.43127943828e-12
-70.6468073868,42.6411047278,2.13162820728e-12
-71.318469506,45.2661979824,4.0202680818e-12
-71.671698578,42.3949118289,0.0
-71.4604838039,37.3917949884,1.27897692437e-12
-70.6413860473,44.0444823211,4.72946181739e-12
-71.2133703369,42.5851822596,8.52651282912e-13
-70.0776583439,41.7088642607,1.70530256582e-12
-71.7680022099,46.7220622169,3.88119918722e-12
-71.646326718,46.7752893907,1.80251271387e-12
-71.4258626717,44.9271896823,0.0
-70.9557032156,39.3845973855,1.27897692437e-12
-70.6717953579,40.6917897117,1.82373904685e-12
-71.1693799659,42.8448284541,3.04905754556e-12
-70.4896677412,42.1373473095,3.88867690191e-12
-71.473471065,40.7775128675,1.06953531563e-12
-71.5246875669,43.8096563894,1.70530256582e-12
-70.8147673504,45.1944460073,4.26325641456e-12
-71.6099279395,36.49678134,4.31800655501e-12
-71.7895141682,47.4200167684,5.24441204194e-12
-70.8191651277,38.2875992435,0.0
-70.9923920792,44.6233400392,1.27897692437e-12
-71.2939052053,42.4201554273,6.29442601346e-13
-71.0978637458,46.165181223,2.98427949019e-12
-70.5399407818,39.5906638254,5.11590769747e-12
-71.0452852583,41.5555334561,7.27556765381e-12
-70.8296835062,40.1941359873,1.07294748413e-12
-70.8076610731,44.552117709,5.99940715913e-12
-71.0638044284,40.8265515911,3.64655061603e-12
-70.4174261545,40.1297032303,1.82566833704e-12
-71.4436355116,47.5213420368,0.0
-70.8119344913,42.400083789,0.0
-70.3434894354,43.8607623927,5.57622714989e-12
-71.6214589164,49.3501643823,2.20280718051e-12
-71.2968260937,46.2532193079,2.55795384874e-12
-71.9128691283,43.3099776868,8.52651282912e-13
-70.839886703,40.8994037866,2.13162820728e-12
-70.1853019303,42.8209930836,3.41060513165e-12
-71.1804844235,46.0385530005,4.42455458677e-12
-71.1706360441,39.9466532541,6.5367879245e-13
-70.8158612928,46.3037778705,0.0
-71.4387563797,37.562323553,6.53619550265e-12
-70.6137210044,41.6386706353,1.27897692437e-12
-71.0411638916,40.777875743,2.22726869521e-12
-71.6047221693,40.6135867083,6.4275576617e-12
-71.2097691185,47.0291597248,5.81189335864e-13
-70.5660788885,40.2614282305,1.27897692437e-12
-70.9113853078,46.0420871121,2.13162820728e-12
-72.014257417,47.9036066235,5.80145606109e-12
-71.163876974,39.2535768313,2.13162820728e-12
-71.1594594322,39.6329012231,4.31353296889e-12
-72.0525209935,45.7508524243,2.62623469594e-12
-71.0106832865,47.3190404821,8.52651282912e-13
-70.879440113,38.9665471481,2.23233923158e-12
-71.9876276823,48.8771966377,3.41060513165e-12
-70.8406959779,43.6471190849,1.70530256582e-12
-71.9597811217,49.1246674196,0.0
-70.1778808883,42.2323875165,1.27897692437e-12
-70.2500992329,40.828501812,4.26325641456e-13
-72.0064469581,35.1694730466,5.11590769747e-12
-70.2402712273,42.0530126533,1.06200240499e-12
-70.42051425,42.2969032412,7.61254765352e-13
-71.7481794477,48.1522019944,7.10875294363e-13
-71.9424050326,47.1332776087,4.00847743608e-12
-71.607466101,40.5689976183,1.27897692437e-12
-70.803343362,43.5102385649,4.26325641456e-13
-71.9744969849,48.3471439586,7.09144560879e-13
-70.054512212,42.8321043736,8.52651282912e-13
-71.455530824,42.4986497757,1.42512731972e-12
-70.0884466146,41.3465065094,4.26325641456e-13
-71.7148998582,46.1257512331,2.2120273896e-12
-70.80965445,39.2617301633,2.13162820728e-12
-71.5212859545,44.8289451596,3.04493048312e-12
-72.0390805758,47.9061201616,2.62103473008e-12
-71.4183144398,41.7585116908,8.52651282912e-13
-70.4461181395,41.0993442521,2.63741858944e-12
-70.3930771548,43.7355534791,6.16073205679e-13
-70.4942371698,40.9315553358,2.63781828247e-12
-71.2411479206,45.0620709501,1.04390311363e-12
-71.2766079811,44.4099362819,8.52651282912e-13
-71.4594233012,42.2773645039,6.8212102633e-12
-70.4853288281,42.1440510775,1.27897692437e-12
-71.449455181,45.8871106351,1.03887764062e-12
-70.8828966043,43.8577343729,3.46557709474e-12
-71.2345475374,43.8770965604,5.15269476234e-12
-71.336945451,42.4616664592,0.0
-70.8498739648,41.3465400832,1.27897692437e-12
-70.7415829455,40.4835673406,1.27897692437e-12
-70.5893305051,41.6409645631,1.70530256582e-12
-71.73846472,48.5255617067,2.61954437132e-12
-71.3605696574,46.0776029004,1.27897692437e-12
-70.6253610588,40.4529255706,1.27897692437e-12
-70.8539210663,39.4370740239,2.23102890199e-12
-71.0418405416,44.8037779594,5.54223333893e-12
-71.2221120917,41.6083435724,1.82057669516e-12
-71.6156185391,46.5250006938,2.62436539355e-12
-71.0997504177,37.7161970667,3.05955246466e-12
-70.2198170178,41.3981982296,3.88987494215e-12
-70.4442446618,40.6074367413,1.27897692437e-12
-71.2601713269,39.4242669727,1.43860785669e-12
-72.0814963846,49.7467764917,6.96638372563e-13
-71.5685997951,38.8194441964,8.52651282912e-13
-70.8135193007,46.587510943,1.03459558648e-12
-71.0465356631,38.0820268395,0.0
-71.0379504246,42.494393675,3.04978421837e-12
-70.548340181,41.931942951,0.0
-69.9664571666,42.1496430087,1.42667341052e-12
-72.1539449329,44.0017399977,0.0
-70.504220987,43.7199074968,2.13162820728e-12
-71.1932248144,46.106563333,1.80486190213e-12
-71.2989517704,44.2938195121,8.52651282912e-12
-71.0073093809,38.1568972199,7.94523742008e-13
-71.1368714068,43.6517297727,0.0
-71.5245586474,47.0490554194,1.80155101844e-12
-70.8811344102,38.7952448711,2.98427949019e-12
-70.8054432749,40.6788366822,8.52651282912e-13
-71.6147353889,36.5557159628,1.27897692437e-12
-70.2445897586,42.6750214304,7.5810912956e-13
-70.8792791205,42.0439105178,6.3320595435e-13
-71.6303103809,44.6321768968,4.26325641456e-13
-71.5233680613,46.1144794253,1.40895395512e-12
-72.1253006636,49.2908743316,4.26325641456e-13
-70.708982265,40.0464070429,2.63991995292e-12
-71.4266416716,46.2430155374,4.26325641456e-13
-71.3143387643,43.4883425287,3.04772101538e-12
-71.6579985472,40.4567397069,2.98427949019e-12
-71.4192716877,46.3240133542,2.21145919468e-12
-70.7744243154,47.0690824851,1.70530256582e-12
-72.0185667909,44.3653345612,3.41060513165e-12
-71.1552851434,45.4976742131,1.04125249032e-12
-71.1386556425,47.2138528299,2.62270315347e-12
-71.2453309894,41.2593123449,3.05233701039e-12
-71.6699295746,46.405479793,2.55795384874e-12
-70.4570762174,42.1792553384,8.52651282912e-13
-70.7196177917,43.0642011471,1.27897692437e-12
-71.4403989396,43.7741757646,8.52651282912e-13
-71.7745925881,43.2378951394,1.81491289918e-12
-71.3737154618,44.6811259528,1.27897692437e-12
-71.0129203473,42.4236428203,2.63425166013e-12
-71.3232367639,41.4733196726,2.98427949019e-12
-71.2963298818,44.2949470598,1.81121763267e-12
-71.0644809699,45.4375338741,1.80721121781e-12
-71.0451169803,41.1640543453,3.47048450062e-12
-71.2154595578,44.0799373874,2.21788601943e-12
-71.634438662,46.3134290071,2.62487618913e-12
-71.5711919594,41.294884904,2.13162820728e-12
-71.4469669935,46.5829263472,7.24696801304e-13
-70.7023703636,40.6972976377,1.43306669138e-12
-71.1268592422,41.1650954511,5.54223333893e-12
-70.7077310189,45.8527872024,0.0
-71.5045240681,37.3960089179,8.52651282912e-13
-71.2918615758,40.1934208247,6.51314855181e-13
-70.9508245563,38.4739943205,4.26325641456e-13
-71.4682895298,44.9494461771,2.13162820728e-12
-71.8541563334,36.0926973987,8.52651282912e-13
-70.332603706,40.6752363937,7.70106005445e-12
-71.6783572363,43.1677554836,8.52651282912e-13
-71.2466125326,37.9851430962,5.96855898038e-12
-71.5746914062,38.8160908451,1.70530256582e-12
-70.5809683192,42.4861955108,2.13162820728e-12
-70.6300392819,40.1466783069,2.55795384874e-12
-71.4639531582,45.84551434,2.55795384874e-12
-71.1501202839,44.4708264572,2.98427949019e-12
-70.7747964871,41.5662246786,5.11590769747e-12
-71.9667909932,48.2435427847,4.00147361886e-12
-71.0992657295,41.0038927379,4.0470028622e-12
-71.1059965586,41.8170006133,2.55795384874e-12
-70.7055972169,46.3112513618,5.14969768897e-12
-71.1601556982,42.7557787455,1.05781314716e-12
-70.6647910938,41.5027594642,4.26325641456e-13
-71.3271633543,45.1668626306,7.36982621574e-13
-70.8171304339,42.3298711185,5.11590769747e-12
-70.5052960304,44.2011974032,1.41754139431e-12
-71.056412418,42.9866803553,4.26325641456e-13
-70.4824788856,42.5158911774,5.05441109283e-12
-70.4018892801,40.5443343131,4.73413099882e-12
-71.3011542677,43.0175499787,2.63282544444e-12
-70.5212057684,41.6559778267,8.52651282912e-13
-70.6778394806,45.5254611971,3.21454259901e-12
-70.7449719918,46.3876989818,1.27897692437e-12
-71.7718104484,47.4522070975,1.22941926429e-12
-71.1264878748,41.4633886494,4.26325641456e-12
-70.5386710194,40.8100066199,0.0
-70.8960817031,39.8752713824,3.65307777123e-12
-71.0497311945,45.1448556595,3.88377481676e-12
-70.2661839357,41.0530053003,2.637529013e-12
-71.4486893625,39.489117028,7.84064176488e-13
-71.0616000739,43.1326326028,1.42231042265e-12
-71.608883947,44.8349503046,2.6284461697e-12
-70.7826112426,42.8772949332,1.27897692437e-12
-71.7639644478,47.7671661969,4.26325641456e-13
-70.7478748183,38.7838224033,0.0
-70.8238610325,43.9988437139,0.0
-71.1576903192,43.4865848683,7.51302293403e-13
-70.8414793078,43.3857335734,1.05403679632e-12
-71.3742612853,39.5605137958,2.23068430109e-12
-71.5151058963,45.1741562838,5.15109783007e-12
-71.5943830326,43.7202943442,0.0
-70.7977866213,40.0967464431,2.22918347437e-12
-71.551883107,45.7683419252,6.08594545452e-12
-71.4933512261,46.2024778097,4.26325641456e-12
-71.4172194145,41.5814554621,2.22499893178e-12
-70.8199739075,38.1214903033,8.52651282912e-13
-70.8142423425,45.9685560971,3.04255545805e-12
-71.2882006612,39.7952015431,6.55123639061e-13
-70.5330340038,43.1782701036,7.53896964528e-13
-71.0902255759,45.3964071012,4.84005053839e-12
-70.1601440425,40.9833458859,1.06832625255e-12
-70.3695773593,43.2186302541,3.23269360766e-12
-71.2058488886,45.5942484208,4.26325641456e-13
-71.1219555918,42.9523296478,1.81590866794e-12
-71.4823436396,44.195473811,3.46495910403e-12
-72.1408705346,48.998006408,1.70530256582e-12
-71.1642224421,45.1534562661,1.27897692437e-12
-70.8870348594,43.5156736647,1.81394317109e-12
-70.9727204503,42.3721798958,2.22275573133e-12
-70.8478408115,37.907619872,2.2352680289e-12
-70.4582497772,44.3813143287,7.4371393766e-13
-71.3634334734,45.3289100822,2.08456032348e-12
-71.6049525674,45.9067034916,0.0
-70.8362082416,38.7797506704,0.0
-71.9157919356,49.2717741771,4.40606078505e-12
-71.3254476791,37.1509169429,0.0
-70.6202270163,44.6523155691,1.27897692437e-12
-70.8121387283,43.7606671929,8.52651282912e-13
-70.1054778176,42.2292048098,4.26325641456e-13
-70.9950952964,41.0007829705,2.55795384874e-12
-70.8991662728,41.4258395986,7.68436641633e-13
-71.3982318719,44.9393874186,6.03552984394e-13
-70.6471240847,43.7083729928,3.04726349611e-12
-70.3675247232,45.9184537266,3.8369307731e-12
-72.1030970963,43.2957442585,8.52651282912e-13
-71.1548699405,39.8783686143,1.07478509319e-12
-71.0068667679,42.4753071048,2.13162820728e-12
-70.6702176381,43.7734937073,0.0
-71.027677472,40.2687185439,1.82519194948e-12
-70.4100293595,40.9961724576,2.55795384874e-12
-71.4433244936,41.8947599637,6.34690269694e-13
-71.5133628161,37.5197175789,1.83450397071e-12
-72.0301486944,49.4906226968,1.01674667475e-12
-71.7284236376,44.418735159,4.26325641456e-13
-70.7331402937,42.813339887,1.05746889127e-12
-70.4423561524,39.8470956185,1.70530256582e-12
-71.1432065371,42.3778368587,6.2986724647e-13
-71.8339402412,40.1590759454,8.52651282912e-13
-70.5543453445,45.039060721,3.04449265848e-12
-71.6532975654,47.5626268159,2.55795384874e-12
-70.8833977418,47.1243460204,1.70530256582e-12
-70.7230641492,41.2254661349,4.26325641456e-13
-70.1204924407,43.5854559208,6.39488462184e-12
-71.3690795073,48.5689690413,3.03714707036e-12
-71.5218674596,38.3220902125,2.64397509721e-12
-70.0543073275,41.1397445739,3.47052854073e-12
-70.7902297424,41.239618701,0.0
-71.3533822805,43.904031495,1.27897692437e-12
-71.1266570565,42.3110686335,3.05016399468e-12
-70.7030360591,43.9732085467,1.41856090165e-12
-71.7446695157,48.2785109052,8.52651282912e-13
-71.2007799482,44.3786391698,4.26325641456e-13
-71.1636585592,39.7128751131,2.13162820728e-12
-71.2197964639,38.4472458976,3.05808021114e-12
-71.2610688014,39.1668712072,8.52651282912e-13
-70.231372375,43.4176142773,5.15325984486e-12
-71.7102663482,45.2578075849,3.8369307731e-12
-70.5300864427,41.5454264004,8.52651282912e-13
-70.126424232,41.6142223645,0.0
-70.3171034921,44.9327679008,6.39488462184e-12
-70.3809048049,40.0545449934,2.63990068647e-12
-71.1200631769,45.0201254449,6.02703689692e-13
-71.1455744527,45.7541814529,3.88277945765e-12
-72.0858729797,45.3131482682,2.62729168601e-12
-70.8040130091,39.1115344576,1.70530256582e-12
-70.5233381809,40.3573409252,8.52651282912e-13
-70.8193815061,44.9405607844,1.41422886743e-12
-70.9904624362,43.6476075599,6.51284831383e-12
-70.4735701538,46.448147478,0.0
-71.0810420485,43.8217193231,4.43724809416e-12
-71.4717625958,42.5161503028,2.98427949019e-12
-71.5743192492,40.2012626257,1.07290593382e-12
-70.4992274097,43.1607754575,5.54223333893e-12
-71.4916558966,46.7738220476,2.98427949019e-12
-71.4505531722,38.0072958811,4.26325641456e-13
-71.4269057703,45.0624040273,4.26325641456e-13
-71.47380397,44.7026710697,1.27897692437e-12
-70.8648646572,45.8614765627,3.8826042051e-12
-72.0382981251,47.5414790951,4.82880774312e-12
-70.6328263414,45.7439428677,1.80613545201e-12
-70.4510614271,40.9482599558,3.41060513165e-12
-71.3323791371,43.5207780402,7.51013886525e-13
-70.546816047,44.1047421913,4.26325641456e-13
-71.0390778124,46.6900954122,4.01127596342e-12
-70.7165552238,43.4068171464,2.21980879038e-12
-70.8570661468,43.0904549888,2.55795384874e-12
-70.7357740985,38.9015994317,5.15876117906e-12
-70.7539977867,40.0475997796,1.43590268817e-12
-70.6747834282,43.372629973,1.05411553959e-12
-71.2824087246,37.7672735458,4.26325641456e-13
-71.0930588177,39.4280135438,1.43859164562e-12
-71.8605180489,36.974061924,2.13162820728e-12
-71.7728695959,41.3577265362,2.22563194617e-12
-70.9639344479,42.5072684672,2.22237165497e-12
-70.1720965185,42.4026330716,2.63430205389e-12
-70.6238884454,41.8025935244,8.52651282912e-13
-71.8764214733,46.9469095073,1.80190982812e-12
-70.3303582574,44.843955317,4.26325641456e-13
-70.4725502297,39.39065814,4.26325641456e-13
-71.7955773548,41.8903159074,4.26325641456e-13
-71.0469719264,43.6631461636,3.04735755774e-12
-70.5897937062,42.6097326705,7.58653467545e-13
-70.5554910468,39.462770171,4.68958205602e-12
-71.7839159014,44.7310890288,1.8096894903e-12
-70.974046828,41.9846702142,0.0
-71.4382421733,41.968304061,7.63974772752e-13
-69.8191797405,42.3890532128,6.00169037203e-12
-69.6421112347,43.1095975482,4.26325641456e-13
-71.9458847146,47.6422722453,3.82131832846e-12
-71.3949282124,39.0710967792,6.85325552477e-12
-70.8948841249,42.7714940013,8.52651282912e-13
-71.3214323371,40.8355140447,4.31178834632e-12
-70.2200838648,40.1453593187,1.07323177552e-12
-71.0203339246,38.1992741754,3.47580483479e-12
-71.5237514285,44.9183337698,4.26325641456e-12
-71.556382753,49.0703934732,1.39564118071e-12
-71.3330146474,42.5537742341,1.42488280954e-12
-70.670225091,41.4123358415,1.82125455941e-12
-71.230407334,38.2601569181,3.8949041821e-12
-70.4852264087,42.2830967385,7.69974549581e-12
-71.3048416392,45.2351763419,4.26325641456e-13
-70.8425915781,43.9015095484,3.04686171032e-12
-71.9232835583,46.4096456539,2.98427949019e-12
-71.4680424607,38.4973713908,2.64356554725e-12
-71.5798156466,44.255544328,1.41729822479e-12
-71.4704878322,37.9574970322,4.26325641456e-13
-71.4266428622,39.0413919012,3.41060513165e-12
-70.3801795829,44.1408251493,1.70530256582e-12
-71.0368451782,38.2727650407,7.93623840201e-13
-71.3163749449,40.9140132898,7.7261328521e-13
-71.0703159555,43.853771636,0.0
-71.1052427408,39.9993416084,7.79994379031e-13
-70.7723458455,41.5281500578,1.82085413179e-12
-71.4752589198,39.4062423834,2.55795384874e-12
-70.5040639673,41.9825106706,1.06242122067e-12
-70.7114176659,46.6821527312,2.62398604704e-12
-71.4449495213,45.4105571006,2.62705647107e-12
-70.2056908857,44.2195935516,1.04901025044e-12
-71.4836036149,42.0455954235,0.0
-70.8407250117,46.407068758,1.70530256582e-12
-71.317255843,37.3222388069,3.060341588e-12
-71.4141856072,40.5924849581,1.4335252872e-12
-71.8255029995,46.4004537288,4.26325641456e-12
-71.0760024192,45.5357603298,2.21371817634e-12
-71.2306803287,39.1691561909,4.26325641456e-12
-71.3903964784,37.5613847352,3.41060513165e-12
-71.7908939626,47.3004462432,1.80066804916e-12
-70.7689358194,38.8838606151,2.98427949019e-12
-70.8969278477,39.4275079585,8.55191155644e-12
-70.4326980665,44.179372221,1.27897692437e-12
-71.7972520452,40.6823057725,1.27897692437e-12
-71.2702461264,37.2745278829,1.27897692437e-12
-71.1352693029,45.2781598737,0.0
-71.7617655494,42.2318752826,0.0
-70.4954071714,42.7538830146,7.27452782766e-12
-70.8008756113,44.9242350815,2.21546999152e-12
-70.8277427185,45.0441783838,7.69747345338e-12
-70.6216552014,39.2046236807,5.96855898038e-12
-70.7106596516,42.1915058574,5.15476459366e-12
-70.4633282027,41.4294903816,1.27897692437e-12
-69.8064435644,43.6147332546,2.98427949019e-12
-70.4230258681,45.019241757,3.04453395877e-12
-71.0261903741,43.7813443153,1.27897692437e-12
-71.3076742757,43.3857803399,4.26325641456e-12
-71.0984945999,37.1028120246,1.44852702737e-12
-71.5107133781,38.2536212405,2.98427949019e-12
-72.0193473715,50.1500181885,4.29812357416e-12
-72.1514653126,48.5712906988,0.0
-70.6217787683,42.9762209331,1.81582540566e-12
-70.2028807407,41.6083604538,7.66939372964e-13
-71.6255805083,37.0551923137,2.13162820728e-12
-71.5234165747,45.1108597668,6.01747814413e-13
-71.1523512086,44.0294650349,8.52651282912e-13
-71.0202175588,38.0875413789,6.39488462184e-12
-72.1100538144,46.8076494608,0.0
-71.0529924941,42.4405390595,4.3094426137e-12
-71.8373801795,42.4975186477,1.27897692437e-12
-70.7002815727,44.6226180407,5.99933261205e-12
-69.7182310156,42.9783447932,4.30865332059e-12
-70.2016527517,40.7792980974,3.47118085646e-12
-70.5005233847,43.6627334935,3.46593372754e-12
-71.6900636158,47.1717229714,2.13162820728e-12
-71.134161243,40.4043803846,1.82472656208e-12
-71.6275672242,47.4374660073,4.00655729973e-12
-71.6756297477,43.401511982,6.1949936519e-13
-70.3257373222,40.3235349113,3.47200374096e-12
-71.3015226979,46.6470963966,4.30325158582e-12
-71.8889819955,48.7001458938,4.72322633535e-12
-70.125266984,42.550341537,1.27897692437e-12
-71.6493551804,48.3359852552,4.26325641456e-13
-71.6118229969,42.2059969397,1.70530256582e-12
-70.5041942234,43.9749554696,1.70530256582e-12
-71.400992359,46.0037447432,1.03816550374e-12
-71.7490622313,47.637884671,5.57193262684e-12
-72.1369535818,47.3203500047,3.60119629538e-12
-71.9370718247,46.1677862295,3.20947000682e-12
-70.3491022917,44.0654589298,3.88553740898e-12
-71.4368160916,39.7994485901,4.3132921574e-12
-70.7972553287,39.8271393176,2.64043864768e-12
-70.7513199152,41.585217817,4.26325641456e-13
-71.3240605067,40.7163225807,3.05345436295e-12
-70.2474902706,44.8641339935,4.26325641456e-13
-71.6578145598,49.7258858419,1.01529657854e-12
-71.6677294917,43.1370057259,5.15360467656e-12
-72.1250913655,48.0320235897,1.70530256582e-12
-71.1817088975,47.3596072543,7.17881560401e-13
-71.9525421308,42.5794747399,1.05886652865e-12
-70.608599744,41.8720639235,4.26325641456e-13
-71.9392849471,41.2827868736,4.26325641456e-13
-70.9402739625,39.1123527517,3.47417857931e-12
-70.7945903492,39.9114491897,1.82641521072e-12
-72.1325393266,45.7914268911,2.21298552765e-12
-70.9448681917,44.6209993112,0.0
-70.4676208105,40.1340040502,6.51885150695e-13
-71.8066585826,35.6715285319,3.41060513165e-12
-71.6297176534,49.5420064871,4.4045224448e-12
-70.3033196656,44.8593222002,2.13162820728e-12
-71.4723955172,47.0674280538,3.04026656422e-12
-71.4356626821,45.1802018461,5.99874294155e-12
-71.2226153776,44.6828176254,0.0
-71.5253215473,39.2565053988,3.8369307731e-12
-70.3847592955,45.4225346024,2.08342031882e-12
-70.4740130446,39.0267642261,4.26325641456e-12
-70.6468036491,44.3230072514,8.52651282912e-13
-71.02075089,43.1803928774,6.21755739424e-13
-71.9492745051,44.2591544391,1.81134296404e-12
-70.604606124,40.3673980261,8.95283847058e-12
-71.5656265819,40.7966758617,1.70530256582e-12
-70.222892336,41.9676554791,4.26325641456e-13
-71.856751262,44.7209631117,1.8097249877e-12
-70.8407598779,38.8509678775,0.0
-70.6529991071,38.9335953887,1.70530256582e-12
-71.204036174,44.3272015709,2.13162820728e-12
-70.7727968009,43.2579700811,8.52651282912e-13
-70.2068280308,40.7327061199,7.74084909513e-13
-71.0047333034,42.1797733966,4.26325641456e-12
-71.5190290469,47.548273764,4.72476402309e-12
-70.6632509965,45.6069299851,2.44275760287e-12
-71.7100356889,45.5540319362,8.52651282912e-13
-70.7477872861,47.2644494642,0.0
-70.7904980887,40.1830295997,4.26325641456e-13
-71.5399377813,41.9786064872,2.13162820728e-12
-70.6633189355,46.3586682447,2.21135988093e-12
-70.8034031469,42.2481585374,2.13162820728e-12
-71.2974265503,45.851357527,8.52651282912e-13
-71.1828148871,46.2053754786,2.07386698656e-12
-70.7927664299,46.2413342654,6.8212102633e-12
-71.0662770409,41.9678032777,7.67386154621e-12
-70.2142886018,41.0692424687,2.55795384874e-12
-70.8635412742,47.8517393102,1.70530256582e-12
-70.2149002799,42.5301511452,7.59316301808e-13
-70.8038902655,43.4036088466,8.52651282912e-13
-71.4362766412,41.3193885273,1.82157571403e-12
-70.6853072938,44.3369781058,5.54223333893e-12
-70.5310769942,42.6233438403,3.8878872382e-12
-70.4481403845,41.7841889933,2.13162820728e-12
-71.0632467655,45.3795353094,2.62713138114e-12
-71.8569455596,50.3837435562,2.77948000235e-12
-70.6039865022,44.7262836181,3.04514437392e-12
-71.1542156984,42.6080605059,2.63380913648e-12
-71.8576548076,47.5913816705,7.15837955435e-13
-71.9096099823,44.5631940231,0.0
-70.7008396333,39.9567560029,2.55795384874e-12
-70.8936946944,41.2255532943,6.42695971343e-12
-71.2359059548,43.6686441867,8.12363384186e-12
-70.5739379451,40.1751405389,3.4722711717e-12
-71.8912323984,48.8945005485,4.26325641456e-13
-71.8398417828,46.4320371735,8.52651282912e-13
-70.3008699862,42.1271672601,5.26992474633e-12
-70.1055351657,40.8732612464,3.89072323413e-12
-71.0686575843,38.0319667972,1.83278767129e-12
-71.6319983512,42.3481522792,0.0
-70.9527539,42.295496352,1.06581410364e-11
-71.0426174814,42.3218934835,1.06040264853e-12
-71.8587591182,49.5087327014,5.65176794316e-12
-71.4665021337,45.4367423342,1.80721399627e-12
-71.8399910436,46.3424228308,0.0
-71.3105527187,42.5612294955,5.11590769747e-12
-70.9649619391,45.9930107231,5.92376165911e-13
-71.126439781,44.8231896126,8.52651282912e-13
-71.1005711041,40.0244060776,1.70530256582e-12
-70.7735167119,44.468269441,0.0
-71.2703669538,40.2260717801,3.8369307731e-12
-71.800780578,43.8747904483,2.21847240192e-12
-71.1830647136,41.7890022889,4.26325641456e-12
-71.6958448503,46.756660387,2.55795384874e-12
-70.7739741445,44.6164480291,3.04537318672e-12
-71.1989118265,38.4564616006,0.0
-71.3847824097,39.5458184023,4.26325641456e-13
-71.0841293842,41.4004226575,1.8212957328e-12
-70.4632585308,40.7379111692,0.0
-70.4880939957,46.6418579651,2.55795384874e-12
-71.071283212,41.6248637065,1.70530256582e-12
-71.2857876202,41.3500339572,0.0
-71.6910987893,36.6568014797,0.0
-71.6761531262,45.3013055703,1.70530256582e-12
-71.5660998038,41.0502086339,2.63753567639e-12
-71.5916395804,43.8684406066,1.05113067864e-12
-71.5193224137,47.2155573985,4.30241532525e-12
-70.7497336063,41.906980992,2.55795384874e-12
-71.113312983,38.1234400325,4.73731007035e-12
-71.8277014213,46.9944179901,4.26325641456e-13
-70.7472622474,45.2573598704,4.26325641456e-13
-71.0114567898,39.3830906841,5.28297303584e-12
-70.9164553409,41.747004311,8.52651282912e-13
-71.2670859998,39.7399907047,4.8694643868e-12
-70.8812798878,43.6972203871,2.55795384874e-12
-70.4825219368,44.2028657715,3.04623448633e-12
