-73.7932028994,39.1179085489,0.0
-78.9840935928,24.6783561678,3.36259282701e-12
-483.092329605,-29.0426084272,6616.38468962
-68.4686444186,47.0858052617,1.70530256582e-12
-73.9303078459,41.1551704819,2.40455375027e-10
-72.1480674954,52.2570790516,8.24477879867e-09
-71.8231825166,36.0714255931,1.09261692844e-08
-98.7881673975,65.1548888723,6.02962642165e-07
-2550.18139674,104.134938786,2395.25307908
-68.1568197522,43.837514514,3.46561408088e-12
-77.1007053263,23.5676917683,1.61233686989e-09
-72.5643698902,38.7143182832,4.89701819342e-07
-73.1460849817,40.1806082868,2.18804000863e-09
-555.238397229,-14.2683390896,2844.29599214
-70.0464671786,41.5254160368,4.12371192158e-07
-73.9950027833,27.5721467848,2.32151390338e-05
-69.0400255517,33.8266739967,1.49214612073e-10
-72.0112882477,39.3668424498,7.86285383378e-08
-89.3664374674,62.7822860472,4.48470876404e-07
-71.5040353975,40.4182987327,5.58012062792e-12
-637.750729594,-184.248812134,2414.44602529
-83.2920531542,17.2285646302,0.235791221605
-72.6012215188,36.6055629632,2.13162820728e-12
-74.101169365,31.7826890267,3.31771782356e-12
-74.9594446281,56.6397380344,3.52468633765e-12
-71.1237477418,28.2233070828,3.53289218885e-12
-71.7653709742,37.3418898161,1.00926836836e-10
-74.87107186,59.4391248291,4.33533557487e-13
-58.9907550006,23.6099597032,2355.37178776
-71.065327978,54.4376310227,3.55188184473e-12
-80.0562498542,60.0900141136,1.40483798066e-10
-78.5380064361,18.809503113,2.49723381156
-96.8167926242,65.9164259813,7.28516142912e-07
-72.9066931964,28.6837584552,0.00155399306267
-74.8470640293,55.3676414551,6.32011842521e-09
-70.4161625937,31.5364466146,1.21740626112e-05
-75.9705460644,50.1304833604,4.20201841784e-08
-67.1575209943,46.5290207371,4.26325641456e-13
-77.7816815975,57.2707868676,8.56022025671e-07
-70.1456779684,46.3897891586,5.96855898038e-12
-70.3961345227,34.3933364489,1.66779578613e-06
-76.2126950692,29.1708621255,2.22714071198e-09
-323.058492083,120.091289339,85.4436794405
-78.2019262752,18.5914915138,0.00563523564718
-70.3198584188,37.824237765,2.36021662597e-11
-83.3076445659,16.5099911367,8.31738831368
-74.4009959515,50.5066168208,1.67691354317e-12
-80.2620239237,57.007646642,2.18160620336e-12
-76.5265263866,31.0814277968,4.96623551478e-10
-72.7726028159,53.4934385298,3.72587695673e-11
-72.7063256119,49.0229117137,8.52651282912e-13
-72.7630153276,26.2352281005,0.000298462435138
-68.8567567959,52.5798553984,2.23514117451e-11
-74.9056509108,49.5800291489,8.52651282912e-13
-68.4120866724,44.4611166216,1.81063561266e-12
-24.441021517,7.35050859758,24971.544936
-71.5174997109,39.3901063801,8.46630889697e-10
-69.4401682789,39.7645068067,8.52651282912e-13
-78.2254883489,54.4365765736,3.25846314717e-11
-76.0305386458,32.9560481581,8.52651282912e-13
-78.3137489296,55.6058319596,3.00364725677e-07
-79.0427036584,52.8058438776,2.19306184034e-12
-89.3843863548,10.3034846871,0.0509881542315
-69.9950277775,53.1260543214,1.44331054132e-10
-74.8653184488,57.3960488048,9.90306246702e-09
-72.1320438501,35.5149825999,5.26819912298e-06
-76.1408809354,51.0928460331,1.70530256582e-12
-78.8897844277,25.9997166278,3.41883694952e-10
-74.663191374,49.141302845,3.07402285859e-10
-71.0233529763,34.5012860669,2.03926286424e-10
-81.8479561727,61.302036255,2.05378288381e-09
-72.2700817773,42.3083807547,8.1246933942e-12
-78.6462699238,20.5274174914,0.0328073315038
-74.6505329477,33.9794387915,7.83718877642e-10
-75.279232288,26.1405364185,0.000229786428778
-74.0559640721,47.3486625812,1.01906376127e-07
-73.5967082437,53.6839719785,3.37777991061e-10
-72.883320531,32.7772296019,2.53892347853e-06
-75.1180284249,24.7257746979,0.00692400695412
-69.2672175478,39.4383103628,1.07733465777e-12
-70.9250574547,38.0049222679,2.55795384874e-12
-72.082990694,42.5110315782,3.88806984857e-12
-77.4825649725,26.8711194745,4.63031175038e-08
-73.8927360453,41.6328412469,6.37286416247e-13
-69.9804372424,34.075830398,4.74246418172e-12
-84.7309212811,60.0107424164,6.12187643342e-08
-75.4171185216,29.0504630756,1.09715429552e-11
-86.6093115268,62.6260795187,0.000156318366321
-89.3138685386,63.606170061,0.000355358675781
-70.8299317907,43.9246734155,3.63322579886e-09
-67.9810148531,43.7893076435,4.68958205602e-12
-70.2704134457,38.8537634316,4.75858534169e-10
-84.4181177327,58.9934720542,2.6418808521e-07
-78.6689295043,23.2138465698,4.98905479631e-06
-83.6605509491,60.1155645852,1.94744415756e-07
-1190.44735874,-12.1839885291,4930.38603654
-72.0620174624,32.485575527,5.16621808254e-12
-66.931202657,48.639003144,2.61927175347e-12
-82.4727892774,19.008803985,4.25173620528e-12
-71.852755824,33.5313403106,2.04553665109e-05
-70.6160788895,31.5664275906,6.48425046747e-11
-72.6720431034,31.1676482454,4.10746198154e-06
-70.0848937684,47.8351605324,3.03866995818e-12
-75.3900765898,52.3818428296,1.19174608596e-10
-350.965212119,-41.8419177563,6029.41113316
-72.8746035792,54.6788672314,1.70530256582e-12
-73.9740796754,26.0579288122,0.00096618179435
-73.4165046881,42.2593060232,8.52651282912e-13
-79.7177277407,56.7756024234,3.16785509003e-12
-69.3132287475,31.8189569669,1.68127714995e-12
-67.9086879411,39.1330777363,9.60814698026e-11
-85.3240361413,15.2917842748,14.2564710678
-73.2005260235,46.4489166249,1.54210425306e-07
-73.9768016626,53.4173449156,2.62013428336e-09
-85.7566142175,14.70378767,97.4467548797
-72.5042600814,25.6965495524,0.000177769899465
-73.4097167571,25.7356232688,0.00707632722017
-72.2124300889,30.1091283638,4.68236779142e-05
-69.4253675613,37.9519830979,8.52651282912e-13
-69.6131182726,35.7205933338,3.49597312674e-10
-74.3198104698,45.6596935166,3.41060513165e-12
-73.1608755043,50.97960393,4.60272715616e-09
-79.8606927135,60.7019901991,8.8408907439e-07
-74.5052139267,24.411902909,0.000580919035449
-79.7471178996,20.6741981432,1.00581801141e-05
-72.3490929051,49.707055522,2.78555603667e-12
-83.1246223068,58.6117942026,4.33727379588e-09
-70.6427843809,49.9469571715,1.16327965375e-08
-69.7001743885,33.6319178821,2.77246399337e-08
-70.9038656345,28.8472741591,6.7125521614e-05
-387.181420639,-126.570402833,6289.59672911
-72.0888866285,44.9154448426,3.8369307731e-12
-74.2126100588,50.7133629716,1.29847907071e-10
-100.611894469,65.2996753545,1.1563143422e-06
-73.3160981245,46.3710156739,1.18080366148e-07
-83.6372096914,61.8036927958,5.59662103864e-12
-72.0659482127,49.3325693276,4.86907237398e-07
-81.4180219396,57.7599729847,6.08745490319e-08
-69.0272304439,31.4682268446,1.14742575394e-09
-77.7664158456,20.7589343508,0.000919679937088
-73.0887815356,38.0014387664,2.99797393839e-09
-72.4973832373,44.7278600404,9.03444283849e-12
-72.5330008292,48.8958519673,5.60558362114e-13
-69.8210631313,45.385540758,1.70530256582e-12
-71.3517691439,26.5743181831,2.0992950565e-06
-68.4130374586,45.5213272978,3.41060513165e-12
-68.1806757209,45.2510279736,2.13162820728e-12
-70.9464858797,46.180646957,5.14985843799e-12
-101.396662208,65.580111599,0.000563574229108
-76.1370749224,38.4479323283,7.92259787946e-13
-71.6640967791,43.7400703328,4.30753342335e-12
-72.8694969162,28.0568903559,2.66632832436e-12
-70.2631458615,29.170797102,8.27088103666e-08
-78.4540098003,52.516957914,6.71543199529e-13
-76.0929437387,43.5949101379,1.37676286076e-11
-76.025658103,38.6485774139,4.26325641456e-13
-437.555208171,151.89159477,5460.05145853
-75.1889167997,26.1588102826,3.25064518765e-07
-91.9983093679,64.2896092609,0.00032607291023
303.345833115,-5.63160420298,1799.81798495
-72.4937617935,52.9250360903,5.89982851331e-11
-69.9235394788,47.8216271946,2.46562837594e-09
-85.7830360852,62.1099520711,6.6138178242e-11
-75.0216206556,28.6078402499,6.68410055406e-08
-443.767099815,13.3579021603,4747.24748648
-72.0742296641,46.5712595023,5.88445920115e-10
-69.5686876924,40.3140094198,3.4161777665e-11
-72.6094374767,53.6063408853,3.15113902548e-12
-75.519209335,51.6127942851,3.3133426664e-09
-73.8569921257,44.6100122112,4.26325641456e-13
-67.5507251198,45.7291100018,8.52651282912e-13
-70.5257656994,47.5626701993,1.42793514285e-08
-82.452827814,61.6859273674,3.81539021822e-12
-100.171785498,6.75061303647,378.854308097
-70.8408886897,31.6172296073,4.63071828549e-05
-74.0730141098,27.7788679717,1.66859580347e-10
-73.5974158603,36.8407981579,2.48770827667e-11
-69.0208890332,31.5890466982,2.24012727163e-12
-77.6290479547,54.6709680647,1.49102333059e-11
-78.3654773974,60.1287852078,4.63328818085e-09
-72.4539169544,46.2488732504,1.70530256582e-12
-68.5927817033,34.830702048,5.94215519323e-09
-80.7146709983,17.6400401767,7.48729996531
-74.4569008538,50.0031997344,2.78289543337e-12
-68.0133320765,40.0317125306,8.31882692765e-10
-75.8869688829,53.5182755153,8.08168804058e-08
-68.5791945073,12.2327007985,2250.31453983
-71.5181809483,34.1455493731,2.94394746211e-06
-70.7381521616,49.7964153134,6.96192417501e-13
-79.5434081631,21.3696328791,0.0245954131975
-77.5772427132,52.5716770691,3.36494295314e-12
-70.7164334185,43.5185985206,9.36003063879e-09
-74.0805881445,24.8146019058,0.146992318493
-71.8398169721,48.2772886245,2.2058675689e-12
-66.6591934514,47.8060578467,4.26325641456e-13
-91.4080752765,62.5171090088,0.000135317110819
-610.299724014,-433.575122539,9817.826492
-78.1290943564,58.2041929073,4.03608408429e-08
-68.9265033258,49.2571821606,1.27897692437e-12
-73.8183329561,38.9244174257,2.46918418672e-09
-82.9447883488,60.3101849711,4.47003086393e-07
-516.172980855,2.00646630249,4099.41742362
-70.738005837,30.3073502342,1.50304410048e-05
-68.4978155664,48.101727901,9.87139992134e-12
-69.4054452447,45.3863596109,8.83966781914e-10
-71.5515659662,50.3016259831,1.01174770217e-12
-76.5922656341,20.4598704455,0.000463755216086
-84.1076242955,12.6812053646,377.000300299
-84.9007076202,15.1891430697,0.000175324465645
-72.7646502515,33.0686200675,9.54448975009e-10
-79.0362492887,56.9744521084,2.18169440207e-12
-78.3292663279,59.6036531775,6.45749912073e-10
-68.6173286433,46.8597839266,1.66675389459e-11
-81.2645399074,15.9920604058,220.145083347
-83.2855477098,58.349041744,1.8004265256e-09
-75.0178564487,46.6098364894,3.041219336e-12
-68.0463172342,34.203526096,2.24524390851e-12
-84.7155404346,14.9080241639,2.08599222772e-12
-74.9152091147,37.2062352115,3.89656552917e-12
-72.0992786023,32.1557373882,2.55795384874e-12
-71.8538398214,41.1983516635,4.31125958747e-12
-74.3083038629,15.8205172092,1465.98886145
-70.3061004249,40.3544668916,5.33896445153e-11
-73.5363031486,42.936779254,5.15385058247e-12
-72.3843704287,39.7088621551,1.13362210392e-08
-72.7413826204,26.6255181211,1.29780420202e-05
-75.4349485867,43.663606864,3.04735659963e-12
-79.9199032593,58.7761875107,1.98850477274e-07
-69.4553638897,29.4339472779,1.05059357231e-07
-66.9384022523,41.6185297906,1.82054144534e-12
-72.8286892013,31.8140751692,1.28877261945e-12
-77.6088603985,54.9278488783,1.74020070264e-11
-72.2714934763,35.9416133359,3.29339568481e-06
-75.9570294103,50.3695793128,5.77739536493e-12
-78.1170876791,55.8548577145,2.20633231879e-09
-68.7287072916,51.1637731632,4.26325641456e-13
-73.6572589956,49.9128539795,7.32246787524e-08
-88.5824440535,63.7321151327,1.47396448804e-10
-83.1219049986,82.5391583468,1621.46301306
-1130.72450195,108.59194421,2277.77485283
-75.3380159682,24.7319261603,1.50636732505e-09
-67.5909934479,42.4686553678,0.0
-75.8826639733,55.5335309275,6.18719196656e-11
-75.0871743023,33.2521723662,8.62635444907e-10
-72.7534665247,26.4811460213,2.19209878967e-05
-86.3025083099,64.0798099122,6.23370718419e-12
-74.5910719046,33.065394832,1.73278357671e-09
-70.3675638355,31.4191931241,1.47147231671e-12
-73.9340630582,37.066278125,1.71591018845e-10
-74.2177789172,49.3226935694,1.83149821797e-06
-75.5395767087,51.696594372,9.11614158728e-08
-71.2776619249,40.2860592224,3.41060513165e-12
-77.6254122151,55.6776214908,3.20978487434e-09
-514.876293525,-195.634829784,3386.7609231
-76.6956545247,57.06496504,6.70056772455e-08
-76.9583964416,38.4615213634,4.26325641456e-13
-340.144579577,-60.9683105739,7111.32176426
-72.1396931497,30.3753542081,2.13162820728e-13
-75.8459853499,30.6922935418,2.24910209171e-12
-83.9011758894,57.7648403293,1.89059817886e-10
-79.9148167262,58.1495550527,3.51982337334e-09
-77.7165828148,28.3893258501,1.30331241464e-12
-71.6286815302,40.1815882751,1.83782413457e-11
-78.9778760389,18.3823686278,149.144514691
-68.936296133,51.621590279,1.35939221885e-12
-75.4516577861,56.131129934,8.44017704329e-09
-71.1629998323,33.9599940379,3.48315620643e-11
-81.755442874,18.173735157,8.37265081156e-05
-68.3515866757,49.3936519703,6.07088110384e-12
1861.15460005,107.621983168,799.895983447
-209.951822135,95.0524392059,2132.01109969
-74.7461473538,52.7835736734,4.27563650947e-12
-89.736750667,10.9987824252,269.300783026
-67.4182956134,33.2294220822,6.39979732316e-10
-72.8142439018,28.1152857834,5.93442263159e-08
-75.6778477349,27.68105785,5.39749399918e-07
-68.0237691652,33.8229765424,2.59902876288e-09
-99.0641839299,7.92408222152,16.4554897861
-70.9304703967,30.5341170744,1.4748362852e-12
-75.6154896929,-192.723323755,5751.73267889
-78.9493285681,63.4541183776,5.47149226123e-12
-71.6869198893,44.2936525351,4.65099709496e-10
-77.3245250545,58.6627776364,8.25062088517e-10
-71.2518635458,31.5794270764,7.68918224606e-07
-71.6518877258,35.2710421388,2.55795384874e-12
-78.6500648807,20.0451098756,0.241232645929
-72.2727170466,37.6550793445,2.03302496169e-10
71.8740100281,114.172114131,0.0843979237135
-71.6515455165,30.5526888971,6.58449296081e-05
-104.102144841,66.079947651,0.000309791867737
-73.1264658432,53.6061781926,1.15437986439e-07
-72.0425340646,22.964421236,1029.95729495
-78.6330611807,19.4637873596,1.37249538024
-73.1910051246,52.9668939815,1.34612466539e-08
-77.2623276646,57.5028687833,2.11807877986e-07
-71.5292126526,31.5477703067,0.00022469961919
-78.2539044743,59.4667027055,2.00557943468e-08
-69.1441376859,40.252767044,1.70530256582e-12
-71.5555597148,49.3378519103,6.72786925035e-10
83.8212354347,-124.495893447,7334.6689872
-2506.95364308,67.9542489669,1579.31531131
-78.3663368449,53.2996097069,1.09145301233e-08
-86.9741485516,62.4043731691,1.03530783445e-08
-95.9716361131,64.7444586879,6.22757173883e-06
-124.545081371,65.6074477186,96.6878365164
-71.1373627209,42.8976350455,1.27897692437e-12
-75.6694877755,56.4352217316,4.93365866334e-09
-73.0862494436,41.5345170128,3.75817628048e-08
-80.9429635137,55.5333892142,4.95518200657e-10
-70.3730433611,37.7756431287,1.93797591752e-10
-73.0694315897,34.3108975178,6.67800816564e-08
-145.899307187,1.6954299137,1373.76861935
-72.920432337,39.0202309936,6.10939964115e-11
-81.9327290467,59.3583247467,2.20523386324e-06
-75.9418618902,41.3710743907,6.39488462184e-12
-81.7331057153,17.618557937,0.0567363326268
-65.7204816835,44.3770864362,0.0
-95.793818981,64.1465087979,7.70359377347e-08
-75.4368587554,58.7072979268,1.8805826051e-10
-81.5986407397,14.9564279764,499.038243024
-88.0016604326,63.619382863,5.19000795812e-08
-79.7203883686,19.5762370349,0.00409086638732
-85.0401239198,58.9207017103,3.55229673751e-11
-70.4741673006,47.1742344971,1.80111132779e-12
-72.194219929,36.8951798183,3.27513898316e-08
-72.4114812838,51.5434066692,9.33719965792e-12
-66.3940760267,38.3567121728,1.27897692437e-12
-81.3798670138,63.4152496636,1.59402201317e-08
-410.105122169,110.209798583,1243.82908308
-69.2863368931,50.7871723572,4.81190950341e-12
-71.8335636263,34.3878816745,3.68953134993e-12
-75.7852360802,54.94772254,1.43926199269e-09
-101.688138261,68.1945722569,3.31029344674e-08
-86.7653295762,63.8109799298,1.68669185363e-06
-77.7886206361,49.0305538299,3.45611923532e-12
-72.9331508477,46.3204686351,5.6440499216e-07
618.669045921,11.9721774573,4016.71908528
-71.5202173709,49.2567689171,1.26905900786e-09
-73.0071745673,48.3122510634,9.67135965239e-07
-93.8208901797,64.739158945,3.21956240057e-08
-68.7781821411,40.2828469408,1.43487767572e-12
-1659.76542045,-59.1548077259,8588.61850028
-77.3448259604,22.1728591127,0.0143097335025
-69.8423440032,34.3339124808,6.29852231547e-11
-76.3718912758,34.2501980989,1.64740294877e-12
-69.3607689531,32.9407699001,7.97968283864e-07
-79.6797806959,19.4717446583,1.17208083454
-75.7566196173,49.0360172302,1.0195481239e-12
-92.1544159244,62.6160430938,7.44413968803e-11
-71.6910908883,42.9130210464,1.42328735778e-12
-73.2046494396,46.0981323862,2.21210654313e-12
-72.5668336354,44.936099463,3.46703267739e-08
-74.1547609736,28.5888467522,2.6253996179e-09
-69.8163472599,36.2187933274,2.68785509641e-09
-85.5978308732,65.7376187839,7.04282082589e-12
-75.8953530261,47.0966636251,1.65705006521e-11
-74.4792841825,27.1202165556,3.7483559643e-05
-73.2081832899,48.0476957027,1.50490149649e-06
-71.0753904419,28.0869889264,2.35537652865e-07
-79.2236707216,58.0337351752,6.20906599411e-13
-308.673195122,115.372090319,2.96200161016
-85.3697539218,58.7481548233,4.53229063607e-07
-69.7400556126,35.753305128,3.06345130631e-12
-68.7306493278,36.9859692156,3.51807807155e-10
-72.1489181517,46.0432265915,5.91838445585e-13
-73.6150623161,31.665722259,7.7718698531e-12
-67.9277952808,49.9681778688,2.13162820728e-12
-74.4103496781,57.2792394791,1.0416749599e-09
-105.049457942,65.7451148669,4.65397994682e-07
-883.520326144,-3.38885874257,1918.57179302
-75.3806907807,24.1351054255,6.94601676037e-06
-75.5869043323,36.8707626402,5.58405130178e-12
-72.4930809836,41.3616670724,6.20424213531e-08
-78.6654386408,20.0160784068,0.675042535805
-82.4213273002,62.6842578359,9.38142497782e-13
-79.4673461569,16.7370985383,2.85743387752e-12
-70.1513690579,36.264949363,2.97799486941e-08
-70.5326745403,46.7149763504,4.26325641456e-13
-80.2128654754,58.2251328498,3.73440234897e-12
-79.8882377588,57.0310835532,5.07935872456e-06
-80.1164478285,18.7829719391,0.525393872199
-93.9350313467,66.3928419818,1.7066569439e-05
-78.5573409285,21.5217652509,8.14349095958e-12
-71.7288070503,26.131028495,7.97565800584e-08
-74.4652779238,25.9701246626,0.000916051116401
-77.4376727558,43.1727684806,2.55795384874e-12
-71.2334108552,56.6013008366,2.39087740118e-10
-84.6994414642,58.5733354584,6.6783522085e-11
-74.1633144349,39.7766074075,2.98427949019e-12
-71.6639775345,37.6106572426,4.87499054461e-09
-71.7893000729,28.235451718,1.92577408694e-05
-100.24927478,6.09183145115,1.80620885082e-07
-78.6530484067,56.866147928,7.94865128789e-07
-82.241884209,58.8741475439,2.86812220742e-07
-70.187177232,46.1836982386,1.526852294e-09
-71.1713275329,36.5778769046,5.24358085838e-10
-72.1343678265,48.1746260082,4.00190793013e-12
-107.92021491,66.2192831709,0.088694406464
-72.2562809802,29.5624637777,4.3392357179e-11
-81.3389285726,64.5497397487,2.45905643274e-11
-70.9734530451,37.3735281273,4.31676894161e-12
-73.1139972188,25.4912709457,1.19424199821e-11
-89.7561391176,65.0421850747,4.70494091153e-09
-80.6596316952,56.6207164147,3.48668582832e-10
-77.4736696734,20.029307847,0.000130786169569
-75.108946857,45.7202610178,4.72721362814e-12
-81.9883244406,61.5161204298,1.51565289133e-12
-79.2919928028,18.939454605,0.223726309237
-72.599980227,28.1152880252,8.10366174288e-11
-81.7410627419,17.0580100312,588.752587699
-70.4129768428,35.0973428061,4.83056643401e-10
-71.8859094115,47.7764391227,2.62134707054e-12
-74.1318211225,36.7295629218,8.0545072478e-13
-77.6629705854,55.1704420144,2.05313554612e-07
-77.1539100601,23.4281433078,0.000706338540728
-69.9453605616,51.0389036913,3.03205722573e-12
-73.687292913,26.3073014834,4.31389449207e-07
-78.8325059038,53.8707550118,7.53294210034e-10
-70.8423645249,33.2840148463,1.81298594876e-06
-74.0414364704,57.8256638615,8.90280911249e-09
-72.3791745623,31.9399878727,1.29723257453e-05
-78.0405993774,55.3911446828,9.83808152275e-09
-74.0364873415,35.4920874474,1.09952834387e-12
-77.1421327367,57.7999895157,5.60246180897e-12
-80.4736165306,56.9189235801,2.83008348387e-12
-79.5004255614,59.3663072063,8.87953616214e-07
-74.7233008942,48.1923691014,7.1051891862e-13
-75.7945462682,46.18471073,1.09165760118e-11
-71.920240824,37.3458494393,2.80959993066e-09
-72.9798111124,33.7515183248,3.99522516234e-08
-70.0604382979,37.415141497,3.71613406263e-07
-70.1399656538,34.3286705956,3.69496129323e-10
-408.502240755,71.4469079444,2580.34583794
-77.1240035095,28.1660413104,2.11489288789e-09
-67.4199152964,39.878995862,5.42119323365e-09
-71.885091335,46.3001940845,1.46273337648e-08
-72.4400387114,42.2714337665,5.72533308547e-08
-97.2488927572,66.50755224,9.34720738533e-10
-73.294693074,55.9998929752,2.60201154843e-12
-55.2942348577,26.3068997073,2717.95053845
-76.4982900377,21.6393063613,1.09661098249e-08
-75.0970320386,26.9428089621,1.20954673586e-05
-70.0453711964,47.4162411175,9.36745886836e-09
-74.9068272873,34.3145127538,5.98159501736e-10
8864.43794966,-120.37313467,6920.26337841
-73.3968990685,25.0487328188,1.53767889981e-05
-85.7137519954,59.9386624892,3.07822427229e-12
-93.7603910275,63.0804916208,5.79436129776e-08
-71.2988805526,36.5654863373,5.16823679701e-08
-69.9344756274,42.98017878,9.0826642352e-11
-75.0592818641,56.3090296012,2.71119144679e-10
-71.2573275569,40.5271541386,2.63877996435e-12
233.847890998,65.1629846128,0.232950686382
-70.5645948286,50.6877308813,4.05775989905e-09
-72.2757368436,48.3446040783,2.45643422607e-10
-74.106080218,44.4379401421,1.16217332672e-09
-74.0196164127,51.0359432464,5.95267710193e-07
-73.8970894961,36.7995780486,3.06138358305e-12
-74.7652374579,52.4372472339,8.47945670478e-09
-73.0908106135,46.4811888673,2.48604172125e-07
-77.0525053809,50.6038694619,5.65662160208e-09
-71.7807365751,27.9852184456,2.46271763119e-12
-79.7758958375,57.8099567614,6.63455681403e-07
-501.085725834,3.20829188373,3206.09157748
-70.8636272491,39.5426896667,1.34528228195e-07
-67.8165104015,37.8032203308,3.8369307731e-12
-77.4556629024,22.1416435377,0.00287121316912
-71.1331395732,36.0335474935,2.37606124362e-06
-73.7531482154,46.5255796282,2.52813913163e-07
-69.5998289674,36.2232931725,1.31353945498e-09
-72.3626894683,34.6735471631,1.88984220182e-06
-69.1271185983,41.9983935079,2.31124096894e-10
-71.2239926214,40.8982894205,1.00430507198e-07
-81.4653996355,17.2624204492,0.140930794365
-66.5760802346,43.7005833798,6.84900714958e-12
-73.012334865,26.1207451746,2.50417408848e-09
-728.070615492,-494.071644018,13874.8069221
-79.9259350539,18.8349270369,9.17127909876
-73.3597507511,24.9803515879,1.04629599932e-11
-76.6235214952,59.0102865935,4.36608101856e-11
-75.1143857457,32.7616686527,1.88020400517e-11
-100.775563221,67.5509404371,8.73469272002e-05
-69.8171685976,46.2037075105,3.05389091808e-09
-79.140289369,21.6621371109,0.00930836321179
476.140683829,79.3730037005,1677.1077777
-72.3555735044,32.0792763843,3.77677687594e-10
-77.3370242327,54.0220968578,3.54135984809e-09
-68.0903666549,40.9753401696,2.31809206367e-08
-77.3184242551,46.9336632632,8.52651282912e-13
-71.9989154869,34.5369055564,6.04502720567e-11
-74.6978828644,45.0364885899,3.21840030328e-12
-74.108625869,27.1642179695,9.48102975468e-08
-73.1760884414,53.740074071,2.47211676065e-10
-78.1489407161,55.3755309783,1.77392871259e-09
-75.5671763236,51.4560361106,2.38179692599e-12
-70.4091928222,41.4961937664,8.08296256219e-07
-71.6315903305,31.6271613494,9.00698616795e-12
-80.3660674104,20.023066679,3.50986626238e-12
-69.6158051179,38.3947389112,4.55056478832e-11
-88.2572462776,62.1631228323,5.00751897449e-08
-66.1383158067,43.3380040555,4.26325641456e-13
-72.0493350777,35.7864983061,2.17147963853e-07
-85.5217715591,58.6490685534,1.36420063059e-07
-74.7093735876,36.6099755326,3.06176013284e-12
-71.9230948489,29.6475589746,1.12966097817e-12
-86.0202756889,60.7381917147,6.71176411372e-06
-72.5288683462,37.959168969,7.34619927536e-08
-76.6432314982,55.6436875179,8.58525132109e-12
-74.2631318422,25.2105488269,0.000266965443872
-82.7264073557,16.3959418704,2.29691692473
-69.3492188384,38.241209322,1.15680838535e-08
-68.4595010211,44.6333218248,3.46415747983e-12
-79.4783729713,58.0295123978,8.52651282912e-13
-81.0764076409,61.1585829188,4.64776183498e-07
-77.9594372027,51.7113421986,4.65834362136e-12
40.3813941745,71.1149328875,2068.25762241
-67.9694160487,48.9788311435,3.8775276219e-12
-95.9443905749,5.29061515903,805.615365208
-73.7630844804,51.6420292846,8.57833402535e-11
-74.221588556,38.5106300002,7.39020586772e-11
-371.319628454,-11.8707298913,8069.80722034
-78.3597544592,21.4527562839,4.33585110182e-12
-69.7754857765,39.0276256004,3.89368454411e-12
-585.834098678,-22.6165379524,3885.66566586
-78.2814391,55.0566981119,9.82608143441e-12
-27.6621873179,36.916812944,4471.96202772
-70.1418908789,45.4553395582,2.91837239684e-10
-281.355116794,-131.276202788,7096.60264292
-68.5588915666,44.4943204576,0.0
-74.7622042622,41.9611742568,1.58807180507e-10
-69.2412326346,45.0386455425,1.47617111826e-12
-70.8650100481,34.408142955,4.08674604455e-12
-72.4085752361,45.0982224597,4.20564597766e-11
-74.829208662,20.6594215102,939.670637807
-76.2915939734,56.1014203871,3.81568988108e-12
-72.0287023653,39.5430831974,2.39555863681e-11
-336.752334539,138.496219363,1628.55269265
-80.8647814267,61.2691475379,2.29323947625e-07
-76.4721124814,20.4386506593,821.170037439
-71.1356186727,45.1067752658,2.13162820728e-12
-73.115335452,26.3342052071,1.23524647891e-07
-87.5856853432,61.2573767279,9.24238782135e-13
-81.1487609136,16.1918909708,753.161940824
-71.7507211607,47.1642288931,1.27897692437e-12
-81.1398005719,58.2993381813,1.23693905547e-12
-78.207507551,21.309610424,2.05626397812e-09
-67.8894965222,37.3563216737,1.52624803575e-09
-103.513001066,65.1449808643,0.00078090319182
-76.7689185726,51.2293391439,3.61489837013e-08
-90.0329453361,63.45752665,1.28166427329e-05
-96.6975239623,65.2298531074,0.0057730712798
-69.9338148234,35.7235805424,1.48748938555e-06
-73.7498614813,36.6015188311,1.12730823397e-11
-73.0317342223,48.2701469649,2.33248116749e-10
-74.2321715809,22.5720386414,9.39629733637e-05
-66.811773078,53.4273236376,1.27897692437e-12
-66.9075268414,50.8309318752,3.03248305827e-12
-74.0554725196,48.7750387773,6.18414657442e-07
-71.1610607752,38.0802460666,5.13914382673e-10
-71.487091909,31.5096589762,7.56852803929e-12
-79.1866715827,18.789141454,1.54375945173e-08
-75.9691691932,57.3413738399,8.34716705412e-12
-74.9996636116,46.8848020175,7.6959573495e-12
-77.9460965953,49.8991507492,3.99106742663e-12
-76.3349161553,46.5765778499,4.26325641456e-13
-70.5250937678,53.9631678435,3.14299086518e-10
-94.7226529946,66.1436262542,9.28833666872e-05
-76.5313194644,51.1279916429,1.90831127407e-07
-84.0512235347,61.9705702223,3.8358750715e-07
-75.2123135089,41.4506691177,1.27897692437e-12
-71.1148965639,46.2097157557,4.0534944677e-10
-75.0105324202,29.8197540579,1.7966833707e-08
-70.3043177226,38.4022385416,8.07105585845e-10
-78.2923577451,24.5570565763,6.88177690701e-08
-71.5311564257,39.8149108447,1.091903639e-07
-76.3782281104,47.6521573016,1.40202869333e-12
-83.568219418,62.6947267255,3.74821352692e-10
-75.6106321058,58.1654226543,9.99160888787e-10
-77.7970193068,59.4869561404,2.30076495482e-12
-74.2881645344,59.5006435375,4.26325641456e-13
-77.9101134023,53.9313078316,2.60996119626e-12
-313.608521994,115.139451309,19.1140633329
-70.2366262037,52.3828138421,5.75796013168e-12
-338.928025372,116.800513867,8760.77789877
-68.3622768748,39.272363893,8.52651282912e-13
980.77944901,-42.3186576399,7859.59578408
-74.1543468454,54.0221710784,1.66720228287e-11
-77.4446401914,19.7071195348,0.81875084181
-83.3254696257,62.0621944115,1.70977725288e-09
-70.2358748176,45.3186006064,3.8369307731e-12
-72.7439268269,49.2172094229,7.43763917758e-12
-80.3192308024,18.4540833821,0.00108862154332
-87.327826519,59.4065199325,2.95990464814e-07
-68.286184583,36.2868927005,1.25975793999e-07
-73.7057462617,46.1031579913,1.40900489544e-12
-71.9357553442,29.6557259558,1.08830962968e-06
-508.555843654,3.5756204468,3101.34707001
-73.7392175178,44.0286180994,6.42420265345e-12
-80.3372923405,58.4038646279,2.59173959991e-11
-70.3874492449,30.0440782805,5.23190805347e-05
-71.1180666523,35.4111964196,4.74079087835e-12
-75.3570593121,37.7681461511,2.23565155889e-12
-74.8833129712,25.5929318295,4.03241385331e-05
-74.9083228914,48.9799459038,4.26325641456e-13
-78.8403536937,57.2666317441,6.6196942816e-08
-70.9052051843,41.8886290874,6.38220848768e-10
-73.8052888591,55.6316472123,5.27106936661e-12
-73.9891337909,57.073681819,9.55081108748e-11
-71.4268766467,46.9599227823,4.26325641456e-13
-79.1110083732,60.534930141,5.09706845891e-12
-75.2178687539,49.1530711873,6.74719195488e-08
-75.2765240816,54.8248355072,6.25776657204e-11
-67.5915113922,39.5385385476,2.22565292248e-11
-72.904002377,43.1095639259,2.63260421292e-12
-77.5202733805,59.0903965493,7.92641285104e-10
-83.9455687884,63.4501024377,1.48888487263e-12
-156.952658026,-29.0100813968,4496.6709809
-71.5845967707,39.5843053625,4.17017046365e-08
-72.5895452159,41.1908836397,1.70530256582e-12
-65.9397566004,38.8256887853,8.52651282912e-13
-72.6043047978,35.1102140312,5.72460704546e-09
-435.627826601,22.9615325558,3606.33803767
-74.209387494,27.3486124495,2.23852000719e-06
-81.553223397,59.6546466492,4.26325641456e-13
-72.3168314489,41.3633897788,7.70049858746e-12
-72.6500163012,36.0702062342,1.06875368161e-06
-82.2450937975,15.2213903746,0.228341591919
-852.260244949,67.8587437182,448.098083829
-77.7435265762,49.0950899392,1.27897692437e-12
-72.4158311483,50.8246581243,3.72319143884e-09
-73.94106483,49.1647660437,2.57672685541e-11
-72.0273163087,29.3775487114,3.29030493099e-06
-71.6419729405,31.6313161146,2.82147425366e-09
-70.6826714614,36.202735494,6.54126133237e-12
-75.5686224839,20.9728320744,5.45360358022e-12
-75.1223532988,23.3720041394,9.8098786361e-08
-70.276285137,34.2158906316,1.18041897813e-06
-71.989708487,40.8586565293,4.26325641456e-13
-91.4588586426,61.264213054,2.19191444353e-05
-69.3277857801,41.7419755302,4.26325641456e-13
-87.5065960677,62.5285121314,2.24210898005e-08
-72.6329938056,58.0252055891,1.76406505588e-12
-79.9538000073,57.6969150227,1.98554805421e-07
-75.3438785188,23.4386724445,0.00138161836518
-70.6046475616,54.9226758227,2.95026320053e-12
-74.3560870176,50.4470744993,5.2298886841e-12
-243.670645375,-24.7236433912,4214.06292508
-65.8404051561,39.0546939918,2.55795384874e-12
-72.1769831953,50.6850662677,2.19901837962e-12
-71.0948575516,53.2601116721,1.7952240137e-11
-79.861595289,20.7295308984,0.000120206089436
-524.948014404,-3.52939145806,1574.19698766
-73.9425456052,28.0196452902,2.03814044221e-05
-980.01121672,-181.397074494,11053.9676825
-83.7630468164,62.3150251367,1.99406882201e-10
-73.0555552731,37.5625541172,1.27897692437e-12
-68.7095326592,41.2309693922,3.41060513165e-12
-74.8635087543,24.6821467151,0.00970051425465
-71.4491572059,32.9593928237,0.000121348238468
-73.7684179339,57.9747635009,1.0467641407e-09
-76.2848404057,44.4373577529,4.02549640955e-12
-67.3322190922,46.9808739172,3.20304433408e-12
-71.1090421764,44.1668025602,3.88537200806e-12
-72.6968943207,34.4530742138,1.4965559248e-09
-72.507954527,38.9993936572,5.69848386972e-12
-67.508524744,40.5329429756,1.8557379239e-10
-74.8133014282,51.5552300039,2.19656366275e-12
-74.4285850401,31.4561341317,1.62306060055e-08
-70.8297855562,47.9738718262,5.84642660845e-10
-76.5602152129,31.0812153923,4.27796803309e-11
-71.7052958657,35.4895202281,2.65049185205e-12
-77.4389374586,53.620374025,3.36734084866e-09
-73.2918686158,55.2484516331,3.13860074273e-12
-76.8884017837,54.8417847456,4.01392573448e-06
-73.5204048697,55.3940305253,2.28073122788e-10
-88.6278923195,64.3655383894,2.35511118331e-07
-75.1196408926,25.2350336023,0.00136648720866
-79.1402593108,23.8858353094,4.42618557533e-07
-88.2757073121,64.079592789,1.00094260526e-09
-72.4517602147,37.3801713798,2.6321365407e-09
-72.2933865313,52.6560071316,2.20339240315e-10
-74.0615208525,30.7281510074,4.30847475066e-08
-78.4636825384,53.6724377805,2.64029139841e-08
-5217.22429327,-6.73323814981,2262.8323363
-71.0335574347,29.5468361164,7.68684508345e-07
-89.6452002618,63.1182858358,1.76963154977e-07
-72.8814609116,47.193303048,2.04054056463e-09
-66.6055889861,48.9209122599,8.52651282912e-13
-75.0104991175,28.5493963841,2.08443629489e-05
-66.8934210038,35.3767503835,7.37970872085e-12
-71.6129530871,31.0547959349,2.38832533169e-07
-83.433805123,62.0850687792,5.96286628657e-06
-75.395262475,37.7382927309,4.26325641456e-13
-73.3360850789,42.7133491206,8.52651282912e-13
-72.0604578307,44.5408181924,4.30635444132e-12
-73.3216123995,32.4555921422,2.21495589784e-07
-74.3969230905,47.9300725379,2.62097705158e-12
-72.5723349498,33.7372501792,1.01326710677e-07
-1276.37202561,-7.34499251473,3173.35267935
-67.4576557978,37.4828788058,3.47707159244e-12
-70.2534413251,54.6161947677,3.44615656402e-12
-71.5850505078,38.1312249372,3.77055163336e-07
-73.5948595407,33.3786286454,3.65599309368e-10
-77.4480479714,53.6593281486,4.0409747916e-09
-74.3008071262,54.5415981585,1.68551005995e-10
-74.415553062,25.3636552081,3.71121930924e-07
-71.9842539909,28.0732819587,6.5915936508e-07
-74.0856915035,30.9092119891,1.28525521951e-05
-67.3518906209,44.678360529,2.98427949019e-12
-77.3558890277,58.6283107266,3.59511420539e-10
-77.0267739775,55.2248018693,6.18842137981e-09
-78.7816275774,56.7454367297,2.98676126868e-09
-71.6618551411,43.1582885698,2.63248703629e-12
-69.959710144,44.4041589716,1.09385695057e-08
-69.1829932679,44.433428542,1.27035379559e-09
-70.9615326152,30.9422159183,2.78149305075e-07
-74.307357204,40.7403669039,5.11590769747e-12
-77.781707323,21.9334748245,0.00484502136357
-81.1681255286,21.1286594266,1.59399236764e-07
-71.7424865891,50.0882721584,1.62908479645e-09
-78.1324581735,16.8139290344,862.331570971
-72.3128603832,46.5730673771,2.79823328794e-08
-72.4720699515,31.5366432384,4.01460760039e-09
-70.9728972059,35.4082289856,5.75920082756e-08
-69.5481601167,46.7789885773,7.22981291109e-13
-82.4715363109,17.1186741162,3.5382678771e-12
-79.7899465675,18.0867835625,86.3837288664
-72.735366752,38.5316521235,3.97752645927e-08
-68.8137760896,37.3935072494,1.27932923891e-10
-73.5865771568,45.9626288162,2.47876270656e-10
-70.8692022749,34.3370788631,8.23078247568e-13
-77.6412731278,44.7527698129,1.70530256582e-12
-71.9146550602,45.8259323693,3.99745260386e-10
-72.4438543186,30.0721623397,6.73639957105e-07
-84.3637475199,59.4635720799,2.97107165267e-06
-70.2570177108,37.0081294216,1.28207334436e-08
-77.3137729201,47.3428218856,4.30222824913e-12
-68.9817848496,32.1710272938,4.88596420395e-11
-71.826141172,52.7846035195,5.15694696311e-13
-67.5231014268,41.6348991579,3.8369307731e-12
-97.0754051421,66.7343239095,1.73824235628e-12
-77.7666197387,53.6799974225,6.33318481512e-09
-75.564851808,48.5973259424,3.44553776988e-09
-70.6356446554,41.7733091217,3.24397559768e-12
-74.9797067016,53.131424834,3.97738248924e-12
-187.836834269,-157.069959196,3763.65380303
-68.4516521858,40.7990861528,3.05328427611e-12
-68.4677596862,49.6188934866,8.52651282912e-13
-81.6467532101,17.7541829007,0.892176339616
-65.0967671389,43.0178738459,8.52651282912e-13
-95.8858118064,63.8986996472,9.30970511974e-05
-66.4516021328,44.8981793504,3.41060513165e-12
-72.1501165415,30.2630781198,0.000155977356584
-69.3399660628,50.5966597173,8.98429133179e-11
-752.189658978,101.318088712,3194.19418643
-76.3877094609,53.5876499534,3.82045010414e-09
-77.1243313321,48.2417309061,5.67856658541e-13
-75.1359845206,41.5107261054,3.41060513165e-12
-92.0741044712,66.412279661,5.51903368853e-11
-93.0670373384,65.4287667814,7.46304049607e-07
-71.4420348969,51.0444813878,5.12375535107e-11
-71.3399256963,41.2148078374,2.13162820728e-12
-74.6296195576,32.7108344421,0.0
-90.3515825939,61.4809792646,2.95066517495e-08
-72.7613302293,45.1964824447,1.27897692437e-12
-71.9973138592,45.4670783856,7.69712490075e-12
-94.1996285477,64.5034091424,3.39745580967e-10
-71.989201148,18.8256892788,1616.62225676
-92.8114415932,64.1058260923,2.04540605866e-05
-72.5454840321,35.1460982033,6.55801541651e-08
-99.1335533583,4.06006346773,439.230985514
-70.6326353403,29.0734631422,1.81870460932e-08
-72.1956541843,29.5239180736,1.58656751121e-07
-77.8393152678,19.1674548807,0.000155449535034
-69.6699756244,42.0927691719,1.02335759269e-10
-73.8663968284,53.9472017965,5.49559321855e-12
-176.879482303,66.8963240297,1120.71207854
-89.6865474099,3.74473689097,1393.17614982
-71.1215117264,67.9022489553,2617.75195284
-70.0380321953,40.6219293173,7.31387469375e-09
-74.2182176107,28.5861146984,0.000517522133599
-70.0722642703,30.6803719366,1.07541283148e-06
-80.2683796075,61.0062865049,3.28837026707e-12
-65.9466045182,38.8404979375,2.2326893595e-12
-74.1733180261,52.8588050854,8.18990938712e-09
-74.9048550523,44.6410885642,0.0
-71.186037094,47.685957875,2.34258963015e-08
-73.7532098969,25.1133050921,2.13045498157e-11
-71.1794664135,51.1147656067,2.57117486421e-08
-75.5487794199,28.6644292758,6.74238781776e-11
-91.8353828516,64.7505959546,6.86512611122e-08
-76.8452056866,46.5310788526,5.8149075392e-12
-58.172200586,63.8285225092,1305.6257913
-78.5399761337,23.5445979992,0.000126645920268
-75.4710334597,22.9262158201,0.00201952964728
-75.7989981122,27.0763338638,6.13361087581e-12
-73.2978445803,52.7990845587,5.1552306216e-13
-78.4246272828,22.4730185656,1.29802595447e-05
-79.8909823648,60.5860744871,1.90329162662e-06
-769.427898473,-35.1349983094,7798.44667972
-92.4614468993,63.4806966584,0.000102498301393
-72.6774634677,34.0148994176,2.54060204735e-06
-76.4131084244,60.1342868636,3.1065506732e-08
-71.4519181621,50.1348947333,9.03705499429e-09
-74.5347603028,48.248582575,8.59294217064e-09
-353.694665276,-60.5682421556,7273.88550402
-77.2711778471,20.6380976513,0.178452574485
-74.1641400222,41.3154336108,4.26325641456e-13
-100.469768667,64.7997979155,6.23261151953e-05
-68.6506296861,46.1794522782,3.8369307731e-12
-75.9448534599,55.4939550975,6.34235913317e-10
-88.1146004274,63.2559880665,0.000344594354276
-73.6833274056,42.2962162503,6.30685296726e-13
-88.9630238662,62.9252605071,2.74187364291e-11
-89.1781177445,11.9742976085,9.11203047619e-05
-399.885366764,-102.045832559,6703.57926766
-83.0420312731,14.7978285262,5.57307802356
-73.4816406955,46.2051017345,1.27897692437e-12
-296.757891968,-40.5462037523,6021.34433808
-72.1914594343,32.549552142,7.12146465742e-07
-75.1554957177,50.3397022325,4.26325641456e-13
-72.4643411234,49.7613100667,6.88126234195e-11
-103.740448771,65.1330427735,0.00356265364499
-70.5942617832,49.4437305151,5.78640447677e-12
-90.9967635501,67.0141349485,3.91641691563e-10
-85.7649822086,65.9205848669,6.76856458252e-08
-68.0045864744,47.0158437081,2.24309707457e-09
-72.2571249912,26.8687599808,9.92363264931e-12
-81.605797148,19.0034406104,6.55707576813e-10
-72.684659956,49.6218471288,1.77328425657e-08
-70.3390455535,41.2379100599,9.59957149561e-09
-73.0440492829,29.4984344334,1.85978519546e-12
-67.3563159358,53.5697061406,9.91663551808e-13
-72.1864655021,43.870615421,1.7386693883e-10
-81.7205369177,59.1686632353,5.37279173797e-12
-73.5863618997,51.1271874369,4.810154615e-12
-70.5616987888,45.5865583969,8.12213625736e-12
-79.8009918435,21.4290207524,1.19315807051e-08
-79.1603137301,17.0333344552,0.0003709120402
-70.0229702913,34.0828934729,6.40866463876e-08
-71.3059624181,45.4381124637,1.70530256582e-12
-74.8134280179,52.781210471,4.33740545907e-10
-69.2750625877,46.650554591,8.52651282912e-13
-67.1391645019,38.4782791466,9.40288606631e-12
-106.985734166,65.7707894452,430.112144087
-84.9275253212,60.3870002713,2.20907600719e-07
-69.7193889879,30.3608668925,0.0
-76.6802435867,55.6887876743,1.3663038633e-12
-80.2954023062,56.9602578786,4.46551745038e-10
-67.8355220636,37.0021421319,7.12053393238e-12
-75.8534182016,48.3413485117,2.41426195423e-12
-97.4075880812,66.3263619358,3.38183979999e-05
-77.359249081,23.7106102996,0.00580116939284
-67.7650222557,52.2800344164,8.52651282912e-13
-69.7016038668,36.6310319965,3.09794035027e-08
-71.9591816041,38.2183259085,5.24063047339e-08
-70.5608113946,29.6973544013,3.74192131234e-08
-77.7421715447,20.6381336656,0.108817734533
-74.4023744012,55.0921038819,1.27897692437e-12
-91.5421329209,65.5757546572,2.8925858017e-11
-123.980448741,64.5729969193,210.910134807
-72.3967886755,38.6697973307,4.56839434986e-10
-72.3678595443,18.0544385282,1582.77410091
-71.6818375479,51.1401508415,1.08983855834e-09
-75.3144324469,50.033008154,2.80473246844e-08
-79.968320037,54.7653092554,5.99753431736e-10
-71.5827377442,39.7103226418,7.31481415448e-09
-70.4413302218,44.1462373294,2.12701287122e-08
-84.4695869364,61.6177517303,1.48509059816e-12
-88.237362945,62.2924072684,6.75051175904e-06
-75.5392769836,48.5232890999,4.26325641456e-13
-71.5691533224,30.003997161,2.20037694453e-07
-75.0705993853,21.8630835761,0.160865592331
-72.656399892,35.3797844659,1.27897692437e-12
-70.3733638676,48.7955353984,9.54291059228e-10
-73.6992807314,43.191716125,8.52651282912e-13
-76.6584874313,29.0900469916,5.83598882142e-11
-67.4738511777,49.0590333149,1.01940631774e-12
-83.5256190356,17.0928275247,0.00415096695659
-74.783973363,27.5941365357,1.09317743947e-08
-107.012701604,66.1928305986,1.82919357602e-07
-75.3212898693,42.1709545651,1.06130116697e-12
-80.6356708566,56.8380503772,2.5498342234e-12
-65.8529878126,47.9034692815,1.79855093582e-12
-74.1963754308,35.7338025879,1.84040792477e-12
-75.4332508848,51.5591633976,3.68482844802e-06
-73.2409071169,39.2063834932,1.43954957711e-12
-436.409688465,362.597687974,7447.9620469
-71.8527339655,43.4346806002,4.25340120248e-09
-77.6648959305,49.5378403,1.18592793578e-12
-69.7242600591,47.2764188065,3.03983166718e-12
-71.6478939977,28.7292897599,1.48149346453e-12
-72.4468517926,49.2540767869,9.23668390356e-08
-70.1479569678,46.9716573453,6.4998911478e-12
-71.3079991551,45.2802033598,1.0978438721e-07
-145.94641298,70.1322420842,836.103004814
-67.6935232119,43.3369509934,2.55795384874e-12
-76.7120015376,30.2241290135,7.17288752769e-10
-73.1679172946,50.3024918339,1.38682388698e-09
-85.2886464663,61.1516603813,5.92454195865e-13
-74.901360786,38.2321645467,1.71709918133e-11
-72.8875397178,35.8891129335,9.60537808029e-12
-85.8278100527,59.3882565666,8.1330088088e-07
-76.8206917951,57.1001993749,1.20386209922e-08
-70.9164118807,34.6769732435,1.49544795612e-07
-75.1383544523,42.1957612258,1.70530256582e-12
-74.3838323033,28.3962557483,2.87083220968e-12
-77.3874421139,26.0379361273,1.41318229419e-09
-74.1685793353,50.317160883,3.17673195474e-12
-74.8368624629,46.3159245577,3.88889042197e-10
-73.7122003139,28.6085135844,8.53291365228e-05
-72.7677451218,48.6184118651,3.8369307731e-12
-68.8159338749,35.3620544488,4.85623218377e-09
-73.4362053553,25.8531858532,7.66065078666e-06
-68.7300760303,44.0647298671,0.0
-67.5923109182,44.8454400898,4.26325641456e-12
-70.5879028721,51.2933788669,5.33190847545e-13
-237.144961753,103.588975184,1111.51346771
-81.1909887802,59.9440794794,4.26585158191e-12
-72.2077429081,28.8634910874,1.06202286368e-05
-84.1306406122,60.3790531227,1.6260416113e-09
-65.9174602708,37.6780941873,2.89218743298e-12
-74.8610144682,46.4600339468,5.34294865324e-09
-72.3243581108,36.5432532739,8.1633523844e-10
-72.3913282522,25.7385990792,3.19985456478e-05
-69.5563546017,50.7170825899,4.00970809193e-10
-82.4513068649,14.5851745198,9.97295482617e-05
-643.350620437,-165.292140763,2655.00910877
-77.5242485229,55.0631352734,1.06558199334e-12
407.953592498,70.3376353945,1367.36131097
-86.5849085541,13.6317743438,524.213587844
-79.3067879021,17.6559424583,576.811256567
-79.017416862,24.7868029507,4.14615457208e-10
-105.972468263,64.3488126775,0.00951557891336
-71.8879232627,27.9823082653,3.40370215106e-05
-68.158224617,37.732846934,2.98427949019e-12
-73.9278254901,41.8161566341,1.27897692437e-12
-70.652047418,37.3860989562,2.98427949019e-12
-67.4641429806,35.5470271752,9.96382439985e-10
-76.378557695,53.6743673338,3.15061586305e-12
-2805.6218104,-123.492652334,5699.26650958
-75.4686216727,34.8063338379,8.52651282912e-13
-79.3236615203,59.9407348202,5.56147771943e-12
-73.1452074498,57.738166129,6.39270223561e-12
-67.4114168988,47.2774018058,1.27897692437e-12
-72.508895987,27.1142847223,0.00923950609727
-70.116321118,38.6206593806,1.12592297566e-08
-74.8273983562,47.125010779,4.85296259625e-10
-77.4327067349,53.9848634009,1.27637333581e-11
-70.482514532,40.3453327954,3.62900841061e-11
-76.2801745993,26.5390859249,3.00180630679e-06
-78.2746313301,55.1624834825,4.6593704194e-10
-69.10138182,34.785427058,3.62547119946e-08
-75.1256147108,47.2239939282,1.2697937977e-11
-70.1732497449,33.9236293939,4.66510785613e-05
-72.0793068922,33.0180183137,2.65598903675e-12
-85.6301343734,60.4463823067,1.37985730054e-07
-143.456165573,0.317439870105,931.582349133
-72.7715765336,43.8809988452,1.70640426684e-10
-77.6847596652,56.9263056741,1.98896106681e-11
-70.9968412128,40.064904595,3.83914970889e-11
-79.5962950169,57.5307726889,2.39105436967e-07
-75.5292219259,36.3347888282,9.28237084014e-11
-70.8623829255,35.8490847957,2.45495172874e-10
-80.6741407082,60.4768020943,1.25893843047e-07
-74.3510066694,24.9663335077,4.02011905584e-09
-76.5341135275,31.1408109028,1.12564020472e-11
-97.5015978533,63.3356958011,3.37771730156e-05
-77.9050441349,60.071798979,1.50643664e-07
-836.701195335,3.95161786491,736.869079518
-74.4936960935,40.1703575852,0.0
-74.3644739506,27.8343462039,0.0015032013128
-73.3318995723,49.1857764741,5.66731996495e-08
-71.1118846208,45.4438417315,1.84987967992e-10
-723.347110119,68.4840643264,1528.97184168
-91.6783816509,62.4501003796,1.2250314142e-05
-67.6569503103,43.3636055849,1.0541697651e-12
-79.2312378881,20.1868694393,0.251083841295
-67.6172177457,39.0849189075,2.57454489429e-08
-73.304574548,48.4664132737,2.55795384874e-12
-83.7104582365,57.4439362905,3.37518245895e-09
-76.5161387005,29.4334222017,7.7258599171e-13
-69.7409256859,51.0449037704,2.02579845012e-10
-79.1611921673,25.1488938864,5.26372377296e-12
-72.0580299789,51.4753444313,7.79824537957e-11
-36.426688226,22.6557933489,4056.22130001
-74.0172809032,50.2939149245,1.05188166936e-09
-84.9366391496,13.7454908146,3.24830266296e-08
-76.7630579856,49.0775683528,5.97556907367e-12
-67.5713540636,42.2895696133,7.61315609715e-13
-73.8635083475,38.6398250447,5.28646445136e-12
-83.4988923845,13.2456594687,3.73580314721e-05
-66.0944895698,45.950671879,2.55795384874e-12
-80.197808487,57.3531962036,8.52651282912e-13
-75.400933755,24.3277925781,0.0395588227371
-74.0334124758,23.2236595368,4.42241995966e-05
-88.6631258854,65.8542736122,1.05837727515e-08
-75.5251652298,22.2507360627,6.36851996373e-10
-74.0858345128,37.1861017772,9.58863420117e-10
-71.1507285035,45.4570481934,1.4572581351e-07
