-72.972813457,31.5916533545,1.35117783746e-11
-70.0488230244,41.8911338295,4.31024741003e-12
-72.1872395299,43.8078188174,1.27897692437e-12
-73.8895505705,52.7224277323,4.26325641456e-13
-71.533852234,42.2239428036,2.13162820728e-12
-69.8694945991,40.2009812671,8.5513471148e-12
-72.9264882833,51.8485676892,1.38318993152e-12
-72.5390515911,31.8364172736,8.6028233976e-12
-71.3162842517,37.5491558841,8.24802100422e-11
-71.8469114503,51.1214819945,4.77054687129e-12
-71.964459148,47.7099226199,4.26325641456e-13
-72.7104875192,34.9499121471,1.45746796389e-12
-71.6917933804,47.5296697652,0.0
-72.0779591292,42.3171200232,1.81811900388e-12
-72.2890827812,45.4304788441,1.80723598219e-12
-70.4550995335,43.977574122,8.52651282912e-13
-72.1537115304,49.8339236126,8.52651282912e-13
-74.5704353509,28.5324559667,6.77826121331e-12
-72.8708285918,48.328850876,5.66888877019e-13
-68.9431727556,46.4883954904,3.41060513165e-12
-73.2383031118,48.6404928005,2.41113880165e-12
-72.43891312,36.9846310777,5.16104662405e-12
-70.006545341,39.1376160965,2.55795384874e-12
-70.9876367914,34.4720327778,1.10504382225e-12
-71.2087833899,43.4728186055,2.13162820728e-12
-73.0488397926,34.8195650199,3.48169644989e-12
-72.0253208262,41.6627874955,4.26325641456e-13
-72.5146727021,45.7609924255,1.80607558184e-12
-73.2651229916,48.7435107172,2.61902070191e-12
-72.185945901,52.8737137586,1.27897692437e-12
-72.416391335,47.6686972398,2.13162820728e-12
-73.1009415666,33.2597005551,5.54505118131e-12
-72.172399191,47.0295593424,6.08069077055e-12
-73.5823140098,52.3219257526,1.70530256582e-12
-71.0285496447,38.9111689158,4.73628192837e-12
-71.6986031737,46.9868948562,5.14886663125e-12
-71.3733164701,41.5272956512,7.67604874045e-13
-72.752719006,50.2136314835,6.92438118357e-13
-72.4256324137,37.312788254,1.70530256582e-12
-76.3947732812,57.1408759329,6.05472535466e-12
-72.3932444901,45.0761723322,2.62786385943e-12
-72.4268222737,35.4957865287,2.24181685388e-12
-70.1507196219,40.4937395153,3.05391137377e-12
-71.5267649037,48.6493825991,6.20319515987e-12
-72.0613228782,46.0475572174,1.03789789579e-12
-70.6574127032,34.9757884797,7.28113309803e-12
-71.8907350837,52.4978346472,6.72352338105e-12
-71.2508433679,44.3017823585,0.0
-71.8955972705,42.7355040033,1.27897692437e-12
-71.2596697,38.3719972192,3.47549816957e-12
-70.7963229185,42.3841919048,3.63577187847e-12
-75.1377431736,54.8358235978,7.63837463641e-12
-72.0898801259,42.9697634998,2.22105506661e-12
-72.2583103981,47.5852812097,1.70530256582e-12
-73.1255346798,49.5472624884,3.58558595699e-12
-71.2791888503,43.5253385317,1.42056062455e-12
-69.9529927234,44.0751449492,1.04988312211e-12
-71.6058772907,38.8456750527,5.58187684969e-12
-72.893462047,50.3636145182,1.78994499127e-12
-70.764747826,38.6875628199,3.47493670331e-12
-71.4365536355,40.200280481,2.55795384874e-12
-72.8746805376,49.183643016,1.85949642227e-11
-70.569897136,37.0090754655,1.06798671758e-11
-72.0334871111,36.2259476159,1.70530256582e-12
-70.2105682955,38.4106534816,4.26325641456e-13
-71.8419170058,34.9376065628,6.98983200085e-13
-72.6709978182,31.6947999181,1.09628013292e-10
-73.1621909267,50.0949092339,3.03906564073e-12
-71.7927511868,33.8237709011,0.0
-71.9430423815,44.8226434285,3.41060513165e-12
-70.2254444995,46.4598618796,1.03537695947e-12
-72.4455948345,47.7050564101,2.13162820728e-12
-73.8367359545,52.0623025804,1.38223800299e-12
-71.4082187439,49.5256491219,3.5857370121e-12
-71.1880854142,35.6854970647,0.0
-71.4278278336,44.7129440714,3.0451721647e-12
-73.062433213,49.7608720654,4.26325641456e-13
-74.1323695162,52.5569493436,1.27897692437e-12
-72.1733936586,44.4433311797,3.88492057485e-12
-71.8743328859,34.2089205037,2.25833679299e-10
-70.0017689833,46.1702981102,8.52651282912e-13
-69.7372125669,43.9200325127,1.05081946704e-12
-72.591497274,38.7422302056,1.4415487037e-12
-74.1492687472,30.2368083676,1.29561257239e-12
-70.0450804794,44.4461302421,2.13162820728e-12
-73.4061201549,45.8458445559,1.80577760538e-12
-73.3862926523,52.5438518865,1.38009751798e-12
-72.8707888774,44.2406249711,2.98427949019e-12
-72.335644801,50.6263791099,1.78903048186e-12
-69.2296512091,40.3104560707,1.07226888689e-12
-70.0278207484,41.8029769849,1.27897692437e-12
-71.4015623366,46.9099573426,4.30286477365e-12
-71.8601259691,49.3690594355,2.13162820728e-12
-70.5273678811,43.516730759,0.0
-70.5628823848,44.6867449184,7.41104180903e-13
-71.3538170461,39.3461382086,1.27897692437e-12
-72.3005418911,40.6850679177,1.27897692437e-12
-71.1642531432,41.0768229976,3.41060513165e-12
-71.9383222224,50.1586795149,7.01530721556e-12
-70.5577108087,38.26225694,4.73712938153e-12
-69.8995569564,44.4082341977,5.96855898038e-12
-71.4940018134,40.2186018926,4.26325641456e-12
-73.8457352792,52.2505870591,1.78340736342e-12
-75.487648737,54.1101677628,1.78512762067e-11
-71.5184945378,46.1210277179,2.13162820728e-12
-71.1338857503,42.7180175187,8.52651282912e-13
-70.593916737,36.3385537659,4.26325641456e-13
-72.6807002537,49.7725441685,1.70530256582e-12
-71.001671391,35.2738341794,8.52651282912e-13
-71.331535919,41.5734536072,1.42921804339e-12
-72.9950164384,45.4778563164,1.0413732171e-12
-72.947572471,31.3912590706,1.04331023582e-11
-71.3789405276,44.4399745114,1.81070967864e-12
-74.1843749237,53.9564503491,1.77757130639e-12
-70.9723910992,43.7009255668,9.39939916068e-12
-70.6741514133,36.0301945279,2.13162820728e-12
-72.0634883431,50.0613722987,4.26325641456e-13
-76.022187923,56.1879007256,1.95155474375e-12
-74.3372548722,52.9863203821,5.91032957717e-12
-69.988066474,47.0488133157,2.62310125376e-12
-71.4505410391,36.083814393,4.31858545167e-12
-72.5096166942,42.884292852,5.11590769747e-12
-71.5331513189,42.6557913202,0.0
-71.6149789134,42.6088748997,4.26325641456e-12
-73.4911871372,33.712802494,3.9019340019e-12
-70.3577130499,37.4100076655,2.13162820728e-12
-70.3808575316,43.6791604404,1.41987428983e-12
-69.9008918844,38.1474716652,6.00610746863e-12
-72.671110584,40.9839495369,2.63769351507e-12
-72.7372438217,45.0598362302,2.44843424232e-12
-74.9149053684,52.9745920198,4.410202441e-11
-71.5060985799,39.0152715085,3.89370423714e-12
-71.6936829444,40.2647363791,1.27897692437e-12
-70.9694510073,38.3132643032,2.55795384874e-12
-72.5319773619,49.3253771039,1.77945401409e-11
-72.2993128244,40.3384136517,4.26325641456e-13
-72.5693615801,49.2781591437,2.13162820728e-12
-70.8804227511,36.3650820057,1.09473122963e-12
-70.8863643826,44.2250329909,4.26325641456e-13
-71.234448198,44.8595620439,1.27897692437e-12
-70.8842232769,42.7302254802,1.05796592034e-12
-72.5323326308,34.5546692164,2.13162820728e-12
-73.339019214,30.0462792879,1.47666307574e-12
-71.0085471596,34.1623309056,1.84548750496e-12
-70.4638091928,41.8934994995,3.46916056163e-12
-74.6143665302,53.2517418236,7.2825144976e-12
-72.4392568991,45.2478349304,9.45569506248e-12
-71.9285113343,48.4038969866,5.23967373558e-12
-74.994741932,27.0888196333,2.46461018964e-12
-71.0107581172,42.2296816133,1.06095171779e-12
-71.536612842,43.4079779703,2.63188628883e-12
-69.5886577306,43.6429928224,1.05248926755e-12
-71.572610568,33.5812644149,6.13531253512e-12
-70.9498948077,51.3050073265,8.52651282912e-13
-72.3042801939,42.8963295523,6.84975077025e-12
-74.7295101624,55.1409772257,1.77357203269e-12
-69.6570476993,46.1262881545,5.5736496063e-12
-73.67108306,49.1738202351,1.01869904518e-12
-71.6597020107,33.9979852341,2.55786056699e-12
-70.6064070335,48.4564688089,1.39840516229e-12
-71.1169243171,34.4935426339,1.70530256582e-12
-69.8623905178,45.341610625,7.35476807492e-13
-71.1541034947,37.2926887768,1.70530256582e-12
-70.8425329628,46.8247671155,3.60467779979e-12
-72.7254160159,36.7278662396,4.26325641456e-13
-70.8408996362,35.1957395996,5.71474746794e-12
-72.6831707778,43.8321828619,1.41919102411e-12
-70.9003561623,45.5117780036,4.26325641456e-13
-70.888579795,36.5308853438,7.06686714792e-11
-73.1775534892,31.0912724957,2.39411297217e-11
-72.7548885689,32.4593687183,0.0
-70.0763844777,41.5584466098,4.26325641456e-13
-73.1314036039,40.9714159193,1.4318654377e-12
-72.6360535711,48.2671040666,4.00132515275e-12
-70.9925310474,46.6257303586,3.46050819759e-12
-70.71302201,42.2211942913,1.4082909155e-11
-70.8620736874,44.7947408717,5.02863639753e-12
-72.8643910655,33.2925984047,1.66097914007e-12
-72.303901278,47.2129514397,2.62270532745e-12
-72.3011437883,46.5144159626,2.55795384874e-12
-72.5652534732,46.6665041023,4.58262367155e-11
-75.5211064616,27.0664768788,7.39397043303e-12
-71.4450640887,46.4221990612,1.02991223118e-11
-73.187677769,47.2983092238,3.200535349e-12
-69.4270247992,44.6226255511,2.62895859318e-12
-72.3336712884,43.8570150834,1.05119958402e-12
-72.6724083142,32.091365948,5.58911135272e-12
-70.5105059988,46.9662632157,2.13162820728e-12
-72.4031466668,45.7333586785,5.99815796626e-12
-72.6143449519,50.5097859274,1.27897692437e-12
-72.0108598179,45.8405571623,4.26325641456e-13
-71.9219353042,39.3496188817,8.52651282912e-13
-70.6546275554,40.595970937,3.05370154743e-12
-70.2758676496,44.925132408,3.04473006339e-12
-69.5701468939,42.4296434601,4.68958205602e-12
-71.9737997429,49.8737724585,0.0
-72.2673182666,44.9249393603,1.41429894503e-12
-70.7051630846,40.978289137,4.31158040184e-12
-73.6166515885,30.4732678714,4.71152532927e-12
-72.026065217,41.2038319802,5.11590769747e-12
-73.5781534813,31.1319898922,3.07223157812e-12
-72.7269957603,42.9157369362,2.13162820728e-12
-71.595174688,43.6219853518,1.81357176446e-12
-71.8032510602,34.2280558622,3.06641745548e-12
-71.4665586097,47.390210206,6.42088488668e-12
-73.5558700167,52.5199394536,3.15953236948e-12
-72.4075691748,48.5220227873,1.27897692437e-12
-71.1957996515,47.6965283616,4.30170863455e-12
-70.0174394646,45.5976217107,1.41127833215e-12
-70.5929061763,36.196743677,2.51916354246e-11
-72.2604506834,33.0691698843,3.90289562883e-12
-73.1833444257,50.5621213999,4.98978356924e-11
-74.2809915686,54.6533584547,2.60508165866e-12
-71.6825865054,47.1305828859,0.0
-73.0834568766,41.9846592637,5.11590769747e-12
-73.160133723,47.3937740555,4.72497070869e-12
-70.6743936455,40.0616122769,4.867814443e-12
-71.320384257,34.8893799891,0.0
-71.9210597296,43.4688328513,4.73023322653e-12
-72.7885045524,53.8581781085,4.26325641456e-13
-71.3617432766,36.2045801191,3.8369307731e-12
-70.6399212035,43.0923642044,4.7307372231e-12
-73.378967138,30.3854174316,8.50154461492e-13
-69.5026929327,39.6469560302,4.31351265764e-12
-72.143781343,35.3429876591,2.91171247367e-12
-72.6971534478,50.8402913548,1.7882868783e-12
-70.8547228842,45.5717679318,2.98427949019e-12
-73.4208597095,49.6759581101,5.51758955046e-13
-73.7592541129,53.1818234463,2.98427949019e-12
-71.5342978427,38.931536685,4.73625525692e-12
-74.6758198487,53.4495829118,7.86187073854e-12
-70.3038181501,46.1386789511,8.52651282912e-13
-70.2576371734,38.5286439491,8.67284536685e-10
-72.2613486668,49.4029832171,5.14590806643e-12
-72.2051965315,49.9058786341,2.20122694284e-12
-71.534211801,48.6812811182,4.82284957567e-12
-72.5085359816,37.364428048,8.00627121813e-13
-71.8495639267,34.2238622245,1.27897692437e-12
-72.5601664624,49.8118211149,1.0147668703e-12
-71.0681329952,41.3888893155,3.41060513165e-11
-70.2308815843,42.9386804867,5.11590769747e-12
-69.5221392068,41.4071367602,2.55795384874e-12
-70.7949411999,37.1393280909,2.40285493351e-11
-73.9612196474,51.0240405193,6.85116726048e-13
-71.2497491438,45.5165810647,1.41164253403e-12
-72.067683978,34.6901136988,2.65229134015e-12
-72.4785967398,35.0369028802,6.12970401113e-12
-71.0787256027,36.979592915,6.85513395809e-12
-70.5548319075,49.0677064941,2.61824253568e-12
-73.2307525671,36.9294541933,2.13162820728e-12
-70.6631981565,41.6068972798,8.52651282912e-13
-71.3677719524,49.0299079269,5.38380718864e-12
-72.073977535,43.5884896017,0.0
-73.2086030632,49.6796241523,0.0
-71.1032288033,47.9144157375,0.0
-71.7879798645,50.0483876028,1.79104356106e-12
-73.2287637468,53.0062026183,1.02612926148e-12
-72.8353406532,46.8945131047,1.13268340761e-11
-70.5445506625,39.3715190351,1.120255141e-10
-72.1187748912,43.9203542078,1.27897692437e-12
-71.4658151979,44.5601960045,4.30632589611e-12
-73.7276679866,30.4345003816,3.51930369502e-12
-71.4478827721,33.9327438394,1.10791893019e-12
-73.2835174075,30.5013325082,3.90663049393e-12
-72.32586205,39.3357166348,1.82837892085e-12
-70.0212794331,39.6701918167,2.64080941371e-12
-69.8649489859,43.3652153622,3.4664775572e-12
-71.9736944874,32.7117840365,3.90342540878e-12
-69.8281396609,39.2086672108,3.41060513165e-12
-70.9093265237,50.0204512128,1.39137025595e-12
-71.0559967909,40.5625185207,1.70530256582e-12
-72.6414754127,49.3943735227,5.65227522907e-12
-71.8268604743,39.8058970037,0.0
-70.7572515244,40.0817817784,2.00797416967e-11
-71.6747696683,52.357195643,1.38092648241e-12
-70.2233710689,42.0170856724,3.88887208406e-12
-72.2594812387,31.6538151452,6.64299721583e-10
-69.1808981575,43.8556547977,5.96855898038e-12
-72.9415724374,47.0229278929,5.1488223401e-12
-70.4846840996,37.3245745951,5.29258570884e-12
-71.3805471023,33.3170815733,4.20425121207e-10
-71.4676180518,38.4442408425,5.58232192033e-12
-70.1084890001,42.3810265685,4.26325641456e-13
-72.0432715738,32.989763274,1.46535299173e-12
-72.7663492653,44.8061188601,6.08995608501e-12
-72.8629106933,33.7909983063,0.0
-73.1053203845,49.1901942899,3.45582918289e-12
-73.1009196747,46.0623632625,1.70530256582e-12
-73.4795654195,49.0777692851,4.26325641456e-13
-71.6803244612,48.3724050311,7.08920078397e-13
-71.9417059631,33.1977951619,5.72298874896e-12
-71.9755214167,49.8236129499,2.20146062684e-12
-71.0689726697,36.2207442078,3.80240221886e-11
-71.106546937,40.5235238274,2.31035507028e-11
-72.6065764985,43.1908507385,4.26325641456e-13
-71.0995993217,40.6451440315,1.43329493395e-12
-71.2884856998,46.2679960754,1.80429483758e-12
-71.4103987662,34.4677791173,2.55795384874e-12
-72.7003817488,51.7026178899,4.39229853107e-12
-71.4992539379,39.5948159575,6.8212102633e-12
-73.4120946952,47.9744743118,1.71438372622e-12
-70.2691835936,46.8863915899,2.55795384874e-12
-74.0608275394,52.8880085234,3.98334920025e-12
-73.2919900411,52.6533193492,3.56404466444e-12
-71.2270719988,44.9674744888,8.52651282912e-13
-71.3299002006,44.5889554949,4.26325641456e-13
-74.5788823787,53.7997837483,1.98051541498e-12
-71.993549626,33.7778540786,1.27897692437e-12
-72.6311709512,32.9746346201,1.11295415322e-12
-72.9948730242,51.8399227491,2.00454803087e-12
-74.6002691775,55.3696622467,4.1030581235e-12
-69.7992652287,41.6167738764,1.06458942732e-12
-73.1469630819,51.6576519788,1.70530256582e-12
-71.6856344353,32.6750663204,1.42109370951e-09
-72.8509337963,50.355559608,4.56496168065e-12
-72.8977774588,49.8935932649,3.41060513165e-12
-70.5462740124,42.0819164523,7.63035789531e-13
-70.9598689207,38.6284093194,6.1682903269e-11
-72.8904684819,47.3686683287,4.60181784199e-12
-72.3870363845,31.8083443907,1.06344107118e-11
-71.31256327,44.349758285,1.04822296703e-12
-72.2366864854,41.9923854769,3.8369307731e-12
-72.8353881526,33.1988984174,1.11178408058e-12
-71.9720457082,41.9733416533,4.68958205602e-12
-70.2514220317,40.0433592928,1.07382576382e-12
-71.902203886,41.2324177886,2.6371013206e-12
-71.8919671507,44.155290908,1.41774675554e-12
-72.2597053916,40.0517937159,4.26325641456e-13
-70.2740923376,50.3623382705,4.39986406878e-12
-70.6749368387,43.512370879,6.8212102633e-12
-72.3787961764,48.1746672072,8.52651282912e-13
-70.9250413976,40.3223141616,5.11590769747e-12
-72.2739411274,32.3892606345,1.70530256582e-12
-72.3277765212,41.8395548921,3.8369307731e-12
-71.7489947802,46.346224202,7.45953481033e-12
-70.5687046693,41.3508717809,3.47014587373e-12
-70.8248126082,43.9044854473,4.26325641456e-13
-73.4023523222,45.2363576403,1.47276827621e-12
-72.0117577153,35.2078018492,1.29594125304e-11
-70.6880415234,47.0829292966,4.26325641456e-13
-74.6302316574,54.1252866507,4.70850479134e-12
-71.2610669026,47.6379266048,7.1542703168e-13
-72.6648038773,46.453814397,2.13162820728e-12
-73.5695643211,47.2051675605,4.30243060063e-12
-72.222150596,42.4805646543,5.54223333893e-12
-71.0861263478,37.6429726606,8.95283847058e-12
-71.9006645824,45.1038180113,3.04435770869e-12
-71.1361680099,38.3860666677,8.91680224607e-11
-71.882152352,48.9251990754,1.39629464476e-12
-74.9282832366,27.9006328399,8.6578017864e-13
-72.1094337972,38.8170878862,6.5314594e-12
-70.9815061472,36.5664488832,1.4507796769e-12
-71.6034478854,41.5475719812,5.11590769747e-12
-71.8411771452,34.9644023934,1.46109082498e-12
-73.8373828216,53.0575250521,2.36522237976e-12
-71.4539495845,38.7499514719,3.05746776261e-12
-75.0355018401,54.151191969,3.33917839996e-12
-72.2717318399,37.0093947237,7.37435632985e-12
-70.8007191328,40.1567733221,1.27897692437e-12
-69.8834661967,40.0152892305,7.79866617151e-13
-71.7294734285,51.3092829932,1.38559644593e-12
-69.6543128507,44.3250254885,1.70530256582e-12
-70.8490597826,45.8446153231,6.39488462184e-12
-72.622951541,31.3217363942,2.76047772873e-12
-71.3972557725,34.1277388152,3.66433111562e-11
-72.0382986584,49.0279155965,4.29975827303e-12
-71.5661174757,38.884733894,1.08052242141e-12
-70.8226642926,45.2636665767,0.0
-71.5699437637,40.0394298751,0.0
-70.0230197664,40.4830592136,1.37804534701e-11
-72.9868355839,48.9210700638,2.14899251151e-11
-73.6153078326,51.0623744271,1.70530256582e-12
-73.908684241,54.1502842811,9.8811912335e-13
-70.760284111,46.1331315328,2.13162820728e-12
-70.1604199078,40.9251306245,0.0
-73.2048806186,34.970386912,1.10236159886e-12
-72.854441979,49.307875959,1.01787295124e-12
-72.5290571213,36.2554403979,1.70530256582e-12
-72.8135117591,30.909759254,2.24694257283e-12
-69.678454965,43.4331198803,3.41060513165e-12
-71.7291796309,40.0367696931,7.67386154621e-12
-72.4665551038,35.8104239481,1.70530256582e-12
-73.6786486344,52.1816088179,5.22167042446e-12
-71.605759019,42.9272219184,3.46727740116e-12
-73.9250944921,53.371379921,5.90398048677e-12
-71.5965935266,36.833298616,5.11590769747e-12
-72.927500491,46.8079975725,1.40583178219e-12
-70.8852076991,42.5635221613,1.19371179608e-11
-70.5439196784,46.8187458476,3.60472010468e-12
-71.7994046333,48.8070372892,1.70210217319e-12
-71.3019152821,36.2098844738,6.00807768371e-12
-72.2701104701,47.5764804721,0.0
-69.9072113722,38.1398498991,2.19074549742e-11
-71.2233126494,41.5462795514,4.26325641456e-13
-73.6619603574,29.9349554138,2.25653642721e-12
-70.3512386966,40.9441592122,6.00320709109e-12
-71.7196456865,47.2047788966,2.96946298464e-11
-73.1204521392,47.8954969259,3.81755036514e-12
-72.2388433419,45.4426415492,1.04158770752e-12
-71.5495021487,43.3302864719,4.73041875727e-12
-72.5380267599,40.6550841855,2.13162820728e-12
-71.8040606476,46.416878247,1.19948709477e-11
-69.9063995258,47.7692385533,2.20732016819e-12
-70.4077812261,50.0956482657,8.52651282912e-13
-70.3271596141,39.6188476471,1.07629030567e-12
-71.1687761305,36.2418296415,2.23981103737e-12
-70.9872124895,38.6716971127,7.70268168857e-12
-72.2381931502,38.7466107664,1.83037790332e-12
-73.348200778,50.5543294538,5.55590074559e-12
-69.7224095343,43.9580713909,2.55795384874e-12
-69.8922319017,44.7137931692,2.55795384874e-12
-71.0736856586,43.1029601904,1.27897692437e-12
-68.837231192,44.1305341557,1.41785748773e-12
-72.5317815385,47.7750041406,4.30159342e-12
-69.5085506292,40.8356760251,2.98427949019e-12
-71.0777047776,35.8396031445,1.27897692437e-12
-75.6569930748,26.4547048372,4.46840090517e-12
-71.4378249397,37.220000637,8.01729670288e-13
-70.5800909459,48.8218969407,4.26325641456e-13
-72.3531953916,48.9445477761,1.39620755463e-12
-71.1990967635,35.362991134,6.00892603943e-12
-72.0784347651,35.6161810285,3.89903787493e-12
-71.9541376703,47.5949063999,3.4915591229e-11
-72.5155600951,36.7668149629,4.31762658924e-12
-71.419369026,35.2669927365,1.4561685933e-12
-68.77232585,44.3945911363,8.52651282912e-13
-72.9302259885,51.8743435704,1.38307507322e-12
-71.6253115886,46.6902861045,3.61157260186e-11
-71.2380685978,38.9470950275,6.42917493229e-12
-71.5522122674,40.3992893356,3.8369307731e-12
-69.9774781595,47.7130016475,4.26325641456e-13
-71.486161094,45.8469997037,4.55791514116e-11
-68.5723836736,43.6174269191,0.0
-70.5297566973,39.659412883,1.27897692437e-12
-71.8252281651,45.8626579572,4.26325641456e-12
-72.853582337,41.6031511659,2.55795384874e-12
-70.00555081,47.278739815,0.0
-69.7116264872,41.1083013645,0.0
-70.8070618777,36.8224205217,1.70530256582e-12
-70.3868852116,40.07022813,1.43580418708e-12
-71.0866908701,47.5089022258,6.91778583372e-12
-73.1299516804,39.496745918,2.23086236152e-12
-73.5397192109,46.3910209861,4.83483552127e-12
-72.6441787056,41.2496222422,0.0
-71.7624553121,39.8307672313,3.41060513165e-12
-69.8287564848,49.0306724899,2.98427949019e-12
-72.2935736527,45.9652068931,2.55795384874e-12
-73.3390320821,48.7692325286,1.79551519314e-12
-71.0772232455,45.5862996099,4.68958205602e-12
-70.0239987889,41.4880860012,0.0
-75.8001459187,55.146538785,1.11320374953e-11
-70.3241624049,40.7005960935,2.98427949019e-12
-70.428435826,45.0055442983,5.99892765892e-12
-72.0627791426,46.7527801744,5.99708067466e-12
-72.7574287167,47.8338228979,4.59606642883e-12
-71.3232125469,42.893567499,1.05698879899e-12
-72.8478419293,52.7021480386,2.36888918778e-12
-72.3718389982,32.2940548306,1.85136518719e-12
-69.6988820716,44.9386828151,7.38944313247e-13
-70.3317768817,39.4668668961,1.70530256582e-12
-71.2867152664,35.8054166718,2.13162820728e-12
-72.2862941038,43.1133350758,1.81534738913e-12
-73.496859998,48.9824936751,4.26325641456e-13
-73.6394409093,49.0502946314,5.58824484949e-13
-71.2931163646,39.3591997753,6.36899287353e-11
-69.6005062503,39.6615955316,0.0
-71.4841798735,38.3641794626,3.41060513165e-12
-70.9002477493,40.6242051023,5.54223333893e-12
-72.513716976,44.1136397891,1.41793304636e-12
-72.8636528589,42.7427479005,0.0
-71.8942131663,41.0205083608,1.27897692437e-12
-71.1895553997,42.9936777384,1.81576456232e-12
-72.1025776009,36.2267932872,2.23985165008e-12
-69.8684797441,39.8804178314,5.157580321e-12
-69.6175052993,41.7787720721,3.05126508133e-12
-72.1365769297,44.8804400863,6.08964637632e-12
-71.6798724595,39.9539252863,4.26325641456e-13
-73.5571183451,34.2656467521,3.06634509428e-12
-70.9939912266,35.8643074285,3.45400913265e-09
-73.6549384079,50.1301408319,3.78431762972e-12
-73.7409217141,29.675744228,2.05653144049e-12
-75.3648518209,56.2381382353,1.2748201087e-12
-73.2735764068,53.0097468483,6.89016339062e-12
-71.7145510038,49.8182624634,1.01472716525e-12
-71.0870115524,43.7514096405,7.49065247684e-13
-76.1602160399,56.217585721,3.90239566933e-12
-72.9645529973,30.9631754019,4.81796989706e-10
-71.0622968721,41.0998104242,3.05266557926e-12
-72.9554885363,47.0409238167,1.72809449018e-12
-73.1387544826,39.4289135685,6.00478551217e-12
-74.611770903,28.5021070108,3.15038838259e-12
-72.3274908238,33.8395540669,1.70530256582e-12
-70.5000386938,45.5436844727,1.80683858195e-12
-69.4636256815,45.3386390941,4.26325641456e-13
-71.8180120052,33.6130912718,8.37561938688e-12
-69.0335387043,45.776189841,2.13162820728e-12
-68.9085754161,44.6928378301,2.13162820728e-12
-70.5173656691,40.0188450394,1.43602782805e-12
-70.4211398965,43.6038959165,2.55795384874e-12
-71.9809632364,44.5523100065,5.9994069558e-12
-69.6417872291,39.9871836675,2.22949061725e-12
-70.903087502,37.2914279833,2.89546229306e-12
-71.2642458678,38.0768682573,2.64454695876e-12
-70.5169748724,41.6341552484,9.80548975349e-12
-70.4033614559,42.3298178815,2.55795384874e-12
-70.7615100126,41.7040791687,3.41060513165e-12
-71.7706315313,45.0582099181,1.70530256582e-12
-74.5663289657,55.9902414729,1.36500246714e-12
-72.3835306336,46.5709219791,3.20628446048e-12
-70.5586681953,38.6457564002,8.52651282912e-13
-70.5357128998,40.0301423421,2.63995845603e-12
-71.2135551768,46.3913773073,6.84651507006e-12
-71.0240964945,40.7365289156,5.54223333893e-12
-72.5630725085,36.9288900933,2.55795384874e-12
-74.8652569356,54.7849818551,1.37022975678e-12
-69.7110901986,40.4652687917,2.63892691569e-12
-69.7539512232,45.707473922,8.52651282912e-13
-72.7613772624,46.2882085096,2.13162820728e-12
-70.8584643323,38.7293803818,9.82802468272e-12
-69.7842743872,38.6237591805,2.64326983853e-12
-69.692015791,47.9003632115,1.70530256582e-12
-70.8616138988,36.5205136562,1.89575176477e-11
-71.9040349247,50.4791229582,0.0
-70.8552755432,42.6351739709,1.42452160253e-12
-72.5211751508,47.4549975578,1.2293618736e-12
-69.2978345783,45.318398899,3.41060513165e-12
-72.4532700086,49.7443785497,1.68822625652e-12
-71.8720097292,36.6144871152,5.70875952235e-12
-69.4420910988,45.2143941989,0.0
-73.3130825409,53.3205175814,1.70530256582e-12
-73.5467752986,51.8944659394,9.28805087279e-12
-72.9087114085,51.5540912506,0.0
-73.841699005,51.5787541248,1.27897692437e-12
-74.074573068,50.2346692919,1.79039417952e-12
-73.311751986,51.1051809236,6.18088338184e-12
-70.4807820345,40.0960010725,1.07351929569e-12
-73.3665416094,33.2806466238,7.38641799487e-12
-69.9064015134,41.9957001247,8.52651282912e-13
-73.9280168515,54.1100773174,3.72570455984e-12
-76.1556818329,57.1340576252,0.0
-71.196621962,43.2716399861,4.26325641456e-13
-72.7594810177,45.8574314302,1.74536466549e-12
-72.7937579199,45.8559626118,1.80574207206e-12
-71.4026093204,35.3848233869,8.52651282912e-13
-71.9216383122,42.6705690805,6.84995924546e-12
-71.2312366917,44.2785313319,5.96855898038e-12
-73.2659749365,51.668754958,3.98003027805e-12
-73.3686218344,49.0975452434,1.79436566646e-12
-71.8885996039,45.4564161201,4.68958205602e-12
-70.2851072921,39.7964421576,4.26325641456e-13
-72.4668557665,39.9834701554,8.55150612602e-12
-71.272685023,46.0036689415,1.79936165347e-11
-69.8220512115,46.9331689529,3.4599455925e-12
-70.7820114023,40.4976218665,1.07117512986e-12
-72.2757961847,39.3421783721,1.07788981415e-12
-70.1302662526,45.4054499173,3.8369307731e-12
-72.3425167784,49.4216039229,2.55795384874e-12
-71.6580658921,42.7116994336,1.27897692437e-12
-71.7921947143,47.545292663,2.20796098359e-12
-72.2002605997,32.9954372018,3.41060513165e-12
-71.1337923867,46.116114485,2.81789319629e-12
-71.0799327216,34.5223216554,2.31241824539e-11
-72.4023019857,31.3217291708,5.07381749699e-11
-71.3109652001,36.2508340295,2.13162820728e-12
-69.2153379476,39.9884124063,2.98427949019e-12
-73.6211811524,50.6354065188,5.94943060353e-12
-73.5054657568,51.8433902638,0.0
-72.6736036453,38.4279954778,6.11623821041e-12
-74.9648424411,54.0667104643,1.37337338866e-12
-74.2299197964,53.0877703046,1.75703789418e-12
-70.7620580551,38.085695271,0.0
-72.3964944205,45.510333196,1.41167060927e-12
-71.7886015516,43.1937170041,2.55795384874e-12
-71.0781084342,37.7923806634,1.08674536849e-12
-72.7205864131,49.7655269249,2.20162567996e-12
-69.6813938867,44.1810272398,0.0
-72.1661137186,48.5610861911,2.61945898881e-12
-69.5364396965,41.7246937634,2.98427949019e-12
-72.0114979296,33.6266201907,8.52651282912e-13
-70.8168696701,41.382521381,4.0446488553e-12
-70.6177503108,37.7092376894,2.23581338376e-12
-68.7500858869,40.6959233684,2.55795384874e-12
-71.3737764481,45.9082976578,3.0426810401e-12
-72.881804959,45.5626813423,1.80677188899e-12
-74.9033290495,52.8574535686,2.19291807633e-12
-72.9276088421,46.4496117866,0.0
-69.9796965851,39.999321276,0.0
-70.2219149777,37.6332522006,1.27897692437e-12
-74.449126798,52.1789093886,2.76343827033e-12
-73.65036868,52.4066125314,4.53987687065e-12
-69.2868200551,38.5660546744,2.6434048905e-12
-70.2007351059,42.5213049933,3.88805314776e-12
-71.0031768472,45.815604746,5.94272214062e-13
-71.1420396614,39.5250281039,0.0
-71.1990964907,36.1967737835,3.19136644799e-11
-70.0322099456,44.0545211934,6.12782107238e-13
-69.9676455389,41.9250965788,3.24279512735e-12
-71.7017853767,35.8915495702,5.36216385083e-11
-70.864320918,36.61016135,1.26595775472e-09
-70.9070328124,34.7018568508,2.02155443829e-11
-71.1828119362,35.0842772877,1.70530256582e-12
-71.0547647058,40.5541391851,4.26325641456e-12
-74.3155899526,53.2756806108,5.09855973582e-13
-70.3334643956,37.8830591567,1.50645170936e-09
-70.1794205116,39.6313230198,2.64090116904e-12
-70.4227227092,44.8043775481,1.04546808111e-12
-70.3639795719,39.345023221,8.42987783995e-11
-70.7288701656,38.8114495538,3.893760065e-11
-71.9208412526,48.2214535552,1.70530256582e-12
-69.9269018348,40.8880307331,1.06888646003e-12
-71.2277550642,42.5395579917,5.15433801208e-12
-71.1020810263,40.1398544986,4.26325641456e-12
-74.8554016325,53.6747911897,4.38130014528e-12
-71.5313046531,38.3422165685,1.68405106906e-11
-70.22453222,38.1385325468,7.94666199066e-13
-71.2761239276,37.8748896512,3.89551340529e-12
-71.5289627018,36.3073813032,1.82322871913e-11
-72.3018594808,51.5461789261,4.26325641456e-13
-70.6381908659,42.2400582721,7.67386154621e-12
-70.9413926174,35.3182266428,4.48458278252e-12
-71.2701865905,41.1208127241,6.42323144572e-13
-72.7621139543,52.3825426256,3.87206697978e-12
-71.0022378003,41.585430468,1.06477488834e-12
-69.2443123845,45.320554179,2.62727380322e-12
-70.1010016461,36.3492087534,4.26325641456e-12
-71.2730140047,39.5832348724,3.05577397224e-12
-72.5923667084,49.668087433,1.39468998888e-12
-70.8422321837,44.3117079877,0.0
-73.1178232551,37.3759055922,5.29234829784e-12
-71.9087338387,36.9601954217,2.98427949019e-12
-72.485041481,37.473088896,1.70530256582e-12
-71.753641983,40.9134183647,1.43211982083e-12
-75.4900108363,54.5319760898,2.26076352597e-12
-71.0330370927,37.3029511428,3.0639187046e-11
-71.1841119372,36.4360076273,5.51870565492e-11
-75.5203491515,55.9588319712,0.0
-69.4291791703,45.4039516727,2.62707242165e-12
-71.5379328117,34.3425891824,1.29629838132e-11
-71.3725689953,39.3947347336,6.00482093909e-12
-72.4353841919,38.4252934338,1.44290808653e-12
-72.471661644,45.874294919,1.26151253532e-12
-71.278284362,42.9181570523,4.26325641456e-13
-72.3478249257,41.1945643344,0.0
-73.2877715823,49.5240921624,1.01654038741e-12
-70.5475531708,48.6822683609,1.27897692437e-12
-73.1436209892,51.4638308022,3.38313042532e-12
-75.6280668335,55.2397357748,1.96299816093e-12
-73.2788254389,48.1486159718,1.39979188884e-12
-70.263777647,39.8837730856,4.33340623258e-10
-71.0023501798,37.4133129283,8.76523168001e-12
-71.1623340713,38.9407705101,1.33650117486e-11
-71.9897623775,32.9945375688,3.06876948581e-12
-70.3850766397,41.5561182831,2.63632860614e-12
-71.6623179114,41.4914100516,4.68958205602e-12
-71.1422904396,45.0057021201,2.21523668401e-12
-72.4290681284,49.0971747541,5.23634370503e-12
-72.6489767501,44.7026461177,8.52651282912e-13
-74.1246575687,51.6620617592,1.00336816005e-12
-72.0182796405,47.4577383228,4.72488512842e-12
-69.905377338,43.9558353788,2.63056671678e-12
-70.7662943761,45.4545054037,1.04151545016e-12
-72.4609726864,47.5139841986,4.30197673937e-12
-70.9212140458,48.8201998399,1.39676730081e-12
-71.860597768,43.8031862615,4.72978526663e-12
-73.5792192256,29.6787894571,9.02673158719e-12
-73.1698643149,32.1163984182,7.39005372485e-12
-71.0257472417,41.3732416435,8.48484534266e-11
-72.3758833608,51.3071530508,4.29644936756e-12
-73.8738069199,50.9047686374,1.70530256582e-12
-72.1757550536,36.5638266883,6.84844170963e-13
-73.0062844488,30.6894375508,1.45372612799e-11
-69.5025537458,44.2965338641,1.04854496976e-12
-72.9155263523,47.6064462675,2.62175665397e-12
-70.7745972551,35.1128644396,6.97486307813e-13
-71.4992118478,38.4079527185,4.87625306418e-12
-70.6475075534,47.7826290419,1.0272626777e-12
-72.1696129106,45.95592813,4.83711680572e-12
-71.9234574217,38.4810966142,2.98427949019e-12
-70.5234322034,45.0206630408,1.27897692437e-12
-73.1392233715,35.2030134536,8.52651282912e-13
-72.2325499844,44.1786101027,1.27897692437e-12
-71.9565226778,40.7495591392,1.06969931246e-12
-71.8905962072,32.134859267,3.90597480616e-09
-71.3739559543,34.7265559325,6.8571129514e-12
-71.4448768946,49.9840000887,1.09651211357e-12
-72.4286131585,36.3226195736,6.54081767803e-12
-73.1381722266,40.5018650209,0.0
-71.3528738193,37.3317653911,1.16891055996e-11
-71.8236397012,49.3202863897,4.81951881766e-12
-74.6873865784,53.4257090204,4.1285839508e-12
-71.5397384304,33.1540550336,2.24797902046e-12
-69.7490522517,43.2187841987,2.55795384874e-12
-71.0347996545,39.6049746504,1.83358123065e-12
-71.2282078736,48.2240297852,2.98427949019e-12
-72.242438174,31.6782924598,6.05996569306e-10
-72.3843518319,32.1201196735,3.47196087154e-10
-70.9826463556,46.4121948523,2.62463772879e-12
-71.2332003687,33.5625187414,9.61831639099e-12
-69.2751433557,39.2244347012,3.8369307731e-12
-70.5608221312,37.950645118,1.44493492128e-12
-71.9137851475,33.0799723751,4.09435738865e-12
-71.3158431469,49.8163481357,8.52651282912e-13
-71.1130243925,41.9927901914,6.85058423652e-12
-70.1998693894,41.1300669622,0.0
-73.0042095948,53.1576032965,9.9418528319e-13
-71.8902013125,38.2499053336,4.73714546765e-12
-71.0545246884,45.9031286554,1.27897692437e-12
-73.4450763648,30.7235552737,3.13497969261e-12
-71.6328112775,41.942298726,5.57840321224e-12
-72.0556247496,32.7369093027,8.79380694774e-12
-72.3606125836,43.8330901266,8.1235055341e-12
-70.8566960217,34.6832099149,5.25110277795e-11
-73.9607372823,55.0674828185,5.73251558649e-12
-73.3032284827,33.6109594907,8.52651282912e-13
-70.9293962797,42.7170627829,5.57752584514e-12
-71.0361884564,34.9601783213,1.53250062226e-11
-71.4217692441,46.4847631557,9.87554211464e-12
-70.5519079071,42.3782207077,8.52651282912e-13
-72.3027169888,43.8337211924,4.26325641456e-13
-70.0629509699,44.3728651627,5.15208458994e-12
-74.7779118811,55.0779954119,3.56622172344e-12
-72.1832448639,49.7377166169,7.57531612556e-12
-72.2793686131,43.7896133512,5.54223333893e-12
-73.4602048846,30.4416967964,1.08509786787e-11
-72.1390097799,33.2468271618,3.86449826425e-11
-73.1039032588,44.0221848723,1.70530256582e-12
-72.8330836602,48.2125365777,7.10339939786e-13
-72.1582694136,38.7837063434,1.27897692437e-12
-73.3450125249,49.927258926,2.78357748825e-12
-72.6209579273,42.1155539801,0.0
-71.3954372678,43.1911828891,0.0
-71.6159128632,34.6873048732,1.55433931386e-10
-71.0486374877,37.4929544227,1.27897692437e-12
-70.1169575123,39.9318305632,5.11590769747e-12
-70.7338852563,48.4637323323,4.68958205602e-12
-71.9670484473,45.9216204738,2.13162820728e-12
-72.1925289302,37.1816268427,3.67126285447e-12
-71.5137848802,40.8166224125,2.22715950785e-12
-71.8072488636,37.5697999893,8.63298074735e-12
-74.1503189111,28.3918068114,9.03900527688e-12
-70.3605966768,46.4897580787,3.46075710762e-12
-71.4087278112,48.4335802553,4.26325641456e-13
-70.6707549883,41.8402225923,3.05113809822e-12
-71.5741873255,45.1366159136,4.26325641456e-13
-69.6231988095,47.3111897663,0.0
-71.9736031709,46.0325350414,1.59507726011e-11
-70.795413913,38.3619418574,2.19064542952e-11
-73.7584071942,51.9461561818,3.16399170016e-12
-70.4507701879,46.2981755507,1.45436448726e-12
-73.0133755678,47.7416821798,1.27897692437e-12
-69.7310092628,37.4558905206,1.07437652186e-11
-70.9582407262,43.7403556856,4.26325641456e-13
-73.9166374342,52.5809548081,5.2197933275e-12
-73.2861111103,51.7134746711,2.00610367887e-12
-72.6003660457,51.0557838915,5.36261588737e-12
-70.616335122,37.3755047111,1.70530256582e-12
-70.6296871452,46.4676239726,4.26325641456e-13
-71.0888807197,49.6711677365,2.55795384874e-12
-72.1196105148,48.0796896062,3.59586519759e-12
-70.1572221692,48.0467179573,0.0
-71.8435889534,34.7907876457,7.17242671571e-11
-69.6142937648,39.3941459409,1.70530256582e-12
-68.840228184,42.3217680296,2.98427949019e-12
-71.0212644365,38.8227253923,3.8512801215e-11
-69.9108900954,46.6992791931,8.52651282912e-13
-71.3524378454,37.8572683232,2.23540654999e-12
-73.1921964033,50.7876251041,1.00875263792e-12
-71.1555653298,48.8037991407,2.98427949019e-12
-68.9666384486,40.9324205314,8.52651282912e-13
-71.6540420608,37.41132454,2.55795384874e-12
-71.3674123837,52.066231243,1.00088250661e-12
-73.983884044,51.5660754961,4.39306631011e-12
-71.3984767024,38.6198801886,6.46537716741e-11
-70.692164667,43.5141776672,2.13162820728e-12
-70.9786034819,41.4639067474,2.55795384874e-12
-72.2232960602,41.7590930485,4.68958205602e-12
-72.3718264444,46.308407266,4.42300783774e-12
-73.7032161958,31.5413248441,1.47100321846e-12
-71.5710918318,33.5405492439,3.06773384781e-12
-73.291844447,42.4193085025,2.13162820728e-12
-72.4786467109,48.9056446325,0.0
-71.3826660155,38.2465386863,2.23433383212e-12
-70.415183691,37.7934155292,5.7037097274e-12
-70.4510884392,39.3907033991,3.05616630107e-12
-70.250738958,41.4129945387,4.26325641456e-12
-72.8956026115,46.7047820016,3.41060513165e-12
-73.0900208459,38.8737551902,2.64268396222e-12
-71.0509943789,46.7161907456,1.03380750204e-12
-71.5052082708,48.2730744516,5.65726210704e-12
-71.3402587916,42.5870645436,3.41060513165e-12
-71.4431049775,39.3123467522,1.70530256582e-12
-71.6912558694,41.9502869297,1.06261255411e-12
-73.2377760714,50.213374265,1.39050428915e-12
-72.6716601194,35.3780714516,8.52651282912e-13
-71.2594773545,33.3106430643,5.19116625317e-10
-72.7650833454,51.7048627201,1.27897692437e-12
-70.7178453133,40.8588483599,2.98427949019e-12
-71.5186848136,44.0515677648,1.05002551215e-12
-69.3421145538,44.8187347553,2.21577208683e-12
-70.1373831663,38.1911219261,5.70199264083e-12
-71.307163083,40.1143427318,4.74343285418e-11
-72.4398952909,39.4797255663,3.0559849673e-12
-70.2505092498,37.8834443177,7.93499127399e-12
-70.3046821982,50.2004759377,5.95671462779e-12
-70.8440973511,44.6569255523,8.52651282912e-13
-70.5462268659,37.2612216169,1.28615803481e-11
-74.2132598883,54.477772346,4.1147156733e-12
-71.8541157175,37.2748872874,5.29281539627e-12
-69.9172116188,42.53465956,1.05913403761e-12
-70.0071993744,37.0366887538,2.13162820728e-12
-70.0410418138,42.9446038968,0.0
-71.9072711645,35.2383541934,4.89204763692e-12
-71.2914831244,40.517604039,3.41060513165e-12
-72.4093652981,32.2614929729,3.04669140245e-11
-72.1796596497,49.9715145201,1.79131169427e-12
-71.1488573584,38.6281700552,1.93664977682e-10
-71.7825934366,35.1307909873,6.00915712681e-12
-70.9106309562,44.7064307302,3.41060513165e-12
-71.9601901159,47.7804421185,2.13162820728e-12
-71.0850103554,40.7508266859,4.68958205602e-12
-68.4340843489,43.2870119406,2.98427949019e-12
-71.3247720638,44.9609116323,4.02377745614e-11
-70.1025942221,41.3735217173,2.98427949019e-12
-70.1898580642,39.3502558331,4.05721144477e-12
-70.6338129783,38.3812637183,3.59669530214e-11
-72.7064103587,34.8040626133,3.48172293084e-12
-71.7196257091,34.1234013725,6.6321373336e-11
-70.1110627531,41.0488134361,1.06794114892e-12
-71.849033997,34.0633644619,4.26325641456e-13
-71.0142510749,46.4426729615,0.0
-71.313062386,46.0520636474,7.2932451052e-13
-73.3915719937,49.5919421229,2.78659079325e-12
-73.3287218708,54.8811014144,2.95102014955e-12
-70.303324235,37.6625102722,1.27897692437e-12
-70.3292360175,38.2414063013,4.26325641456e-13
-70.8186034346,46.0745007275,5.57370851129e-12
-69.8906589178,40.6647039725,9.82679685135e-12
-71.2682762469,44.1768905942,2.98427949019e-12
-71.4462410235,33.8698853481,1.10825215649e-12
-71.1878826008,45.7777463995,6.92412218821e-12
-71.8681301005,32.4820183168,3.25276410988e-10
-73.8639424715,49.9994904019,3.17922767074e-12
-72.3104244666,48.2009321721,3.87879019276e-12
-74.0259605993,50.91491036,6.86104732291e-13
-72.5809677949,45.4946358912,4.26325641456e-13
-69.9541989683,45.7991331627,4.26325641456e-13
-73.1594741536,49.9171967406,2.98427949019e-12
-69.0905047916,42.7578479802,3.46758642754e-12
-70.2043094585,42.4842754139,4.30937847666e-12
-70.7107787175,41.2533083639,1.70530256582e-12
-71.5326048892,43.8841126967,1.70530256582e-12
-73.6264230793,49.3495332702,4.72236259053e-12
-69.1197638713,41.0129250923,3.24987145727e-12
-72.3172296807,42.9478010015,1.05666407885e-12
-71.7937160033,34.7655500373,6.32766327951e-12
-71.0945172385,47.3252288361,2.06014500035e-12
-68.9713397558,43.7197678411,0.0
-73.6003523317,53.8810433466,1.37418910981e-12
-72.5502857732,33.4972850185,1.46333671115e-12
-74.9759898415,27.3227479193,5.40384201662e-12
-72.489356552,47.0882452939,4.41853915627e-12
-71.1095660219,47.4386052984,4.41653272139e-12
-72.2927785286,35.2090227419,8.04115871898e-12
-72.3090259136,45.8311243527,4.26325641456e-13
-69.5038967046,43.8058168804,3.04706080242e-12
-70.6807913672,48.3696029092,4.26325641456e-13
-76.4080336227,56.5463208122,1.76889501078e-12
-69.6694234043,41.238223106,1.70530256582e-12
-71.6374684692,44.7225216722,1.70530256582e-12
-69.9083540738,41.8566606795,2.55795384874e-12
-70.8073432585,35.3507464225,4.26325641456e-13
-71.2116695983,36.7598884768,2.45394173117e-11
-72.6172340101,31.45749206,2.29268972691e-11
-72.2722892936,34.6814271771,1.64119245418e-12
-72.030213404,40.2135918848,0.0
-69.1625084636,41.6651521474,8.12519287567e-12
-71.6693109248,36.5242582766,1.45095619288e-12
-69.5199151388,45.6004512535,1.27897692437e-12
-70.9167915576,42.0184458244,1.19371179608e-11
-71.0721421612,40.8185509057,3.41060513165e-12
-75.3392662948,53.3798005868,1.82934910655e-11
-70.9245879399,34.4088113171,2.21076472863e-12
-70.8289213974,40.4509378623,0.0
-69.8300085185,41.0543040088,2.13162820728e-12
-72.0410014569,41.1715825075,1.81205532846e-12
-71.5412629616,40.5574367698,2.55795384874e-12
-70.9101839933,36.4532139739,4.31806775416e-12
-72.2364889185,42.8264981744,7.5684431607e-13
-70.9797199374,42.8576497589,8.52651282912e-13
-70.2720733337,40.3042273168,1.0723052472e-12
-71.7709008991,33.9484793017,6.13390878687e-12
-69.3223812482,40.7928251836,5.96855898038e-12
-71.4908387895,34.8577125191,8.193182796e-13
-70.8001086416,34.8724704224,5.71609685826e-12
-71.6773696923,35.0236296613,7.45025558628e-11
-73.1727143239,50.8309577197,2.13162820728e-12
-69.9934256191,40.0395361982,1.82597705008e-12
-72.6310940307,50.2359154005,1.01215272512e-12
-70.7844744974,35.7367938388,4.31906977914e-12
-72.4505146056,32.3866699703,8.6077835958e-11
-71.0192095983,39.8273418451,3.05527574982e-12
-72.6040547237,49.6298873437,3.41060513165e-12
-71.571719495,36.152395075,3.89820908729e-12
-72.4725982,46.8933154257,0.0
-71.0274798473,37.6422529051,3.93787002791e-10
-72.2488081966,45.1312197213,1.04348277489e-12
-73.6875957991,52.2738743835,4.94388210888e-12
-73.0551758876,43.9944417871,4.72952890509e-12
-73.3655881515,30.4954747693,4.53631108226e-12
-72.3096838035,48.7249915014,2.20458915715e-12
-72.1606395464,34.5951397988,9.98735292363e-11
-72.1239806309,44.2913763561,4.30672184176e-12
-73.4332312265,33.0213471159,1.84909927087e-12
-72.5245594331,50.4240197195,3.03331788357e-12
-72.9688472025,32.7144994261,8.52651282912e-13
-72.5284592957,33.4458762489,5.31010374868e-12
-73.0506687791,45.062798426,1.80852622614e-12
-71.2820251001,41.6556703936,1.06435919566e-12
-74.3553284546,30.0528618774,1.27897692437e-12
-72.5933456914,42.3642963311,2.22277813833e-12
-74.9100342619,54.1014502206,6.47089930835e-12
-74.693823936,53.956857846,0.0
-71.8649254071,34.1512093527,5.96855898038e-12
-70.1088360844,45.037540985,0.0
-73.5563304016,49.8512503874,0.0
-71.7019384509,36.6602303939,6.12332080771e-12
-70.3115345312,44.1417559072,1.27897692437e-12
-70.8853421959,38.7198215038,3.47487922303e-12
-72.4527889134,43.7657615943,5.96855898038e-12
-69.063175924,41.4675105677,1.06547211967e-12
-72.848807582,32.370237975,0.0
-70.2840246551,41.9634417211,2.13162820728e-12
-72.6244068158,31.90534842,2.34479102801e-12
-72.4120540082,47.1873519342,3.8369307731e-12
-70.7808093898,39.2286959084,3.05649598686e-12
-71.0778542686,42.8469669494,3.46742384867e-12
-71.1016539325,35.4890494187,3.29148345412e-12
-74.5416865697,53.8180417077,3.34459293207e-12
-70.3413493208,44.28077274,5.15219796207e-12
-73.0203185576,49.1962686533,3.18555034116e-12
-71.2586320463,47.0295490162,2.55795384874e-12
-71.1099201234,35.4739243377,3.49087239698e-10
-73.2349390967,49.824631819,1.70530256582e-12
-69.5645292833,40.9250661512,3.41060513165e-12
-72.5817836967,52.8392784762,1.27897692437e-12
-71.3677193417,42.5912392509,6.00147745727e-12
-73.8551541383,30.1936199057,5.73488150358e-12
-70.0741785053,41.7360536643,5.11590769747e-12
-71.2478470184,43.4681240029,1.05354150798e-12
-71.7525067592,36.5170879414,3.89764245214e-12
-70.5589756946,39.7433894944,4.73518883959e-12
-71.7643226039,52.2324041483,3.37050432543e-12
-70.5549987146,45.5524130418,7.33656348748e-13
-71.5814428772,34.8307128627,8.18904833664e-11
-71.4886368032,43.0360624896,4.30856853729e-12
-70.955380164,36.275901223,3.47918520276e-12
-72.252546565,44.9213860594,8.52651282912e-13
-72.2275056777,50.3687966913,4.29780605446e-12
-71.4532328089,47.7024412085,1.27897692437e-12
-72.5160934069,46.9001863977,2.62345985366e-12
-70.2888405214,38.4528463142,1.50552599941e-11
-72.0941747882,43.8183225712,4.26325641456e-13
-72.198742044,36.6901037158,0.0
-72.5639746893,50.1485329854,5.37208315903e-12
-70.7894637318,42.5120385388,7.24753590475e-12
-70.2559761147,44.098104203,3.41060513165e-12
-70.3812528821,36.5526022931,5.16155590812e-12
-70.6654627558,37.8163834299,4.87924225327e-12
-70.0064578599,47.2325462956,1.27897692437e-12
-69.7516022815,42.1268673364,3.46873607619e-12
-72.5413691921,42.9661385595,2.55795384874e-12
-70.4350501133,37.8532992359,3.11756405857e-09
-71.8665285748,41.1291711516,4.26325641456e-13
-71.3821463826,42.9930926337,8.52651282912e-13
-71.2609030965,39.9059376205,5.58069484004e-12
-71.9370507409,41.7699240208,6.35929305098e-13
-72.5530744961,32.1896095199,1.46849385683e-12
-71.7022805839,39.8897422262,6.39488462184e-12
-72.8004624987,43.7735629964,2.21876162976e-12
-70.1219304094,41.8866162394,3.8369307731e-12
-71.7149271507,36.5710228636,1.0935896695e-12
-69.8160134743,42.8082493481,6.42540582195e-12
-69.5407691849,46.1328054403,5.54223333893e-12
-72.093154149,46.0406345281,2.49033449796e-11
-71.5699243508,50.4425334699,6.18687802722e-12
-70.557244405,45.7938256628,2.21297865324e-12
-72.2071524972,36.7753373042,4.07281221744e-12
-71.7667344268,45.3857821743,7.27223410199e-12
-72.2587612603,46.5460969691,5.11590769747e-12
-72.4068010181,43.0041306411,4.26325641456e-12
-73.3818201973,45.5618260299,1.41143920935e-12
-72.3892121122,32.5168369772,1.11532614304e-12
-71.2960036656,41.2564750325,3.8369307731e-12
-68.5466494911,42.2961025688,0.0
-70.9221817325,35.4534415694,4.26325641456e-13
-72.4929248023,40.2196957316,3.47219090258e-12
-71.9412993996,41.1061156763,5.54223333893e-12
-70.3604291735,44.4829532078,1.04741665933e-12
-73.7554204986,49.6953725415,1.8613887798e-12
-72.8063682147,32.1329917121,4.74484136315e-12
